generation,train,validation,test,validmse,testAvrMse
0,0.784929065266,0.606347592523,0.309455850727,0.0282955922346,0.064328672782
1,0.794448569015,0.620654947389,0.295244304155,0.0270306041847,0.0656525706532
2,0.810928049993,0.652071059729,0.376657620086,0.0249588058634,0.058068391472
3,0.82513241911,0.687997395851,0.444885232497,0.022287316551,0.0517125462185
4,0.826088338432,0.687850955477,0.439631036341,0.0222962678343,0.0522020087179
5,0.821129955562,0.689878767656,0.439642132668,0.0221608334999,0.052200975023
6,0.823847851523,0.696207446848,0.422576185766,0.0217106672189,0.0537907788249
7,0.823847851523,0.696207446848,0.422576185766,0.0217106672189,0.0537907788249
8,0.822528384106,0.684100788665,0.430181531493,0.0223647563382,0.0530822914717
9,0.826838740272,0.693266219414,0.446616461992,0.021915770294,0.0515512709462
10,0.824002639225,0.693716925124,0.449096683025,0.0218460823268,0.0513202222473
11,0.821932791101,0.684073765471,0.451660605734,0.0225445426256,0.0510813761935
12,0.822677516064,0.696383618445,0.451935183375,0.0216175264366,0.0510557975028
13,0.816034907412,0.654315978261,0.456429625201,0.0244480537369,0.050637111054
14,0.816779632375,0.666625831234,0.456704202842,0.0235210375479,0.0506115323633
15,0.801178382386,0.620364402926,0.457087165618,0.0267193903838,0.0505758568933
16,0.819356211738,0.675349798353,0.454182404288,0.0230327900867,0.0508464542784
17,0.824509370463,0.692797732589,0.44913880718,0.0220562951645,0.0513162981086
18,0.819138573001,0.685279944659,0.427708833118,0.0223132012402,0.0533126393862
19,0.815216515489,0.656063479046,0.459310249708,0.0244297106843,0.0503687621708
20,0.824692672979,0.705836041907,0.456390256841,0.0209991040875,0.0506407784725
21,0.825180428466,0.719164939322,0.452568586969,0.0201839197337,0.0509967918438
22,0.823855305305,0.721831632642,0.45540708732,0.0199553638435,0.0507323670993
23,0.828757656068,0.721736344038,0.453214968557,0.01995124675,0.0509365772005
24,0.833660006832,0.721641055435,0.451022849794,0.0199471296566,0.0511407873017
25,0.833660006832,0.721641055435,0.451022849794,0.0199471296566,0.0511407873017,√
26,0.823855305305,0.721831632642,0.45540708732,0.0199553638435,0.0507323670993
27,0.823949582661,0.715373789207,0.468411054502,0.0205066494055,0.0495209630919
28,0.823855305305,0.721831632642,0.45540708732,0.0199553638435,0.0507323670993
29,0.822267178102,0.718810579683,0.45129759802,0.0202008156859,0.0511151927199
30,0.82312052729,0.71851084818,0.450475384223,0.0201949017732,0.0511917872756
31,0.810438113124,0.680220196756,0.454225801853,0.0227798114776,0.0508424115133
32,0.822385749275,0.715190063719,0.445543681126,0.020434439703,0.0516512074518
33,0.822419877015,0.714211448506,0.448129754807,0.0204850654057,0.0514102978913
34,0.822454004756,0.713232833294,0.450715828487,0.0205356911085,0.0511693883307
35,0.822159224191,0.713708233282,0.440230165721,0.0205206143717,0.0521461959246
36,0.820916193245,0.708548494795,0.435680274933,0.0209135155625,0.0525700478044
37,0.82018141523,0.705227710333,0.430748571836,0.0211530534923,0.0530294679807
38,0.82018141523,0.705227710333,0.430748571836,0.0211530534923,0.0530294679807
39,0.82018141523,0.705227710333,0.430748571836,0.0211530534923,0.0530294679807
40,0.82018141523,0.705227710333,0.430748571836,0.0211530534923,0.0530294679807
41,0.815740993666,0.707186717262,0.396696960562,0.0210250898494,0.0562015967456
42,0.811300572102,0.70914572419,0.362645349287,0.0208971262066,0.0593737255105
43,0.802419728974,0.713063738046,0.294542126739,0.0206411989209,0.0657179830403
44,0.79797930741,0.715022744974,0.260490515465,0.0205132352781,0.0688901118052
45,0.79797930741,0.715022744974,0.260490515465,0.0205132352781,0.0688901118052
46,0.79797930741,0.715022744974,0.260490515465,0.0205132352781,0.0688901118052
47,0.79797930741,0.715022744974,0.260490515465,0.0205132352781,0.0688901118052
48,0.79797930741,0.715022744974,0.260490515465,0.0205132352781,0.0688901118052
49,0.79797930741,0.715022744974,0.260490515465,0.0205132352781,0.0688901118052
50,0.79797930741,0.715022744974,0.260490515465,0.0205132352781,0.0688901118052
51,0.79797930741,0.715022744974,0.260490515465,0.0205132352781,0.0688901118052
52,0.79797930741,0.715022744974,0.260490515465,0.0205132352781,0.0688901118052
53,0.795467911428,0.707963225625,0.27243959601,0.0211217523755,0.0677769773398
54,0.795467911428,0.707963225625,0.27243959601,0.0211217523755,0.0677769773398
55,0.795467911428,0.707963225625,0.27243959601,0.0211217523755,0.0677769773398
56,0.79797930741,0.715022744974,0.260490515465,0.0205132352781,0.0688901118052
57,0.79797930741,0.715022744974,0.260490515465,0.0205132352781,0.0688901118052
58,0.79797930741,0.715022744974,0.260490515465,0.0205132352781,0.0688901118052
59,0.79797930741,0.715022744974,0.260490515465,0.0205132352781,0.0688901118052
60,0.79797930741,0.715022744974,0.260490515465,0.0205132352781,0.0688901118052
61,0.79797930741,0.715022744974,0.260490515465,0.0205132352781,0.0688901118052
62,0.781104262126,0.680519639278,0.280344002404,0.0230501905079,0.0670406305429
63,0.781104262126,0.680519639278,0.280344002404,0.0230501905079,0.0670406305429
64,0.79797930741,0.715022744974,0.260490515465,0.0205132352781,0.0688901118052
65,0.79797930741,0.715022744974,0.260490515465,0.0205132352781,0.0688901118052
66,0.79797930741,0.715022744974,0.260490515465,0.0205132352781,0.0688901118052
67,0.79797930741,0.715022744974,0.260490515465,0.0205132352781,0.0688901118052
68,0.7979516833,0.707258096811,0.273089095413,0.0210074693321,0.0677164722518
69,0.79797930741,0.715022744974,0.260490515465,0.0205132352781,0.0688901118052
70,0.79797930741,0.715022744974,0.260490515465,0.0205132352781,0.0688901118052
71,0.79797930741,0.715022744974,0.260490515465,0.0205132352781,0.0688901118052
72,0.79797930741,0.715022744974,0.260490515465,0.0205132352781,0.0688901118052
73,0.79797930741,0.715022744974,0.260490515465,0.0205132352781,0.0688901118052
74,0.79797930741,0.715022744974,0.260490515465,0.0205132352781,0.0688901118052
75,0.79797930741,0.715022744974,0.260490515465,0.0205132352781,0.0688901118052
76,0.79797930741,0.715022744974,0.260490515465,0.0205132352781,0.0688901118052
77,0.79797930741,0.715022744974,0.260490515465,0.0205132352781,0.0688901118052
78,0.79797930741,0.715022744974,0.260490515465,0.0205132352781,0.0688901118052
79,0.79797930741,0.715022744974,0.260490515465,0.0205132352781,0.0688901118052
80,0.783014318873,0.682601569187,0.278117096545,0.0227992362546,0.0672480812881
81,0.78618490315,0.68016991697,0.293648208218,0.0228629232883,0.0658012573568
82,0.783014318873,0.682601569187,0.278117096545,0.0227992362546,0.0672480812881
83,0.79797930741,0.715022744974,0.260490515465,0.0205132352781,0.0688901118052
84,0.79797930741,0.715022744974,0.260490515465,0.0205132352781,0.0688901118052
85,0.79797930741,0.715022744974,0.260490515465,0.0205132352781,0.0688901118052
86,0.79645921705,0.712674279283,0.266779457351,0.0207037108714,0.0683042560201
87,0.79493912669,0.710325813591,0.273068399237,0.0208941864648,0.067718400235
88,0.79493912669,0.710325813591,0.273068399237,0.0208941864648,0.067718400235
89,0.798803836371,0.710638062362,0.266721618008,0.0208316853245,0.0683096441306
90,0.806797416048,0.706345098739,0.240921615722,0.0210525201241,0.0707130819218
91,0.806533255734,0.711262559903,0.254028055551,0.0207066830439,0.0694921319217
92,0.779381508849,0.671508363823,0.286743325709,0.0235729037381,0.0664444920117
93,0.773996708807,0.668847649361,0.299379048824,0.0238258804717,0.065267392331
94,0.775161372072,0.661519297432,0.332052864589,0.0242639856323,0.0622236141668
95,0.796359488444,0.704027101429,0.290790549173,0.0213948535717,0.0660674668582
96,0.801872270234,0.695325128258,0.287599272463,0.0219300654176,0.0663647550119
97,0.801872270234,0.695325128258,0.287599272463,0.0219300654176,0.0663647550119
98,0.814301386949,0.706267156166,0.287356522008,0.0211825745522,0.0663873687935
99,0.799433451705,0.674970071509,0.294801544301,0.0233130753708,0.0656938166094
100,0.820282019783,0.707013841078,0.286211846287,0.0211118148791,0.0664940027719
101,0.820282019783,0.707013841078,0.286211846287,0.0211118148791,0.0664940027719
102,0.813847599666,0.692076419804,0.296845383084,0.0221501410616,0.0655034197515
103,0.820337642718,0.703380236185,0.293479861858,0.0213448315657,0.0658169399137
104,0.820337642718,0.703380236185,0.293479861858,0.0213448315657,0.0658169399137
105,0.810712004259,0.691193669634,0.284616591417,0.0222131968025,0.0666426111247
106,0.820282019783,0.707013841078,0.286211846287,0.0211118148791,0.0664940027719
107,0.820282019783,0.707013841078,0.286211846287,0.0211118148791,0.0664940027719
108,0.820282019783,0.707013841078,0.286211846287,0.0211118148791,0.0664940027719
109,0.820282019783,0.707013841078,0.286211846287,0.0211118148791,0.0664940027719
110,0.820514104163,0.704115384553,0.277061218227,0.0212877847275,0.0673464432116
111,0.820282019783,0.707013841078,0.286211846287,0.0211118148791,0.0664940027719
112,0.820282019783,0.707013841078,0.286211846287,0.0211118148791,0.0664940027719
113,0.820574583991,0.704614234355,0.291819854491,0.0212955042115,0.0659715803822
114,0.820867148199,0.702214627631,0.297427862695,0.021479193544,0.0654491579924
115,0.820867148199,0.702214627631,0.297427862695,0.021479193544,0.0654491579924
116,0.815598164542,0.689595309976,0.33293413688,0.0223776639857,0.0621415179288
117,0.821452276616,0.697415414185,0.308643879103,0.021846572209,0.0644043132128
118,0.821744840824,0.695015807462,0.314251887307,0.0220302615415,0.063881890823
119,0.821744840824,0.695015807462,0.314251887307,0.0220302615415,0.063881890823
120,0.821744840824,0.695015807462,0.314251887307,0.0220302615415,0.063881890823
121,0.82202353169,0.692302269692,0.319440252215,0.02219532686,0.063398560932
122,0.821744840824,0.695015807462,0.314251887307,0.0220302615415,0.063881890823
123,0.821744840824,0.695015807462,0.314251887307,0.0220302615415,0.063881890823
124,0.821744840824,0.695015807462,0.314251887307,0.0220302615415,0.063881890823
125,0.821960867493,0.693403819979,0.301898221719,0.0220701730313,0.0650327150131
126,0.822531252276,0.686819628619,0.286203615049,0.0224788084898,0.0664947695652
127,0.822176894163,0.691791832495,0.28954455613,0.0221100845211,0.0661835392032
128,0.822176894163,0.691791832495,0.28954455613,0.0221100845211,0.0661835392032
129,0.822176894163,0.691791832495,0.28954455613,0.0221100845211,0.0661835392032
130,0.822176894163,0.691791832495,0.28954455613,0.0221100845211,0.0661835392032
131,0.822602681602,0.689420834495,0.293578380038,0.0222648071822,0.0658077623053
132,0.823028469041,0.687049836495,0.297612203947,0.0224195298433,0.0654319854074
133,0.823028469041,0.687049836495,0.297612203947,0.0224195298433,0.0654319854074
134,0.823028469041,0.687049836495,0.297612203947,0.0224195298433,0.0654319854074
135,0.823034734941,0.686196859529,0.268871048861,0.0223446301618,0.0681094106855
136,0.81878198846,0.6817450192,0.278013153469,0.0226233147549,0.0672577642607
137,0.806932636872,0.656848176834,0.315393874778,0.0244558299464,0.0637755072726
138,0.79678383798,0.629027194096,0.321475651325,0.0264372948963,0.0632089502844
139,0.786635039088,0.601206211358,0.327557427871,0.0284187598461,0.0626423932962
140,0.787986548935,0.599559894511,0.296430377042,0.0285336934624,0.0655420802599
141,0.786565601789,0.593219745053,0.288521260797,0.0290367716022,0.06627886581
142,0.780430680068,0.5734446001,0.307499953956,0.0302252497697,0.0645108772704
143,0.783793144795,0.588525912443,0.311739195382,0.0294249161256,0.0641159643964
144,0.792480027767,0.613616182692,0.320025300489,0.0276834731639,0.0633440598852
145,0.805273526138,0.651405546379,0.318466735697,0.0250099141586,0.0634892503189
146,0.822647292082,0.701586086877,0.335038945909,0.0215270282351,0.0619454412965
147,0.822647292082,0.701586086877,0.335038945909,0.0215270282351,0.0619454412965
148,0.822647292082,0.701586086877,0.335038945909,0.0215270282351,0.0619454412965
149,0.827227559653,0.713977263688,0.353169720913,0.0207177013168,0.0602564418404
150,0.827227559653,0.713977263688,0.353169720913,0.0207177013168,0.0602564418404
151,0.827227559653,0.713977263688,0.353169720913,0.0207177013168,0.0602564418404
152,0.818569939888,0.689148868427,0.344383392795,0.0224357226728,0.0610749453743
153,0.818569939888,0.689148868427,0.344383392795,0.0224357226728,0.0610749453743
154,0.827227559653,0.713977263688,0.353169720913,0.0207177013168,0.0602564418404
155,0.827227559653,0.713977263688,0.353169720913,0.0207177013168,0.0602564418404
156,0.82471039455,0.703711857569,0.356811140659,0.0215479647769,0.0599172199391
157,0.822193229446,0.693446451449,0.360452560404,0.022378228237,0.0595779980378
158,0.822193229446,0.693446451449,0.360452560404,0.022378228237,0.0595779980378
159,0.81715889924,0.67291563921,0.367735399895,0.0240387551572,0.0588995542351
160,0.81715889924,0.67291563921,0.367735399895,0.0240387551572,0.0588995542351
161,0.814641734136,0.662650233091,0.37137681964,0.0248690186172,0.0585603323338
162,0.814641734136,0.662650233091,0.37137681964,0.0248690186172,0.0585603323338
163,0.816544488636,0.660231777164,0.365973051957,0.024959404551,0.0590637283924
164,0.814641734136,0.662650233091,0.37137681964,0.0248690186172,0.0585603323338
165,0.819154397757,0.663530631735,0.371747490737,0.0246787460561,0.0585258019135
166,0.814641734136,0.662650233091,0.37137681964,0.0248690186172,0.0585603323338
167,0.814641734136,0.662650233091,0.37137681964,0.0248690186172,0.0585603323338
168,0.814641734136,0.662650233091,0.37137681964,0.0248690186172,0.0585603323338
169,0.814641734136,0.662650233091,0.37137681964,0.0248690186172,0.0585603323338
170,0.804008943219,0.64142749456,0.357617360438,0.0261650340945,0.05984211533
171,0.793376152301,0.620204756029,0.343857901235,0.0274610495717,0.0611238983263
172,0.790980803666,0.60913688272,0.352753080527,0.0280935365277,0.0602952545985
173,0.793376152301,0.620204756029,0.343857901235,0.0274610495717,0.0611238983263
174,0.782743361384,0.598982017499,0.330098442033,0.028757065049,0.0624056813225
175,0.772110570466,0.577759278968,0.316338982831,0.0300530805262,0.0636874643187
176,0.788453381421,0.597418883486,0.355175760087,0.0288592411217,0.0600695662616
177,0.782743361384,0.598982017499,0.330098442033,0.028757065049,0.0624056813225
178,0.782743361384,0.598982017499,0.330098442033,0.028757065049,0.0624056813225
179,0.79313246434,0.62256050889,0.344969901446,0.0272730223474,0.0610203082839
180,0.814398046175,0.665005985951,0.372488819851,0.0246809913929,0.0584567422914
181,0.811646681421,0.663096322353,0.372458109409,0.0248008462267,0.0584596031686
182,0.803595092809,0.653265853032,0.372468955471,0.0255045575513,0.0584585927874
183,0.803838780771,0.650910100172,0.37135695526,0.0256925847756,0.0585621828298
184,0.809139004628,0.658830905895,0.371315398756,0.0251087282848,0.0585660540881
185,0.807424663217,0.657809098552,0.378843994419,0.0251865299861,0.0578647165018
186,0.801538883262,0.649273953114,0.37098540846,0.0257157359126,0.0585967948275
187,0.800118809472,0.643670278617,0.355628937281,0.026047285304,0.0600273498624
188,0.794027544721,0.64901468573,0.401337650081,0.0257794995914,0.0557692863743
189,0.794027544721,0.64901468573,0.401337650081,0.0257794995914,0.0557692863743
190,0.79231320331,0.647992878387,0.408866245743,0.0258573012927,0.055067948788
191,0.79176250607,0.640902867541,0.420058032508,0.0262920520369,0.0540253611571
192,0.79121180883,0.633812856695,0.431249819272,0.026726802781,0.0529827735262
193,0.789468044825,0.632346039549,0.421584014176,0.0267193587653,0.053883206053
194,0.79176250607,0.640902867541,0.420058032508,0.0262920520369,0.0540253611571
195,0.79231320331,0.647992878387,0.408866245743,0.0258573012927,0.055067948788
196,0.79231320331,0.647992878387,0.408866245743,0.0258573012927,0.055067948788
197,0.79231320331,0.647992878387,0.408866245743,0.0258573012927,0.055067948788
198,0.79231320331,0.647992878387,0.408866245743,0.0258573012927,0.055067948788
199,0.79231320331,0.647992878387,0.408866245743,0.0258573012927,0.055067948788
200,0.793956754506,0.645436531261,0.397981534219,0.0258426727072,0.0560819303658
201,0.79231320331,0.647992878387,0.408866245743,0.0258573012927,0.055067948788
202,0.79231320331,0.647992878387,0.408866245743,0.0258573012927,0.055067948788
203,0.791565902203,0.646812372189,0.40248119744,0.025974458572,0.0556627575101
204,0.79231320331,0.647992878387,0.408866245743,0.0258573012927,0.055067948788
205,0.79231320331,0.647992878387,0.408866245743,0.0258573012927,0.055067948788
206,0.79231320331,0.647992878387,0.408866245743,0.0258573012927,0.055067948788
207,0.791612729192,0.647127138233,0.401950909765,0.0258863057319,0.0557121572514
208,0.79231320331,0.647992878387,0.408866245743,0.0258573012927,0.055067948788
209,0.79231320331,0.647992878387,0.408866245743,0.0258573012927,0.055067948788
210,0.79231320331,0.647992878387,0.408866245743,0.0258573012927,0.055067948788
211,0.79231320331,0.647992878387,0.408866245743,0.0258573012927,0.055067948788
212,0.79231320331,0.647992878387,0.408866245743,0.0258573012927,0.055067948788
213,0.79231320331,0.647992878387,0.408866245743,0.0258573012927,0.055067948788
214,0.79231320331,0.647992878387,0.408866245743,0.0258573012927,0.055067948788
215,0.79231320331,0.647992878387,0.408866245743,0.0258573012927,0.055067948788
216,0.790984253578,0.643746625659,0.40248762206,0.0259946230567,0.055662159015
217,0.789655303845,0.63950037293,0.396108998376,0.0261319448206,0.0562563692421
218,0.790984253578,0.643746625659,0.40248762206,0.0259946230567,0.055662159015
219,0.79231320331,0.647992878387,0.408866245743,0.0258573012927,0.055067948788
220,0.79231320331,0.647992878387,0.408866245743,0.0258573012927,0.055067948788
221,0.79231320331,0.647992878387,0.408866245743,0.0258573012927,0.055067948788
222,0.79231320331,0.647992878387,0.408866245743,0.0258573012927,0.055067948788
223,0.79231320331,0.647992878387,0.408866245743,0.0258573012927,0.055067948788
224,0.785829713371,0.632428152422,0.41102868374,0.0268634592672,0.0548665036429
225,0.779346223432,0.616863426457,0.413191121737,0.0278696172417,0.0546650584979
226,0.779346223432,0.616863426457,0.413191121737,0.0278696172417,0.0546650584979
227,0.779346223432,0.616863426457,0.413191121737,0.0278696172417,0.0546650584979
228,0.779346223432,0.616863426457,0.413191121737,0.0278696172417,0.0546650584979
229,0.785829713371,0.632428152422,0.41102868374,0.0268634592672,0.0548665036429
230,0.789044902016,0.633293624058,0.409329765463,0.0268452029728,0.0550247689154
231,0.785829713371,0.632428152422,0.41102868374,0.0268634592672,0.0548665036429
232,0.785829713371,0.632428152422,0.41102868374,0.0268634592672,0.0548665036429
233,0.790926604533,0.643449508069,0.402851800475,0.0260322187188,0.0556282334302
234,0.79231320331,0.647992878387,0.408866245743,0.0258573012927,0.055067948788
235,0.786131157208,0.641271449563,0.410364224669,0.0262444967695,0.0549284023213
236,0.785358654792,0.637976800585,0.407568781555,0.0262493933676,0.0551888160045
237,0.784586152377,0.634682151606,0.404773338441,0.0262542899656,0.0554492296877
238,0.807769331953,0.654978568945,0.393190536512,0.0247153012547,0.056528242921
239,0.806934841685,0.643407621338,0.399463423293,0.0253913199689,0.0559438827732
240,0.807769331953,0.654978568945,0.393190536512,0.0247153012547,0.056528242921
241,0.819360921741,0.665126777615,0.387399135547,0.0239458068992,0.0570677495376
242,0.819360921741,0.665126777615,0.387399135547,0.0239458068992,0.0570677495376
243,0.819360921741,0.665126777615,0.387399135547,0.0239458068992,0.0570677495376
244,0.819360921741,0.665126777615,0.387399135547,0.0239458068992,0.0570677495376
245,0.819360921741,0.665126777615,0.387399135547,0.0239458068992,0.0570677495376
246,0.819360921741,0.665126777615,0.387399135547,0.0239458068992,0.0570677495376
247,0.818879456353,0.656121616986,0.373717420906,0.0244369503093,0.0583422901231
248,0.818397990964,0.647116456358,0.360035706264,0.0249280937193,0.0596168307085
249,0.818879456353,0.656121616986,0.373717420906,0.0244369503093,0.0583422901231
250,0.819360921741,0.665126777615,0.387399135547,0.0239458068992,0.0570677495376
251,0.819360921741,0.665126777615,0.387399135547,0.0239458068992,0.0570677495376
252,0.820106452556,0.674209049735,0.389509191335,0.0232818416008,0.0568711841356
253,0.823031883562,0.670139368548,0.372801869019,0.0235484587619,0.0584275797281
254,0.820780640999,0.659662763196,0.388354378821,0.0242857964282,0.0569787624221
255,0.822200360256,0.654198748777,0.389309622094,0.0246257859572,0.0568897753066
256,0.823620079513,0.648734734359,0.390264865368,0.0249657754862,0.0568007881911
257,0.816474124567,0.657925811365,0.390682857,0.0245411370522,0.0567618495556
258,0.820780640999,0.659662763196,0.388354378821,0.0242857964282,0.0569787624221
259,0.815767919269,0.662501658978,0.386266672004,0.0242514445004,0.0571732458723
260,0.812174916796,0.659876540342,0.385134208461,0.0245570821017,0.057278742207
261,0.813202329349,0.666931897242,0.37868281633,0.0240927645266,0.0578797312876
262,0.808581914324,0.657251421706,0.384001744918,0.0248627197029,0.0573842385417
263,0.808581914324,0.657251421706,0.384001744918,0.0248627197029,0.0573842385417
264,0.804988911851,0.65462630307,0.382869281375,0.0251683573042,0.0574897348764
265,0.804988911851,0.65462630307,0.382869281375,0.0251683573042,0.0574897348764
266,0.801395909379,0.652001184433,0.381736817832,0.0254739949054,0.0575952312111
267,0.801395909379,0.652001184433,0.381736817832,0.0254739949054,0.0575952312111
268,0.801395909379,0.652001184433,0.381736817832,0.0254739949054,0.0575952312111
269,0.801395909379,0.652001184433,0.381736817832,0.0254739949054,0.0575952312111
270,0.801395909379,0.652001184433,0.381736817832,0.0254739949054,0.0575952312111
271,0.795378955267,0.644826332407,0.379418533998,0.0258459881005,0.0578111944081
272,0.789362001155,0.63765148038,0.377100250164,0.0262179812955,0.0580271576052
273,0.777328092931,0.623301776327,0.372463682496,0.0269619676855,0.0584590839993
274,0.777328092931,0.623301776327,0.372463682496,0.0269619676855,0.0584590839993
275,0.777647144662,0.624031814631,0.372599313598,0.0270207828678,0.0584464490812
276,0.774731046558,0.617705384137,0.371106016063,0.0274228750835,0.0585855594459
277,0.771311138819,0.6161269243,0.370145398662,0.0273339608806,0.0586750471963
278,0.771311138819,0.6161269243,0.370145398662,0.0273339608806,0.0586750471963
279,0.769471108913,0.613461418152,0.383475343282,0.0275164067979,0.0574332762733
280,0.767631079007,0.610795912004,0.396805287901,0.0276988527153,0.0561915053503
281,0.767738719834,0.601826534063,0.345825894567,0.0282463289901,0.0609405669648
282,0.76784636066,0.592857156122,0.294846501232,0.0287938052648,0.0656896285793
283,0.76784636066,0.592857156122,0.294846501232,0.0287938052648,0.0656896285793
284,0.764381582502,0.569587387943,0.219547603801,0.0302536496491,0.0727042099624
285,0.76181087344,0.559621785245,0.204481315086,0.0308125840333,0.074107732616
286,0.760972553458,0.561291066636,0.227064475085,0.0306415962253,0.0720039645781
287,0.762668758454,0.565836828686,0.217784541279,0.0302355129684,0.0728684506879
288,0.760134233475,0.562960348027,0.249647635084,0.0304706084174,0.0699001965403
289,0.76181087344,0.559621785245,0.204481315086,0.0308125840333,0.074107732616
290,0.762649193423,0.557952503854,0.181898155086,0.0309835718412,0.0762115006539
291,0.769063608389,0.574781322989,0.191104629227,0.0297873852077,0.075353857789
292,0.762649193423,0.557952503854,0.181898155086,0.0309835718412,0.0762115006539
293,0.771145976521,0.558550884636,0.184165756115,0.030907094795,0.0760002588894
294,0.77980251512,0.559489173251,0.189138482468,0.0308130241242,0.0755370171303
295,0.781955097397,0.560851195667,0.188411049368,0.0307429182391,0.0756047822485
296,0.780289115453,0.561979603453,0.201335019276,0.0306599468641,0.0744008305067
297,0.788459053719,0.560427461866,0.194111208822,0.0307189534533,0.0750737753712
298,0.80545972876,0.556849849032,0.213902887894,0.0308105878643,0.0732300519131
299,0.805133108915,0.560944407763,0.193236160229,0.0306011866101,0.0751552918313
