r2_5_features: 0.578767351401
mse_5_features: 0.0392405572408
SV: 
[[ 0.08958013  0.1045043   0.36984688  0.08129128  0.08131726]
 [ 0.18390672  0.21130845  0.16961131  0.24263115  0.24328444]
 [ 0.10060329  0.12234711  0.06713781  0.18441335  0.18587906]
 [ 0.52029603  0.57041404  0.35924617  0.40186263  0.40038355]
 [ 0.22869679  0.27870551  0.          0.31538419  0.31581388]
 [ 0.01455762  0.06467388  0.54652532  0.18959354  0.18974964]
 [ 0.90886254  0.94767203  0.65724382  0.72202907  0.72310264]
 [ 0.81156349  0.84597305  0.91519435  0.46778788  0.46812217]
 [ 0.38316327  0.40191823  0.99175501  0.46718748  0.46803788]
 [ 0.42449336  0.46514523  0.57479388  0.97416188  0.97380511]
 [ 0.84044174  0.85158999  0.91048292  0.91311663  0.91161595]
 [ 1.          1.          0.90930506  0.79677181  0.79543539]
 [ 0.89362783  0.95826146  0.84687868  0.89228417  0.89690635]
 [ 0.29981921  0.30214     1.          0.55800835  0.55937228]
 [ 0.06267901  0.0750169   0.39929329  0.04990296  0.04966422]
 [ 0.8316056   0.84235267  0.69846879  1.          1.        ]
 [ 0.5148183   0.51797866  0.84216726  0.44265488  0.43986906]
 [ 0.28482825  0.29172116  0.67726737  0.45767185  0.45738149]
 [ 0.21822885  0.21929475  0.23792697  0.20898784  0.21120992]
 [ 0.01905355  0.02107145  0.74440518  0.043885    0.04279412]
 [ 0.04226449  0.04399416  0.75618375  0.04973541  0.04938324]
 [ 0.25265253  0.24938871  0.25912839  0.31037853  0.31056647]]
dual_coef: 
[[ 1000.          1000.          -819.11751271 -1000.           213.99700936
   -198.60362369   754.58564145   457.97498901  1000.           -66.79776301
    659.95594704  -378.97124734 -1000.          -883.49962453 -1000.
    270.10061777 -1000.           990.37556665  1000.          1000.         -1000.
  -1000.        ]]
intercept: 
[-2.01725898]
predict:[ 
0.27426441  
0.26299905 
0.64623811  
0.24001478  
0.15022325  
0.4711447
0.03688359  
0.12123458  
0.30948509  
0.92186748  
0.88011813  
1.01597236
0.58188965  
0.63329334  
0.70894141  
0.86349689  
0.78271872  
1.03198595
0.88181183  
0.49770209  
0.24853625  
0.7162432   
0.94842902  
0.80630391
0.64223956  
0.17948388  
0.52067341  
0.25593197  
0.34072631  
0.35996745
0.42391988]
