r2_10_features: 0.671511877213
mse_10_features: 0.0306008022598
SV: 
[[ 0.34636974  0.39619387  0.36277974  0.1583658   0.15856725  0.44579702
   0.26572008  0.14374514  0.17166352  0.04761905]
 [ 0.08958013  0.1045043   0.36984688  0.08129128  0.08131726  0.16757084
   0.1663286   0.06941207  0.16004117  0.03826531]
 [ 0.10060329  0.12234711  0.06713781  0.18441335  0.18587906  0.29438784
   0.2515213   0.17249417  0.28160383  0.22555272]
 [ 0.52029603  0.57041404  0.35924617  0.40186263  0.40038355  0.35765458
   0.39249493  0.2030562   0.67332724  0.29485544]
 [ 0.17656698  0.20656343  0.0647821   0.2012385   0.20006884  0.26694138
   0.21703854  0.11784512  0.19492976  0.22172619]
 [ 0.22869679  0.27870551  0.          0.31538419  0.31581388  0.28393475
   0.35496957  0.17404817  0.23850772  0.1662415 ]
 [ 0.01455762  0.06467388  0.54652532  0.18959354  0.18974964  0.3300947
   0.21703854  0.09194509  0.14790047  0.03018707]
 [ 0.90886254  0.94767203  0.65724382  0.72202907  0.72310264  0.82333705
   0.55679513  0.66304066  0.85161464  0.2457483 ]
 [ 0.81156349  0.84597305  0.91519435  0.46778788  0.46812217  0.58680982
   0.54766734  0.4972805   0.66529824  0.43197279]
 [ 0.30854701  0.33898819  0.65253239  0.35479412  0.35506055  0.34769295
   0.52231237  0.34757835  0.40779181  0.35990646]
 [ 0.38316327  0.40191823  0.99175501  0.46718748  0.46803788  0.4193524
   0.4127789   0.31390831  0.34684     0.48979592]
 [ 0.42449336  0.46514523  0.57479388  0.97416188  0.97380511  0.84223957
   0.52535497  0.74514375  1.          0.31802721]
 [ 0.84044174  0.85158999  0.91048292  0.91311663  0.91161595  0.85475304
   0.75760649  1.          0.85917407  0.50786565]
 [ 0.53723703  0.56906824  0.63839812  0.65128667  0.65391694  0.5326541
   0.54158215  0.41906242  0.4457985   0.47193878]
 [ 0.29981921  0.30214     1.          0.55800835  0.55937228  0.46371661
   0.43002028  0.42009842  0.3516639   0.49128401]
 [ 0.06267901  0.0750169   0.39929329  0.04990296  0.04966422  0.05538438
   0.07403651  0.03574204  0.10862711  0.08014456]
 [ 0.40569711  0.40265115  0.70553592  0.34046831  0.33991542  0.29820615
   0.23529412  0.2046102   0.42543817  0.39136905]
 [ 0.5148183   0.51797866  0.84216726  0.44265488  0.43986906  0.35616128
   0.42494929  0.21419321  0.30273101  0.60182823]
 [ 0.28482825  0.29172116  0.67726737  0.45767185  0.45738149  0.49199478
   0.4168357   0.36467236  0.41917871  0.66284014]
 [ 0.          0.          0.5147232   0.          0.          0.          0.
   0.          0.          0.        ]
 [ 0.21822885  0.21929475  0.23792697  0.20898784  0.21120992  0.23735894
   0.40466531  0.2009842   0.15496083  0.35948129]
 [ 0.01905355  0.02107145  0.74440518  0.043885    0.04279412  0.05358864
   0.07707911  0.02771303  0.05764649  0.07015306]
 [ 0.04226449  0.04399416  0.75618375  0.04973541  0.04938324  0.0254806
   0.03346856  0.04195804  0.08945177  0.13796769]
 [ 0.25265253  0.24938871  0.25912839  0.31037853  0.31056647  0.22800219
   0.34178499  0.11862212  0.2885736   0.35204082]]
dual_coef: 
[[ -329.69442096  1000.          -413.73862015  -176.47553095
    520.50562966    29.06633462  -214.37993664    32.56722594
    -14.37362093   -55.62426458   723.06873661    26.0348885    -27.41480242
    165.94873972  -592.71458356  -789.21473105   266.80885545  -363.2359296
    148.43022209    37.01232287   114.49068054   356.02876639
   -266.70188975  -176.39407178]]
intercept: 
[-4.60614616]
predict:[  3.08918519e-01   3.07439162e-01   5.15456118e-01   3.49677488e-01
   9.33567577e-02   1.71188419e-01   1.08746527e-03   9.99615529e-02
   2.77385198e-01   9.12754011e-01   1.10149008e+00   7.70048714e-01
   7.57253201e-01   7.94266833e-01   4.35896717e-01   9.39180637e-01
   4.97672445e-01   8.19560511e-01   6.21235757e-01   5.11518036e-01
   1.65366110e-01   5.96791885e-01   8.43112705e-01   7.18320222e-01
   5.33705712e-01   5.25325707e-02   4.23417959e-01   3.38683582e-01
   3.83531106e-01   2.19556224e-01   1.90185779e-01]
