generation,train,validation,test,validmse,testmse
0,0.656889932505,0.425290759377,0.499587600982,0.0420869214488,0.046616665287
1,0.677452248064,0.450322667049,0.513389666429,0.0392980559742,0.0453309132423
2,0.669574284939,0.424132216312,0.513389666429,0.0424187432306,0.0453309132423
3,0.688585689229,0.490864915306,0.554298821425,0.035304832873,0.041519959738
4,0.697816821793,0.553187310564,0.593117577509,0.031527231045,0.0379037404701
5,0.690719861908,0.477110846548,0.593117577509,0.0366486666314,0.0379037404701
6,0.659905500604,0.428573830645,0.593117577509,0.0407843853046,0.0379037404701
7,0.692432503512,0.45043184223,0.416085942367,0.0384300591159,0.0543953871535
8,0.726369144184,0.512464456607,0.407148304743,0.0333853308161,0.0552279861507
9,0.701596507584,0.528425999462,0.41138194508,0.0321049836303,0.0548335950546
10,0.71189774182,0.560310206542,0.494828423672,0.0314228481587,0.0470600135656
11,0.705746562666,0.509271041028,0.494828423672,0.0334292252366,0.0470600135656
12,0.71189774182,0.560310206542,0.494828423672,0.0314228481587,0.0470600135656
13,0.686463398016,0.540588017941,0.494828423672,0.032467364868,0.0470600135656
14,0.73311540012,0.575650121978,0.519128814802,0.0290249791476,0.0447962742939
15,0.726878732461,0.601402387113,0.441587523444,0.0274982328615,0.0520197492364
16,0.713130705137,0.538372182565,0.441587523444,0.0326769619034,0.0520197492364
17,0.735817913073,0.744743720983,0.503231870312,0.0184285715944,0.0462771779283
18,0.69118960993,0.67371761741,0.503231870312,0.0242979752459,0.0462771779283
19,0.761527569137,0.694721380453,0.539657016704,0.0222567790716,0.0428839389504
20,0.773799197291,0.683235953591,0.539657016704,0.022798839972,0.0428839389504
21,0.756367860213,0.682797217374,0.539657016704,0.0230632864656,0.0428839389504
22,0.757100088136,0.677074388701,0.539657016704,0.0234260556103,0.0428839389504
23,0.769178729801,0.674909231776,0.539657016704,0.0231966358538,0.0428839389504
24,0.757517454176,0.710732657822,0.574055570843,0.0208584129626,0.0396794902041
25,0.700203597961,0.483207046121,0.574055570843,0.0357531722891,0.0396794902041
26,0.765412115351,0.709260218127,0.553852774799,0.0209044165321,0.0415615118784
27,0.693912073225,0.508838470671,0.553852774799,0.034837089456,0.0415615118784
28,0.704646160428,0.491370319339,0.553852774799,0.0360691058977,0.0415615118784
29,0.823572802661,0.764747859656,0.617748438971,0.0167753569605,0.0356092157406
30,0.773497804122,0.565006801663,0.617748438971,0.0304307749863,0.0356092157406
31,0.753613424705,0.635224559374,0.614468031408,0.0265852055201,0.0359148070123
32,0.756727628196,0.650642094314,0.604241228499,0.0258914258631,0.0368675001292
33,0.705712153926,0.525985348083,0.604241228499,0.0350362661459,0.0368675001292
34,0.732635611505,0.659944256754,0.59022609593,0.025097014465,0.0381731007601
35,0.707269299287,0.661131904666,0.585109460516,0.0245926943043,0.038649748583
36,0.75134088419,0.74712880306,0.591187118215,0.0189264800125,0.0380835752922
37,0.722882483024,0.657749605548,0.591187118215,0.025147441511,0.0380835752922
38,0.719481739642,0.694422574888,0.584208024778,0.022122784332,0.038733723177
39,0.637516169368,0.429070781036,0.584208024778,0.0400431098457,0.038733723177
40,0.762626275757,0.715805948243,0.565274261951,0.0208682044486,0.0404975261645
41,0.727553793911,0.661012527897,0.565274261951,0.0248692350973,0.0404975261645
42,0.755339752546,0.69528779261,0.585278247974,0.0216884637249,0.0386340249349
43,0.763048083596,0.683188370259,0.585278247974,0.021878019367,0.0386340249349
44,0.758679956462,0.670268612463,0.585278247974,0.0230967893473,0.0386340249349
45,0.717365965101,0.713776518099,0.527651069697,0.0209873094366,0.044002370896
46,0.667254866541,0.586373178779,0.527651069697,0.0299802542166,0.044002370896
47,0.756053491974,0.727747382491,0.569315567148,0.0200740413152,0.0401210523359
48,0.757939531567,0.729535810235,0.557568943005,0.0202454845357,0.0412153266724
49,0.723873816858,0.704089097549,0.557568943005,0.0221159922816,0.0412153266724
50,0.786491371293,0.737042285166,0.577112266158,0.0196485260128,0.0393947391814
51,0.702056794021,0.573975981609,0.577112266158,0.0303297862853,0.0393947391814
52,0.799495300425,0.764400142403,0.639449282534,0.0176703616343,0.0335876412097
53,0.829744307925,0.784435282806,0.697444405926,0.0155496265822,0.0281850187711
54,0.712857077584,0.570466260775,0.697444405926,0.0318030668124,0.0281850187711
55,0.787462674077,0.675981996263,0.61307106118,0.0235718361469,0.0360449438627
56,0.754390778886,0.691947025535,0.619722225435,0.0222473155525,0.0354253447112
57,0.75844207101,0.707646422952,0.639780935773,0.0209121569387,0.0335567455562
58,0.813714232738,0.771983220623,0.682849517626,0.0164988744683,0.0295446274142
59,0.769761838736,0.695262510004,0.682849517626,0.0215096991519,0.0295446274142
60,0.752827784481,0.686457409584,0.682849517626,0.0230219875298,0.0295446274142
61,0.737083974511,0.705182345424,0.64216312467,0.0209105221587,0.0333348291875
62,0.750135575649,0.630412532072,0.64216312467,0.0262197812475,0.0333348291875
63,0.753275904103,0.671345012884,0.642414297872,0.0229331080504,0.0333114307723
64,0.699534753773,0.592183885809,0.642414297872,0.0303409165292,0.0333114307723
65,0.549459090944,0.262161999224,0.642414297872,0.0519987877572,0.0333114307723
66,0.733971902649,0.58437359217,0.630691286863,0.0293429521074,0.0344035053921
67,0.735372354378,0.602004614186,0.569876008804,0.0286413754382,0.0400688435554
68,0.666241917946,0.522207000295,0.569876008804,0.0337486033922,0.0400688435554
69,0.767812061967,0.674046753384,0.582874688991,0.0237032854369,0.038857932066
70,0.701567376889,0.561734529666,0.582874688991,0.0303831838435,0.038857932066
71,0.662427209723,0.453587441036,0.582874688991,0.0379243540346,0.038857932066
72,0.677029556275,0.520099660786,0.486403859526,0.0348865744993,0.0478448164357
73,0.637939669357,0.430586427585,0.486403859526,0.040629520857,0.0478448164357
74,0.694153719187,0.688296145596,0.557506856431,0.0219835685962,0.0412211104401
75,0.698087309809,0.672883763802,0.557506856431,0.0235269474535,0.0412211104401
76,0.572386248618,0.429882686109,0.557506856431,0.0400587115299,0.0412211104401
77,0.572386248618,0.429882686109,0.557506856431,0.0400587115299,0.0412211104401
78,0.636087958661,0.513541846752,0.425906361336,0.034320327959,0.0534805513402
79,0.572258981154,0.351527148394,0.425906361336,0.0443434109755,0.0534805513402
80,0.676746042747,0.53302975806,0.514042164212,0.0330625380447,0.0452701288356
81,0.718085789025,0.651794603793,0.599276560904,0.0246181485634,0.0373299911625
82,0.714848108576,0.683620423085,0.637619414588,0.0230021131691,0.0337581052943
83,0.722107473629,0.692809761689,0.65180191302,0.0222723660786,0.0324369134461
84,0.712235183157,0.67803078766,0.65180191302,0.02350380603,0.0324369134461
85,0.751408284797,0.66687476934,0.65180191302,0.0237697882894,0.0324369134461
86,0.77876270196,0.712552822422,0.639971448604,0.0209250440153,0.0335389980486
87,0.712744933949,0.626201505643,0.639971448604,0.0270318916811,0.0335389980486
88,0.698542197145,0.636248885171,0.541556404328,0.0262428661874,0.0427069986561
89,0.699523737429,0.665847985572,0.533674282206,0.024240669011,0.0434412695284
90,0.69871464283,0.639677047013,0.533674282206,0.0265511352816,0.0434412695284
91,0.702252435423,0.547550598568,0.533674282206,0.0328734530008,0.0434412695284
92,0.725458222011,0.677349600864,0.5533454674,0.0233374252668,0.0416087708578
93,0.782118203043,0.665076588215,0.5533454674,0.0241687111168,0.0416087708578
94,0.724422088599,0.635605678009,0.5533454674,0.0249023806009,0.0416087708578
95,0.635353345404,0.423792849305,0.5533454674,0.0400674366644,0.0416087708578
96,0.695385798617,0.727223607802,0.544823076587,0.0207493778467,0.0424026869173
97,0.685468606287,0.660816227804,0.544823076587,0.0260159878245,0.0424026869173
98,0.616434776488,0.505741626311,0.544823076587,0.0362220570447,0.0424026869173
99,0.768231442959,0.687236180742,0.629040575018,0.0227795108815,0.0345572799222
100,0.772720789472,0.74475518814,0.674988156252,0.0185141164739,0.0302769642879
101,0.720588844176,0.670941715471,0.674988156252,0.0241443829604,0.0302769642879
102,0.748806166677,0.725277629771,0.545892313228,0.0196579898404,0.0423030805792
103,0.738407651589,0.658722648279,0.545892313228,0.0240936226577,0.0423030805792
104,0.742594761056,0.728859069775,0.576023024256,0.0193562549108,0.0394962091395
105,0.582577067143,0.458093726832,0.576023024256,0.038381608102,0.0394962091395
106,0.744071804688,0.719181127982,0.597036387754,0.0202795967977,0.037538677842
107,0.714566218682,0.653992780492,0.597036387754,0.0252424860799,0.037538677842
108,0.722090303188,0.646740457299,0.597036387754,0.0255587729289,0.037538677842
109,0.761569928499,0.687711040282,0.603779208369,0.0225780572076,0.0369105403052
110,0.733869257932,0.681513052095,0.603779208369,0.0235234738748,0.0369105403052
111,0.762363533123,0.640659053603,0.603779208369,0.0257137185253,0.0369105403052
112,0.757918023093,0.685319684691,0.619379445192,0.0228659253836,0.0354572769173
113,0.761571409456,0.681744334571,0.619379445192,0.0229728232153,0.0354572769173
114,0.785821455254,0.676583582446,0.619379445192,0.022634539692,0.0354572769173
115,0.755941679632,0.656972083865,0.619379445192,0.0249555745031,0.0354572769173
116,0.663637150118,0.426891208445,0.619379445192,0.0408801739067,0.0354572769173
117,0.655018732915,0.424524338038,0.619379445192,0.0409318795163,0.0354572769173
118,0.761569928499,0.687711040282,0.603779208369,0.0225780572076,0.0369105403052
119,0.742533146197,0.657924741901,0.603779208369,0.0246801555534,0.0369105403052
120,0.578815526173,0.395214082357,0.603779208369,0.0434711183777,0.0369105403052
121,0.767792518913,0.699345018253,0.653649938106,0.0216213793319,0.0322647579059
122,0.767792518913,0.699345018253,0.653649938106,0.0216213793319,0.0322647579059
123,0.717781823311,0.721434918229,0.648157751204,0.0203892678136,0.0327763907891
124,0.628435542524,0.44433126259,0.648157751204,0.0400593148536,0.0327763907891
125,0.654527533023,0.517539814605,0.507792165351,0.0359050974034,0.045852356825
126,0.536965152987,0.348754717438,0.507792165351,0.0471025449324,0.045852356825
127,0.545204236827,0.29355491507,0.507792165351,0.049007168574,0.045852356825
128,0.602868905532,0.392570962639,0.524097486409,0.0441461370522,0.0443334102609
129,0.670576607544,0.512194206197,0.470925116787,0.0354914713113,0.0492867618606
130,0.579850753184,0.430451216902,0.470925116787,0.0401822927508,0.0492867618606
131,0.654642665188,0.531374078646,0.381480286499,0.0341315473826,0.057619128771
132,0.676757843663,0.560656042835,0.413037266049,0.0315025322896,0.0546793911546
133,0.70763974767,0.620996497695,0.418886361616,0.0275136667746,0.054134509911
134,0.685637672874,0.571155654486,0.418886361616,0.0310779517418,0.054134509911
135,0.684491178227,0.534026846883,0.418886361616,0.0328252350328,0.054134509911
136,0.696683359142,0.539729027958,0.463001860006,0.0326968000294,0.0500248646935
137,0.681723143667,0.524545887722,0.463001860006,0.0335673461617,0.0500248646935
138,0.690603725961,0.609960373667,0.451016339946,0.0287230526739,0.0511413937364
139,0.679499015147,0.607680388829,0.451016339946,0.028815529721,0.0511413937364
140,0.672548866482,0.602255012767,0.451016339946,0.0293235171503,0.0511413937364
141,0.677855462552,0.588638507587,0.451016339946,0.0305630571369,0.0511413937364
142,0.668201401796,0.565749598689,0.451016339946,0.0311225849907,0.0511413937364
143,0.671213735479,0.503868782988,0.451016339946,0.0348653494555,0.0511413937364
144,0.655885980281,0.529669704556,0.442470776602,0.0343030500454,0.0519374684677
145,0.684796433089,0.49189417626,0.442470776602,0.0372229147536,0.0519374684677
146,0.55699062156,0.387547693298,0.442470776602,0.0437981117735,0.0519374684677
147,0.653672295182,0.491135022363,0.46588808747,0.0379496450269,0.0497559938584
148,0.721129053274,0.550898601334,0.516157799397,0.0343206407094,0.0450730436765
149,0.697276195591,0.470643646213,0.516157799397,0.0394641448332,0.0450730436765
150,0.719280109735,0.564613151373,0.452876522951,0.0309586766921,0.050968105607
151,0.681786118503,0.533250772073,0.452876522951,0.0341902935751,0.050968105607
152,0.701045714053,0.552358288463,0.540774854296,0.0326230549017,0.042779805118
153,0.627314625189,0.454276143488,0.540774854296,0.0394302981036,0.042779805118
154,0.687716245626,0.545815216045,0.500075473501,0.0339242036293,0.0465712167929
155,0.635129572189,0.537407272908,0.500075473501,0.0349295827319,0.0465712167929
156,0.768370615935,0.671304908828,0.632362685281,0.0238351200683,0.0342478037732
157,0.768281481705,0.664432058454,0.632362685281,0.0246165438601,0.0342478037732
158,0.743592494809,0.64635091615,0.632362685281,0.0265293820826,0.0342478037732
159,0.771503463348,0.696264692635,0.626343093994,0.0219931235838,0.0348085678005
160,0.61190561949,0.504936257002,0.626343093994,0.0352633461443,0.0348085678005
161,0.786466114755,0.71528460931,0.650553553513,0.0208116501672,0.0325532062426
162,0.611902973462,0.456482806695,0.650553553513,0.0390731637422,0.0325532062426
163,0.584220886932,0.391757842717,0.650553553513,0.0431159958257,0.0325532062426
164,0.639452557164,0.47325562901,0.458496785842,0.0395809525996,0.0504445416135
165,0.708625677601,0.620306720874,0.439817014288,0.0278242793172,0.0521846836642
166,0.65114215125,0.53031692336,0.439817014288,0.034280108607,0.0521846836642
167,0.761223772293,0.634540378594,0.404334483207,0.0274493206704,0.0554901119033
168,0.676572328781,0.54861518852,0.404334483207,0.034666530132,0.0554901119033
169,0.763599925055,0.671843046351,0.534705614331,0.0248495509857,0.0433451942422
170,0.728824580359,0.634457213848,0.534705614331,0.027525347766,0.0433451942422
171,0.741934250568,0.611408563646,0.534705614331,0.0288661640452,0.0433451942422
172,0.71962055795,0.581261282411,0.534705614331,0.0309265455433,0.0433451942422
173,0.716381415218,0.556942263299,0.534705614331,0.0322373625207,0.0433451942422
174,0.735035451619,0.563997013746,0.528918103495,0.0322318613327,0.043884338468
175,0.718036597939,0.505779293054,0.528918103495,0.0355369282678,0.043884338468
176,0.72250015061,0.57404788851,0.465173468426,0.031298214501,0.0498225652639
177,0.729462574686,0.580877461551,0.430189771599,0.031077790021,0.0530815238522
178,0.729501192555,0.616954228523,0.492515073157,0.028736700869,0.0472755171919
179,0.736852795228,0.66640907448,0.516070555322,0.0250927135403,0.0450811710288
180,0.736852795228,0.66640907448,0.516070555322,0.0250927135403,0.0450811710288
181,0.74104240552,0.63794453613,0.516070555322,0.0262728440179,0.0450811710288
182,0.687616449299,0.513132084632,0.516070555322,0.0353775737977,0.0450811710288
183,0.731735134651,0.63435272626,0.500898134468,0.026585630539,0.0464945805804
184,0.695619687314,0.573233949976,0.500898134468,0.0315133316365,0.0464945805804
185,0.754296385477,0.636319549008,0.511666772606,0.028581717619,0.0454914119926
186,0.650981270576,0.574110492182,0.511666772606,0.0329166053797,0.0454914119926
187,0.74949337633,0.591879547175,0.496016779772,0.0313331401938,0.0469493104762
188,0.759305875628,0.630664686094,0.458947778042,0.0271204814708,0.0504025287608
189,0.742681652976,0.63521974878,0.469138913424,0.0264643624373,0.0494531583057
190,0.693286147439,0.500668805337,0.469138913424,0.0370153153148,0.0494531583057
191,0.746908315046,0.67366565749,0.496200557828,0.0251602445882,0.0469321903565
192,0.615503034569,0.363106578163,0.496200557828,0.046663841572,0.0469321903565
193,0.736650240604,0.593493479596,0.518556093623,0.0300643588332,0.0448496269917
194,0.742789708562,0.592061741642,0.518556093623,0.0299566332837,0.0448496269917
195,0.767311005694,0.658913522762,0.59462126465,0.0255721113069,0.0377636622461
196,0.754187559754,0.612036620343,0.59462126465,0.0289981519299,0.0377636622461
197,0.737294018432,0.659318271004,0.418874721213,0.0250095216648,0.0541355942901
198,0.763710400423,0.677872801641,0.377241125076,0.0236534797352,0.0580140341921
199,0.752329416836,0.670112329828,0.377241125076,0.0244290772358,0.0580140341921
200,0.755517239127,0.67273222811,0.607850841197,0.023872282823,0.0365312412609
201,0.675536332368,0.429705364365,0.607850841197,0.0415630651728,0.0365312412609
202,0.771135177409,0.71817479562,0.560529482376,0.0206424504269,0.0409395332005
203,0.759151508658,0.699817553838,0.560529482376,0.0223471965975,0.0409395332005
204,0.769532383534,0.732496761691,0.602900466166,0.0194199132732,0.0369924008491
205,0.684231395399,0.452569911959,0.602900466166,0.0393518842664,0.0369924008491
206,0.785769807308,0.682107947944,0.546530330519,0.021949314379,0.0422436451244
207,0.723920925244,0.519942803557,0.546530330519,0.0342436097734,0.0422436451244
208,0.737864127697,0.623476017814,0.627022355147,0.0272845622591,0.0347452902121
209,0.715827119847,0.634624934252,0.487413104651,0.0268124042882,0.047750798697
210,0.714976435857,0.662499786769,0.383715213151,0.0246767800012,0.057410930837
211,0.711799666253,0.582113241527,0.383715213151,0.0297297043508,0.057410930837
212,0.702374703475,0.607295960408,0.453621704772,0.0271689565762,0.0508986870803
213,0.592311479976,0.380567174125,0.453621704772,0.0442532535287,0.0508986870803
214,0.671825133098,0.593103289859,0.395327541034,0.0291507235303,0.0563291670693
215,0.726471012614,0.662049388507,0.549568065469,0.0245094355169,0.0419606603829
216,0.731688079062,0.691604807234,0.488448165815,0.0228658015851,0.0476543760265
217,0.725823961593,0.652899217833,0.488448165815,0.0247126480299,0.0476543760265
218,0.728879982173,0.633909348251,0.488448165815,0.0257367574249,0.0476543760265
219,0.722454555402,0.618369405349,0.488448165815,0.0269512702026,0.0476543760265
220,0.678404032376,0.441890294188,0.488448165815,0.0401645390186,0.0476543760265
221,0.661612575029,0.526031469188,0.246587612332,0.0361240492849,0.0701852575353
222,0.661612575029,0.526031469188,0.246587612332,0.0361240492849,0.0701852575353
223,0.607865053325,0.486566716472,0.246587612332,0.0382715192088,0.0701852575353
224,0.641927373276,0.488000573438,0.33821232018,0.0378339961671,0.0616498208712
225,0.657236944485,0.416296160229,0.33821232018,0.0416315467609,0.0616498208712
226,0.664094216586,0.433835636812,0.24861664714,0.0421542089752,0.0699962397638
227,0.64735845526,0.454980900287,0.12573469127,0.0400095594277,0.0814434921058
228,0.613153767221,0.304251940507,0.12573469127,0.0503394422921,0.0814434921058
229,0.596919836997,0.294523149404,0.12573469127,0.0501507322975,0.0814434921058
230,0.63928121225,0.407547871779,0.117833219366,0.0432483526675,0.0821795655359
231,0.646166555718,0.425717921234,0.229685013772,0.0409214662364,0.0717598443783
232,0.658446497849,0.312375294177,0.229685013772,0.0485467217432,0.0717598443783
233,0.62725195167,0.365129623817,0.389213101668,0.0473361171569,0.0568987668112
234,0.674649879594,0.426455196692,0.47326348443,0.0419970848183,0.0490689277262
235,0.607418138188,0.319550620832,0.47326348443,0.0508503874566,0.0490689277262
236,0.653793588966,0.474757415014,0.384772102963,0.0385173139158,0.0573124746861
237,0.639748321101,0.504465992026,0.543364496868,0.0351825358971,0.042538563092
238,0.458075441368,0.164672160925,0.543364496868,0.0604419379764,0.042538563092
239,0.629978600178,0.495754561739,0.417756836386,0.0382348734735,0.0542397325228
240,0.525726167327,0.364180979423,0.417756836386,0.0457183244964,0.0542397325228
241,0.652980865761,0.521891055516,0.361034159809,0.0360295344121,0.0595238182755
242,0.655587770112,0.471813874501,0.361034159809,0.0393049930802,0.0595238182755
243,0.644070910611,0.358144235116,0.361034159809,0.044692173695,0.0595238182755
244,0.663327853572,0.615443864956,0.430845379839,0.029806048374,0.0530204496864
245,0.6992844161,0.612141634743,0.430845379839,0.0289958981339,0.0530204496864
246,0.647462550058,0.505958199405,0.430845379839,0.0364798147489,0.0530204496864
247,0.70684829749,0.489234850954,0.430845379839,0.0365840736148,0.0530204496864
248,0.660587820504,0.459915898513,0.430845379839,0.0399795964324,0.0530204496864
249,0.579448517183,0.372320750903,0.430845379839,0.0448790009212,0.0530204496864
250,0.672220701231,0.595167905494,0.338092179538,0.0305489254245,0.0616610127523
251,0.697320774516,0.500162690684,0.338092179538,0.0359092632289,0.0616610127523
252,0.654941808846,0.575218219868,0.337849832295,0.0315968546439,0.0616835889721
253,0.654941808846,0.575218219868,0.337849832295,0.0315968546439,0.0616835889721
254,0.654941808846,0.575218219868,0.337849832295,0.0315968546439,0.0616835889721
255,0.682299191632,0.515803911149,0.337849832295,0.034585977436,0.0616835889721
256,0.644162691728,0.466532597631,0.337849832295,0.0391691637594,0.0616835889721
257,0.654941808846,0.575218219868,0.337849832295,0.0315968546439,0.0616835889721
258,0.676459458741,0.603055570673,0.357010549568,0.0289551083579,0.059898643704
259,0.69479138855,0.605196740106,0.38614413601,0.029675977396,0.0571846608961
260,0.667202201877,0.551139706762,0.38614413601,0.0334805218439,0.0571846608961
261,0.675357894448,0.594608491063,0.447235221106,0.0302772831671,0.0514936295157
262,0.654292499535,0.55022516778,0.447235221106,0.0323713959533,0.0514936295157
263,0.647676359287,0.580825412874,0.421045182427,0.0324320308559,0.0539334017303
264,0.548839896073,0.270715098225,0.421045182427,0.051157240695,0.0539334017303
265,0.662195595752,0.569328552656,0.355047464375,0.0325759628507,0.0600815178404
266,0.73934466069,0.618069255753,0.524931717849,0.0280903371536,0.0442556961836
267,0.699064129641,0.572395579155,0.524931717849,0.0315749128373,0.0442556961836
268,0.62700281776,0.537893910885,0.524931717849,0.0345402491512,0.0442556961836
269,0.717352495322,0.533315644101,0.524931717849,0.0343479442147,0.0442556961836
270,0.742216792165,0.608843073492,0.509616070858,0.0289890003896,0.0456824481803
271,0.644155426789,0.545959952395,0.509616070858,0.0339477765637,0.0456824481803
272,0.694289730964,0.63750234666,0.463641296853,0.0268738173317,0.0499652969978
273,0.650452142407,0.587251593895,0.463641296853,0.0314681874424,0.0499652969978
274,0.662519629605,0.562929776432,0.463641296853,0.0328200864716,0.0499652969978
275,0.745124091455,0.61030116486,0.539337432157,0.0281810606676,0.0429137103268
276,0.664138912372,0.530755731211,0.539337432157,0.0351752203409,0.0429137103268
277,0.717501800305,0.597334028018,0.548569840964,0.0288360605272,0.0420536514793
278,0.745124091455,0.61030116486,0.539337432157,0.0281810606676,0.0429137103268
279,0.705185826133,0.581326529129,0.539337432157,0.0304126717887,0.0429137103268
280,0.697396065989,0.487056601338,0.539337432157,0.0362000017495,0.0429137103268
281,0.687028489212,0.546623657146,0.451855130421,0.0311426104207,0.0510632549554
282,0.682399394048,0.518195291553,0.451855130421,0.0336346872384,0.0510632549554
283,0.71525501615,0.543412121164,0.267200656363,0.031763345596,0.0682650185964
284,0.709399167231,0.53699250614,0.267200656363,0.0331151946435,0.0682650185964
285,0.698015470633,0.558252083577,0.508310451215,0.0317204303466,0.0458040751304
286,0.717957731933,0.589563728994,0.507193086049,0.0300371525806,0.0459081649532
287,0.637087328675,0.479859006108,0.507193086049,0.0394216120736,0.0459081649532
288,0.707139653956,0.535504961476,0.477987159787,0.0337219847894,0.0486288866851
289,0.661204933186,0.481029797843,0.477987159787,0.0385600649461,0.0486288866851
290,0.729565705135,0.606970917162,0.490008473494,0.0297369485961,0.0475090232316
291,0.713336738431,0.518801781229,0.490008473494,0.0364137660323,0.0475090232316
292,0.592404646679,0.471749358939,0.490008473494,0.0389125192042,0.0475090232316
293,0.716210443632,0.589089000639,0.466264564309,0.0308222829557,0.0497209225955
294,0.679314729805,0.616182135076,0.549295132843,0.0283083786472,0.0419860858298
295,0.713140245418,0.512273834403,0.549295132843,0.0347552287724,0.0419860858298
296,0.678857699642,0.634089943217,0.532873308128,0.0275176598791,0.0435158854663
297,0.664892939694,0.573370472528,0.532873308128,0.0316369902854,0.0435158854663
298,0.66334283648,0.47594378231,0.532873308128,0.0389370724155,0.0435158854663
299,0.745180698049,0.710830828989,0.577011144524,0.021395186651,0.0394041593185
300,0.712696376882,0.593396697828,0.577011144524,0.0290303687427,0.0394041593185
301,0.764755625062,0.685307348737,0.58125975879,0.0237354657492,0.0390083733036
302,0.718145263385,0.683362567329,0.58125975879,0.0231272478996,0.0390083733036
303,0.816909237129,0.751717200775,0.624978061433,0.018752317601,0.0349357294498
304,0.756915639119,0.665959191254,0.624978061433,0.0249417617131,0.0349357294498
305,0.778146046949,0.717909180326,0.508262999795,0.0208637686481,0.0458084955383
306,0.686118038796,0.581363696126,0.508262999795,0.0295099938693,0.0458084955383
307,0.778886502084,0.721440952155,0.388388491564,0.0203705350187,0.0569755845985
308,0.590978145039,0.452214782465,0.388388491564,0.0394666866039,0.0569755845985
309,0.605594052566,0.462955173849,0.46199676195,0.0374161429312,0.0501184961058
310,0.537649633494,0.303490292023,0.46199676195,0.0489665209139,0.0501184961058
311,0.749301388503,0.70400889159,0.529746109888,0.0214859532137,0.0438072042944
312,0.702510867848,0.603144524858,0.529746109888,0.0292469750076,0.0438072042944
313,0.713485609059,0.611079719891,0.454348864985,0.0269604312335,0.0508309473833
314,0.754287321331,0.647976753873,0.419772788304,0.0253578226973,0.0540519335074
315,0.638914060298,0.474068190692,0.419772788304,0.0374162651962,0.0540519335074
316,0.638914060298,0.474068190692,0.419772788304,0.0374162651962,0.0540519335074
317,0.778970770209,0.674423227316,0.653777088966,0.0233900163877,0.0322529129774
318,0.710747302826,0.56282474498,0.653777088966,0.031667703173,0.0322529129774
319,0.769409956343,0.677410684541,0.607844141909,0.0235570745473,0.0365318653431
320,0.757824311725,0.72013908056,0.617911111732,0.0200487290042,0.0355940617163
321,0.662324251083,0.530662762194,0.617911111732,0.0343992086056,0.0355940617163
322,0.767245955704,0.664315762016,0.664052944904,0.0238856587652,0.0312956502523
323,0.755530075356,0.688454187577,0.597345497917,0.0225563219203,0.0375098822226
324,0.755530075356,0.688454187577,0.597345497917,0.0225563219203,0.0375098822226
325,0.74445140151,0.656380775067,0.597345497917,0.0249076733364,0.0375098822226
326,0.72725002116,0.611573028162,0.597345497917,0.0286193215486,0.0375098822226
327,0.733306481562,0.699630657722,0.615778027803,0.021332110161,0.0357927723392
328,0.810267248596,0.796292301702,0.616770144558,0.0146147592217,0.0357003502194
329,0.754030580333,0.719135905919,0.616770144558,0.0212502140562,0.0357003502194
330,0.80516946034,0.810585924462,0.54368578124,0.0135469200244,0.0425086333659
331,0.70535226946,0.532725702601,0.54368578124,0.0324736133263,0.0425086333659
332,0.795417167224,0.776980781281,0.565150748604,0.0164497131218,0.040509032235
333,0.685465356465,0.648807280747,0.565150748604,0.0265110514961,0.040509032235
334,0.723288235304,0.685464773366,0.523079375191,0.0229522012425,0.0444282539338
335,0.73237692482,0.612979117008,0.523079375191,0.0270385579004,0.0444282539338
336,0.733731549735,0.65547602271,0.577765291947,0.025227478511,0.0393339055876
337,0.736691855192,0.66907406938,0.494272625504,0.0249249075775,0.047111789775
338,0.764139610116,0.695153809219,0.523883337422,0.0231115596841,0.04435335963
339,0.697291969965,0.562112243215,0.523883337422,0.032354182538,0.04435335963
340,0.765521957783,0.72172865031,0.581349714348,0.0209584142364,0.0389999933591
341,0.690583343214,0.67463413599,0.581349714348,0.0241939765216,0.0389999933591
342,0.697680983101,0.593066930364,0.581349714348,0.0295908971654,0.0389999933591
343,0.557943496317,0.378714956576,0.581349714348,0.0455458737526,0.0389999933591
344,0.684507354213,0.532840200735,0.227161568688,0.0345062141403,0.0719949196784
345,0.671060157539,0.442002404828,0.227161568688,0.0402590922396,0.0719949196784
346,0.647194920048,0.454456450456,-0.0697136722139,0.0391750927212,0.099650776656
347,0.631858136789,0.461735215263,-0.0891149904811,0.0390650634715,0.10145813547
348,0.631858136789,0.461735215263,-0.0891149904811,0.0390650634715,0.10145813547
349,0.672007869544,0.431080523605,-0.0891149904811,0.0407576601731,0.10145813547
350,0.630937993453,0.465038708605,0.227464598608,0.0385936974372,0.071966690473
351,0.515605535187,0.302294876808,0.227464598608,0.0489868345238,0.071966690473
352,0.65362011751,0.483615885071,0.189287973546,0.0374421553513,0.0755230910654
353,0.730181458356,0.573741807116,0.443336688526,0.0298835618483,0.0518568031477
354,0.570463742099,0.360346120052,0.443336688526,0.0462063560129,0.0518568031477
355,0.638687723864,0.521627486858,0.40932748501,0.0344918732772,0.0550249813544
356,0.76202998522,0.642607778495,0.53920675389,0.0253530776286,0.0429258838561
357,0.571341281516,0.389190834509,0.53920675389,0.0444995590708,0.0429258838561
358,0.738117020562,0.580540063571,0.544558433481,0.0306919478007,0.0424273401415
359,0.690284998652,0.477337994127,0.544558433481,0.0378940772824,0.0424273401415
360,0.730576740573,0.561034919655,0.537025012559,0.0324853005975,0.0431291272321
361,0.670708655216,0.475480719241,0.537025012559,0.039003479042,0.0431291272321
362,0.754011913807,0.603136191006,0.516787722191,0.0288094584976,0.0450143622767
363,0.647538037001,0.432385527813,0.516787722191,0.039843123187,0.0450143622767
364,0.754011913807,0.603136191006,0.516787722191,0.0288094584976,0.0450143622767
365,0.749612180074,0.586861136505,0.516787722191,0.0302446777381,0.0450143622767
366,0.664156641651,0.469122082406,0.516787722191,0.0397892064086,0.0450143622767
367,0.78416052978,0.648285752189,0.456413679987,0.0256178301853,0.0506385964543
368,0.776009923188,0.612752969275,0.456413679987,0.0291913009084,0.0506385964543
369,0.718384696194,0.60336583592,0.456413679987,0.0282424886572,0.0506385964543
370,0.677159387821,0.475617471256,0.456413679987,0.0378337248923,0.0506385964543
371,0.766981547671,0.65571645266,0.466724368871,0.0248774478675,0.049678088814
372,0.716830054375,0.603483617164,0.466724368871,0.0287500002799,0.049678088814
373,0.605505921627,0.398262566551,0.466724368871,0.0425021385425,0.049678088814
374,0.611066356194,0.541045532935,0.48049914474,0.0325828213334,0.0483948789707
375,0.755068240758,0.67137762721,0.554229717931,0.0234320778471,0.0415263971773
376,0.771755816996,0.683034989313,0.626097882816,0.022817735095,0.0348314108144
377,0.780337281088,0.720277637103,0.598453679297,0.0198480500373,0.0374066479291
378,0.743751159145,0.674059586117,0.598453679297,0.0234437028254,0.0374066479291
379,0.747008398431,0.697919276589,0.54431316526,0.0219569168894,0.0424501884694
380,0.734752908902,0.663242115024,0.54431316526,0.0240397980133,0.0424501884694
381,0.751915025205,0.690970981868,0.558662460337,0.0224323509042,0.0411134584303
382,0.705162015434,0.633947897963,0.558662460337,0.0262467450035,0.0411134584303
383,0.723660545612,0.660624002037,0.571781963263,0.0244846848341,0.0398912915179
384,0.674951935956,0.558374473006,0.571781963263,0.0318391930576,0.0398912915179
385,0.732697079978,0.717893766055,0.617400316969,0.0208743776711,0.0356416455662
386,0.732697079978,0.717893766055,0.617400316969,0.0208743776711,0.0356416455662
387,0.67417899159,0.511840637925,0.617400316969,0.0346442421664,0.0356416455662
388,0.7532081224,0.765731961245,0.558667382585,0.0170898724833,0.0411129998909
389,0.739762849238,0.692706726053,0.558667382585,0.021729432347,0.0411129998909
390,0.763278539839,0.789312524345,0.615715119133,0.0156109447923,0.0357986326905
391,0.678749265689,0.506041894016,0.615715119133,0.0353170962368,0.0357986326905
392,0.704932843795,0.630836390254,0.63232492406,0.0262287723326,0.0342513214762
393,0.688441354316,0.629729609797,0.63232492406,0.0279219713145,0.0342513214762
394,0.69390323165,0.650519337191,0.609271147396,0.0249364544858,0.0363989305132
395,0.630901034283,0.449768544749,0.609271147396,0.040716154502,0.0363989305132
396,0.688612950067,0.657511300494,0.584929770369,0.0249527126573,0.0386664878873
397,0.713110524248,0.698736563958,0.575948557245,0.0216077625488,0.0395031462253
398,0.745829365584,0.66970198238,0.575948557245,0.0239964930112,0.0395031462253
399,0.712672676925,0.593069617398,0.575948557245,0.0293390955974,0.0395031462253
400,0.540926175552,0.244716188634,0.575948557245,0.0532467037421,0.0395031462253
401,0.711169141196,0.654266374543,0.570169060742,0.024147429934,0.040041543864
402,0.696436293238,0.664661585918,0.563913098947,0.023780510161,0.0406243273394
403,0.702430430679,0.638540305554,0.563913098947,0.0253590144299,0.0406243273394
404,0.70438589433,0.655847154696,0.553840435323,0.024130584166,0.0415626613807
405,0.71930470348,0.682964383014,0.619065895732,0.0228645456354,0.0354864860861
406,0.715564815018,0.641718869585,0.619065895732,0.0257026168791,0.0354864860861
407,0.719796095607,0.665037174366,0.589101094592,0.023894636902,0.038277901942
408,0.773782972201,0.696959860691,0.600993154911,0.0219334000938,0.037170079281
409,0.795794334759,0.707951444517,0.583742189645,0.0216877171831,0.0387771187454
410,0.736511402129,0.661572664354,0.583742189645,0.0239187843904,0.0387771187454
411,0.721671875311,0.663458309842,0.556440247635,0.0243145083862,0.0413204719773
412,0.777202046302,0.696187286853,0.628243270011,0.0209958073477,0.0346315540624
413,0.736879257994,0.619691626039,0.628243270011,0.0267765061668,0.0346315540624
414,0.763101888262,0.618197715851,0.628243270011,0.0272248551141,0.0346315540624
415,0.764970572555,0.67958599452,0.646782120916,0.0224552669593,0.0329045396855
416,0.750311473656,0.613087277462,0.646782120916,0.0282264097808,0.0329045396855
417,0.767026468014,0.657949934271,0.580141070756,0.0241391183405,0.0391125863601
418,0.668967952682,0.452301844854,0.580141070756,0.0391678255835,0.0391125863601
419,0.681592556034,0.479935527263,0.428776607439,0.0380219095014,0.0532131692727
420,0.678013391555,0.477007986844,0.428776607439,0.0380498410991,0.0532131692727
421,0.668599274563,0.481022788174,0.470257172421,0.0393163625019,0.0493489852168
422,0.621316802652,0.34177864989,0.470257172421,0.0502841693792,0.0493489852168
423,0.672901890687,0.525573180689,0.475430077629,0.0349808285804,0.0488670954971
424,0.637853429385,0.439977646864,0.475430077629,0.0395234714435,0.0488670954971
425,0.639580217151,0.385163199267,0.475430077629,0.0430534190211,0.0488670954971
426,0.648769530447,0.465814028983,0.403887864571,0.0371590288489,0.0555317173302
427,0.656902676545,0.448029411533,0.403887864571,0.0386897402873,0.0555317173302
428,0.736087054892,0.612044932873,0.606777647574,0.0278558710868,0.0366312162175
429,0.738879561979,0.613355516129,0.597822150749,0.0271155870136,0.0374654789153
430,0.709903290652,0.526311658302,0.597822150749,0.0341619708977,0.0374654789153
431,0.738879561979,0.613355516129,0.597822150749,0.0271155870136,0.0374654789153
432,0.699084899925,0.509669208454,0.597822150749,0.0340040544621,0.0374654789153
433,0.607992257264,0.399915786476,0.597822150749,0.0408757786717,0.0374654789153
434,0.725017206214,0.582775875208,0.627735209327,0.0304136100033,0.034678883215
435,0.71636060327,0.595809597437,0.624168595201,0.0294125979663,0.0350111364871
436,0.712389674813,0.629999833876,0.60117828555,0.0278110432577,0.0371528331596
437,0.759542292741,0.656575684349,0.605296133396,0.0246341544244,0.0367692288861
438,0.783470655492,0.697924884201,0.587658526913,0.0216310147068,0.0384122864911
439,0.772569061954,0.69092137679,0.587658526913,0.0224729751886,0.0384122864911
440,0.673747321327,0.549488874038,0.587658526913,0.0320230491086,0.0384122864911
441,0.694434872868,0.49657237398,0.587658526913,0.0354712447584,0.0384122864911
442,0.773027340442,0.693113645644,0.595189026979,0.0221081805976,0.0377107714973
443,0.755406151483,0.649708654576,0.595189026979,0.0261735633533,0.0377107714973
444,0.77365982713,0.675856482225,0.584354015464,0.0232502956259,0.0387201231963
445,0.725717027668,0.520789810701,0.584354015464,0.0336255022708,0.0387201231963
446,0.767582442204,0.682073006243,0.558732458038,0.0233767174749,0.0411069376898
447,0.778053099478,0.667970206098,0.558732458038,0.0242075678509,0.0411069376898
448,0.703082518133,0.522940359182,0.558732458038,0.033999202417,0.0411069376898
449,0.703482626235,0.50720860744,0.558732458038,0.0348500511175,0.0411069376898
450,0.773589389394,0.676335996711,0.556647338064,0.0233347295033,0.0413011801588
451,0.748429666075,0.611374297878,0.556647338064,0.0288998735035,0.0413011801588
452,0.751366057934,0.633635250645,0.525091259541,0.0271067463877,0.0442408338387
453,0.743658793765,0.615905960991,0.525091259541,0.0287223745836,0.0442408338387
454,0.751366057934,0.633635250645,0.525091259541,0.0271067463877,0.0442408338387
455,0.714316615054,0.604540497834,0.525091259541,0.0295613303856,0.0442408338387
456,0.736767960834,0.709588523538,0.593540346252,0.021483301697,0.0378643568157
457,0.727701296499,0.662862195361,0.593540346252,0.0244378128339,0.0378643568157
458,0.692973951171,0.671423105606,0.411971959878,0.0242056175043,0.0547786313439
459,0.73029093577,0.625410657936,0.411971959878,0.0270271998619,0.0547786313439
460,0.706877185267,0.655047057136,0.549224013126,0.0255655958788,0.0419927110934
461,0.703591331782,0.639240019639,0.549224013126,0.0268767780011,0.0419927110934
462,0.700010724215,0.615693048044,0.549224013126,0.0278962421804,0.0419927110934
463,0.732945669345,0.678208445301,0.56750350666,0.0235254981858,0.0402898575402
464,0.708358954749,0.623854043656,0.56750350666,0.0277991018654,0.0402898575402
465,0.748334154824,0.665455552885,0.560416227345,0.0246847209893,0.0409500836422
466,0.738945637255,0.698794388374,0.585126927328,0.0221826153651,0.0386481214359
467,0.767840844538,0.684107327398,0.585126927328,0.0233986436838,0.0386481214359
468,0.75623027687,0.668323863487,0.585126927328,0.0245801046444,0.0386481214359
469,0.738945637255,0.698794388374,0.585126927328,0.0221826153651,0.0386481214359
470,0.704235318403,0.648481550282,0.585126927328,0.0257405116004,0.0386481214359
471,0.714622486586,0.643223157219,0.585126927328,0.0264118923018,0.0386481214359
472,0.694566345443,0.61489798207,0.585126927328,0.0278055791031,0.0386481214359
473,0.700692944147,0.664298020948,0.592868902138,0.0244869089407,0.0379269061961
474,0.706069083102,0.684510967071,0.594622965374,0.0232340323606,0.0377635038125
475,0.739416114381,0.666676212743,0.594622965374,0.0246270913032,0.0377635038125
476,0.728511817678,0.634849185209,0.594622965374,0.0257526560774,0.0377635038125
477,0.701422495802,0.609748124178,0.594622965374,0.0281865572079,0.0377635038125
478,0.7368702091,0.727371796207,0.603198567616,0.0202292672256,0.0369646307628
479,0.747028702391,0.647056760028,0.603198567616,0.0258378909526,0.0369646307628
480,0.687921813484,0.568535053135,0.603198567616,0.03136821164,0.0369646307628
481,0.753379862551,0.737378123191,0.578900839082,0.019476352756,0.0392281219963
482,0.734518983042,0.635516617207,0.578900839082,0.0266910457607,0.0392281219963
483,0.805214269312,0.783461204481,0.610585541169,0.01612766746,0.0362764861959
484,0.680043291656,0.523084007797,0.610585541169,0.0348876139803,0.0362764861959
485,0.789598981405,0.695849196168,0.550433277706,0.0224669369783,0.0418800602432
486,0.795944986525,0.696456873604,0.581559420068,0.0224216003606,0.0389804579092
487,0.728878456757,0.693744381714,0.581559420068,0.0237973681375,0.0389804579092
488,0.721716887587,0.67823894323,0.581559420068,0.0238552394503,0.0389804579092
489,0.732264641938,0.638268615433,0.581559420068,0.0263262518721,0.0389804579092
490,0.771520235189,0.676261268619,0.606029815149,0.0239429621769,0.0367008816653
491,0.765392565762,0.69095289389,0.599263052204,0.0228469936752,0.0373312495857,√
492,0.810308420155,0.752491425778,0.626293177136,0.0172851595538,0.03481321788
493,0.681771377714,0.611947533431,0.626293177136,0.0272928238345,0.03481321788
494,0.789900258471,0.771356664377,0.670345582307,0.0168506236578,0.0307094502057
495,0.679596461035,0.59076989822,0.670345582307,0.029966902439,0.0307094502057
496,0.763231858216,0.691582968251,0.64011267222,0.0220932634858,0.0335258421515
497,0.708726050341,0.651363443787,0.64011267222,0.025494718367,0.0335258421515
498,0.67411279668,0.5041970713,0.64011267222,0.0358580937426,0.0335258421515
499,0.742291701535,0.644762033473,0.630918020673,0.0255611403401,0.034382383665
