generation,train,validation,test,validmse,testmse
0,0.689252143834,0.563824396389,0.256132235175,0.0306650666462,0.0692961139225
1,0.506341903586,0.357232955462,0.256132235175,0.0453562703468,0.0692961139225
2,0.72814958807,0.531953453985,0.509860250588,0.0346697363316,0.0456597012524
3,0.713915481654,0.515223531678,0.509860250588,0.0355789903068,0.0456597012524
4,0.730097873888,0.569747964913,0.519166533558,0.0322923248261,0.0447927605468
5,0.65274004083,0.508891634276,0.519166533558,0.0369930792053,0.0447927605468
6,0.740335982424,0.568279107857,0.491268122863,0.0323568723507,0.0473916787111
7,0.695767049327,0.526389801089,0.491268122863,0.0349741863073,0.0473916787111
8,0.714610817392,0.493933519556,0.491268122863,0.0375334792905,0.0473916787111
9,0.759516721909,0.56067075136,0.475770715411,0.0308538740314,0.0488353628752
10,0.739537545974,0.616781485572,0.508936860479,0.0275557027941,0.0457457210387
11,0.714346589649,0.492808501338,0.508936860479,0.0366586981513,0.0457457210387
12,0.689191253678,0.469399777224,0.508936860479,0.0380325905509,0.0457457210387
13,0.681678082361,0.501700436946,0.214874445185,0.0354580388911,0.073139545041
14,0.691827198724,0.569592195334,0.281427061807,0.0309420238293,0.0669397365247
15,0.576625475489,0.366458973928,0.281427061807,0.04524981112,0.0669397365247
16,0.633021381576,0.453761661375,0.386137312402,0.0381551980474,0.0571852965595
17,0.625500699296,0.446543496318,0.386137312402,0.0387946190551,0.0571852965595
18,0.693242618984,0.630753292686,0.548665779682,0.0266762812642,0.0420447141645
19,0.639174732284,0.398859660796,0.548665779682,0.0426643106423,0.0420447141645
20,0.633021381576,0.453761661375,0.386137312402,0.0381551980474,0.0571852965595
21,0.65156333206,0.454116261111,0.411838884504,0.0388524474234,0.0547910281793
22,0.724853692997,0.504738634743,0.394652341609,0.0343600430695,0.0563920662814
23,0.668481842194,0.514005309789,0.292903862408,0.0339046457319,0.0658705980038
24,0.663775447287,0.505503330792,0.292903862408,0.0344434105195,0.0658705980038
25,0.672909994725,0.520190672536,0.298656363765,0.0333429376317,0.0653347151382
26,0.602471830204,0.375136647294,0.298656363765,0.0444709354788,0.0653347151382
27,0.581611934993,0.426057970753,0.391135476956,0.0417419596629,0.0567196850668
28,0.661790003566,0.541026310272,0.440713630586,0.0324465194823,0.0521011580322
29,0.633620560317,0.451958085795,0.440713630586,0.0389201884887,0.0521011580322
30,0.64804342002,0.45577922579,0.480701371259,0.0397163144564,0.048376040257
31,0.64583061543,0.422160247673,0.480701371259,0.041841962967,0.048376040257
32,0.667811220875,0.466731402291,0.460474453911,0.0395592035405,0.0502603089874
33,0.639866773047,0.35755073381,0.460474453911,0.0465660783227,0.0502603089874
34,0.682283575411,0.422041025247,0.494910235321,0.043246198822,0.0470523922791
35,0.551421880752,0.274673395457,0.494910235321,0.052178376131,0.0470523922791
36,0.62783032811,0.402791410025,0.467024081306,0.0432556421425,0.0496501686539
37,0.702474097908,0.504169294311,0.480886655035,0.0348860349735,0.0483587798698
38,0.612035751139,0.349880254425,0.480886655035,0.0453220215178,0.0483587798698
39,0.638023655387,0.365076192314,0.413485222617,0.0442886482884,0.0546376610906
40,0.663060094986,0.425582482654,0.370134954588,0.0393588602517,0.0586760201296
41,0.773065534836,0.703462236236,0.621870943952,0.0214897096274,0.0352251776247
42,0.772489143905,0.670030743799,0.621870943952,0.0237505841485,0.0352251776247
43,0.742211525038,0.685240232391,0.612900859579,0.0224515674109,0.0360607992473
44,0.677348487517,0.421735453813,0.612900859579,0.0408445333734,0.0360607992473
45,0.740100425235,0.681340291327,0.604651926906,0.022871805824,0.0368292409049
46,0.749706165272,0.708704255694,0.556684385217,0.0217295599339,0.0412977289759
47,0.727454885857,0.637519639275,0.556684385217,0.0263059075472,0.0412977289759
48,0.729162486245,0.660550149165,0.556041117531,0.0248908804598,0.041357653539
49,0.697522705797,0.636341787309,0.556041117531,0.0270415096574,0.041357653539
50,0.691271940325,0.625490985872,0.556041117531,0.0271993326259,0.041357653539
51,0.729162486245,0.660550149165,0.556041117531,0.0248908804598,0.041357653539
52,0.724028818172,0.668012625031,0.545072768694,0.0249044816561,0.0423794264757
53,0.738616073871,0.664349374735,0.545072768694,0.0250394574956,0.0423794264757
54,0.66597605735,0.48211820286,0.545072768694,0.037680290559,0.0423794264757
55,0.733268977566,0.664607175165,0.303130837028,0.0253295154342,0.0649178888908
56,0.615235240122,0.406936211041,0.303130837028,0.0428416166615,0.0649178888908
57,0.724028818172,0.668012625031,0.545072768694,0.0249044816561,0.0423794264757
58,0.747225720481,0.648828795241,0.545072768694,0.0263249654149,0.0423794264757
59,0.717764897612,0.639257331669,0.545072768694,0.0270073950119,0.0423794264757
60,0.663953068234,0.464482239618,0.545072768694,0.0382598660998,0.0423794264757
61,0.704648702872,0.643992402824,0.584674209821,0.026702294265,0.0386902950123
62,0.716040766848,0.666048283054,0.558624145516,0.0247232746591,0.0411170277047
63,0.752375462155,0.595249877843,0.558624145516,0.0297134696507,0.0411170277047
64,0.552457454103,0.361692466696,0.558624145516,0.046506568488,0.0411170277047
65,0.685438907031,0.644511217156,0.551488587751,0.0264131481445,0.041781751258
66,0.577447977977,0.28587964656,0.551488587751,0.0529946045354,0.041781751258
67,0.649598411046,0.438428930975,0.426045165523,0.0409077424187,0.0534676208286
68,0.629687620975,0.348958466856,0.426045165523,0.049289522701,0.0534676208286
69,0.515868699348,0.1936523383,0.426045165523,0.0565247829334,0.0534676208286
70,0.648577117653,0.50912646415,0.413550826467,0.0365039587,0.0546315496659
71,0.670487572387,0.457471669107,0.413550826467,0.0401642872562,0.0546315496659
72,0.627449930795,0.469350909596,0.455831288534,0.0384652557907,0.0506928500009
73,0.631982932147,0.430938166031,0.455831288534,0.0419993213894,0.0506928500009
74,0.718201138598,0.632378357691,0.541170897298,0.0273384031864,0.0427429111399
75,0.696669129295,0.660902292419,0.599702443545,0.0251146672571,0.0372903174283
76,0.614197891217,0.43509316587,0.599702443545,0.0403463589479,0.0372903174283
77,0.712884719881,0.635493852748,0.589707237297,0.0268308392293,0.038221435812
78,0.721795680153,0.612860074882,0.589707237297,0.0288445061018,0.038221435812
79,0.676259865491,0.549083117527,0.589707237297,0.0330707832796,0.038221435812
80,0.754410700878,0.69583716954,0.628512724772,0.0226769961097,0.0346064526011
81,0.737571176279,0.690322259209,0.628512724772,0.0224168184377,0.0346064526011
82,0.754410700878,0.69583716954,0.628512724772,0.0226769961097,0.0346064526011
83,0.783241611871,0.702274297268,0.655770776872,0.0224574181766,0.0320671879994
84,0.685222013547,0.647072760985,0.655770776872,0.025963971079,0.0320671879994
85,0.740770988663,0.616701105822,0.655770776872,0.0272516119535,0.0320671879994
86,0.742646591437,0.607012761564,0.655770776872,0.0280009845129,0.0320671879994
87,0.706368269518,0.537565603615,0.655770776872,0.0334369035262,0.0320671879994
88,0.765533989687,0.732833104167,0.658521662899,0.0195552499445,0.0318109250982
89,0.765533989687,0.732833104167,0.658521662899,0.0195552499445,0.0318109250982
90,0.737571176279,0.690322259209,0.658521662899,0.0224168184377,0.0318109250982
91,0.744642555918,0.687011661485,0.658521662899,0.0229321099212,0.0318109250982
92,0.765533989687,0.732833104167,0.658521662899,0.0195552499445,0.0318109250982
93,0.754674351503,0.685174979963,0.658521662899,0.0224745982863,0.0318109250982
94,0.686286441305,0.483598516181,0.658521662899,0.0374278433522,0.0318109250982
95,0.699492644409,0.684848076294,0.529112319629,0.0235493150598,0.0438662459737
96,0.720459110279,0.671909024958,0.529112319629,0.024217894609,0.0438662459737
97,0.638693191812,0.532372091716,0.529112319629,0.0349687307258,0.0438662459737
98,0.64632672584,0.541563242384,0.389377166653,0.0339653449328,0.0568834830922
99,0.640330294945,0.487835167291,0.389377166653,0.0371559521844,0.0568834830922
100,0.652268129772,0.470418979403,0.389377166653,0.0376001409961,0.0568834830922
101,0.685179624727,0.630150531191,0.563889439186,0.0276448613126,0.0406265313998
102,0.624187677989,0.390549375549,0.563889439186,0.0433579924376,0.0406265313998
103,0.719113181719,0.643429467159,0.577858927086,0.0265363178999,0.0393251828662
104,0.773774629932,0.716199739582,0.626749840957,0.0200930329135,0.034770676679
105,0.773364939532,0.663710657889,0.626749840957,0.0234533187241,0.034770676679
106,0.804912041908,0.804789944387,0.67921045569,0.0143636264621,0.0298836296702
107,0.742352944396,0.691683955905,0.67921045569,0.0227690151947,0.0298836296702
108,0.786671835492,0.749522942115,0.621494633221,0.018508671966,0.0352602334136
109,0.7336652691,0.656616275378,0.621494633221,0.0254926294598,0.0352602334136
110,0.728722413223,0.645009691676,0.621494633221,0.0252472898757,0.0352602334136
111,0.792879819739,0.757284993475,0.634977526345,0.0179816895237,0.034004214344
112,0.781657660036,0.759404058442,0.671086335438,0.0180104443358,0.0306404442401
113,0.739545808714,0.691036213949,0.671086335438,0.022711149766,0.0306404442401
114,0.781657660036,0.759404058442,0.671086335438,0.0180104443358,0.0306404442401
115,0.783700421516,0.764027830145,0.658601896401,0.0175265524435,0.0318034508263
116,0.737511754634,0.725780166359,0.658601896401,0.0199672644439,0.0318034508263
117,0.658234471818,0.526238596643,0.658601896401,0.0333192574399,0.0318034508263
118,0.782792293479,0.714520140462,0.627134750073,0.0210191593081,0.0347348198948
119,0.786207515739,0.68123822686,0.627134750073,0.0226667496888,0.0347348198948
120,0.760641458205,0.67422522128,0.627134750073,0.0233025366027,0.0347348198948
121,0.660890901645,0.537332506433,0.627134750073,0.0322547132514,0.0347348198948
122,0.776101409885,0.708187581778,0.642416696321,0.0209196101529,0.0333112073412
123,0.768151749356,0.663228975896,0.642416696321,0.023726814071,0.0333112073412
124,0.766330343864,0.673372908813,0.640531850359,0.0229856190239,0.0334867929852
125,0.747181332816,0.648995581845,0.640531850359,0.0256062457644,0.0334867929852
126,0.735480793928,0.660590880379,0.604981211653,0.0249592134693,0.0367985658919
127,0.735480793928,0.660590880379,0.604981211653,0.0249592134693,0.0367985658919
128,0.763863601685,0.678583233392,0.595641909673,0.022879635201,0.0376685825328
129,0.702092709981,0.585825617951,0.595641909673,0.0299226044974,0.0376685825328
130,0.761596007938,0.695299532951,0.636155210588,0.0219361218801,0.0338945054074
131,0.766176642892,0.735455561471,0.62528521301,0.0189732036486,0.0349071162854
132,0.749330269129,0.710439946431,0.62528521301,0.0210104631531,0.0349071162854
133,0.711373018641,0.627090146405,0.62528521301,0.0273336958928,0.0349071162854
134,0.747260270721,0.647397577333,0.578666187208,0.026218347079,0.0392499813424
135,0.730997523274,0.658502510816,0.596056654025,0.0254223830546,0.0376299464025
136,0.713895007957,0.642929801825,0.596056654025,0.025808000114,0.0376299464025
137,0.620438180125,0.471903799556,0.596056654025,0.0379934281098,0.0376299464025
138,0.624715897918,0.443474163277,0.596056654025,0.0399806753894,0.0376299464025
139,0.675572435863,0.480462196846,0.444296185612,0.038543605507,0.0517674197618
140,0.69020189392,0.525333189307,0.394425299828,0.0343846920137,0.056413216698
141,0.6844680944,0.542992191083,0.338524021275,0.0333024675801,0.0616207838896
142,0.6986712059,0.515495292861,0.338524021275,0.0338064908894,0.0616207838896
143,0.6844680944,0.542992191083,0.338524021275,0.0333024675801,0.0616207838896
144,0.712152608485,0.725248955635,0.553290154526,0.0197561102571,0.0416139236112
145,0.713802144782,0.676543704198,0.553290154526,0.0236544066477,0.0416139236112
146,0.738623165525,0.671957169607,0.553290154526,0.0236211324123,0.0416139236112
147,0.726879377315,0.705785166742,0.551244743487,0.0212425328535,0.041804466935
148,0.620486218862,0.450795459086,0.551244743487,0.0382814049347,0.041804466935
149,0.662284296659,0.456135871933,0.412707343237,0.0386536496988,0.0547101256074
150,0.731914103918,0.556010491223,0.368382692435,0.0311243351392,0.0588392547307
151,0.631448537898,0.438667864858,0.368382692435,0.0393309681118,0.0588392547307
152,0.679575886346,0.502590530239,0.224208979425,0.0345027951832,0.0722699725461
153,0.682906378197,0.495015522007,0.224208979425,0.0349074909713,0.0722699725461
154,0.679575886346,0.502590530239,0.224208979425,0.0345027951832,0.0722699725461
155,0.663799600374,0.468256282368,0.224208979425,0.0367642920715,0.0722699725461
156,0.695914415739,0.523052761592,0.25441154508,0.0327603866903,0.0694564073813
157,0.580519365096,0.366699972205,0.25441154508,0.0456031215559,0.0694564073813
158,0.726550049618,0.596759157007,0.372688915258,0.0286134582753,0.0584381021046
159,0.658414053511,0.582387072665,0.372688915258,0.031477236706,0.0584381021046
160,0.728003004589,0.596346251707,0.488363937452,0.0283826715287,0.0476622224456
161,0.721053679026,0.557521311713,0.488363937452,0.0311817535118,0.0476622224456
162,0.701255933909,0.514273026622,0.488363937452,0.0344607491489,0.0476622224456
163,0.763265180556,0.700947489737,0.54910434035,0.021349754462,0.0420038593897
164,0.783901022298,0.703047282694,0.587549543951,0.021101332709,0.038422438962
165,0.637619080842,0.477895575163,0.587549543951,0.03573307647,0.038422438962
166,0.770710931807,0.695785382155,0.551524822193,0.0212581753422,0.0417783757843
167,0.67687577441,0.593281560459,0.551524822193,0.0299614801776,0.0417783757843
168,0.753875658825,0.656646306913,0.504852774769,0.0241539197485,0.0461261801499
169,0.741485223033,0.670625254265,0.504654647569,0.0236311587746,0.0461446369854
170,0.641670483522,0.43474501933,0.504654647569,0.0386660699747,0.0461446369854
171,0.663508430378,0.459283228058,0.395621770001,0.038405762978,0.05630175773
172,0.664539898609,0.423737789191,0.395621770001,0.0400316210755,0.05630175773
173,0.637954325942,0.424156676521,0.474384246793,0.0422022245005,0.0489645214324
174,0.665961489893,0.47084567905,0.490058837609,0.0392833655798,0.0475043314871
175,0.665961489893,0.47084567905,0.490058837609,0.0392833655798,0.0475043314871
176,0.700880697268,0.496234445376,0.46718105033,0.0378196899531,0.0496355459698
177,0.720993395993,0.534449950829,0.554840818877,0.0344237112103,0.0414694691549
178,0.705409604099,0.491126760001,0.554840818877,0.0377786174128,0.0414694691549
179,0.682753336084,0.47222186661,0.554840818877,0.0387790170359,0.0414694691549
180,0.683431920209,0.435953118452,0.554840818877,0.0405230478136,0.0414694691549
181,0.708525972051,0.529907616574,0.554266665009,0.0343535244046,0.041522955317
182,0.680634320749,0.598528428996,0.483152942448,0.0300723891515,0.048147660477
183,0.726785055703,0.566644636198,0.483152942448,0.0317404035685,0.048147660477
184,0.667982285696,0.499963841958,0.483152942448,0.0375264501001,0.048147660477
185,0.764720134953,0.733588070822,0.552973275327,0.0193274957907,0.0416434429668
186,0.612530499275,0.406559082303,0.552973275327,0.0426737285614,0.0416434429668
187,0.712849855458,0.625193480359,0.6124964351,0.0265609082967,0.0360984740144
188,0.592552309982,0.407657276488,0.6124964351,0.0418159845082,0.0360984740144
189,0.712849855458,0.625193480359,0.6124964351,0.0265609082967,0.0360984740144
190,0.533586621231,0.3905992748,0.6124964351,0.043173096012,0.0360984740144
191,0.66644700331,0.49307101427,0.49198196315,0.0370220586709,0.0473251798517
192,0.732131150216,0.687586083018,0.575703862235,0.0233365093336,0.0395259411548
193,0.744283897222,0.652840032561,0.575703862235,0.0254116573617,0.0395259411548
194,0.729858097166,0.61248774526,0.575703862235,0.028726361514,0.0395259411548
195,0.609666504967,0.448141504833,0.575703862235,0.0401465982869,0.0395259411548
196,0.693863843955,0.634960603215,0.557979774346,0.0269957897454,0.0411770550646
197,0.724652373346,0.65201268914,0.575262712008,0.0255686228151,0.0395670371638
198,0.762322426646,0.676132575047,0.575140624581,0.0242581222951,0.0395784104007
199,0.738066094879,0.630293558647,0.575140624581,0.0266543606669,0.0395784104007
200,0.756510131938,0.64914212635,0.624107241786,0.0256370065289,0.0350168519562
201,0.701842539691,0.608174125473,0.624107241786,0.0283789325769,0.0350168519562
202,0.69221524105,0.504996514466,0.624107241786,0.0357354834577,0.0350168519562
203,0.765080881105,0.695094427489,0.602519949918,0.0221013498573,0.0370278484092
204,0.700251962055,0.588241419704,0.602519949918,0.0310647323125,0.0370278484092
205,0.742512164098,0.689738050091,0.544925099759,0.0233071354417,0.0423931827961
206,0.742167126653,0.67027365166,0.544925099759,0.0248983274896,0.0423931827961
207,0.726301415821,0.636614282325,0.544925099759,0.0276894240397,0.0423931827961
208,0.742512164098,0.689738050091,0.544925099759,0.0233071354417,0.0423931827961
209,0.74960208617,0.725701785647,0.57783462329,0.0207508279325,0.0393274469227
210,0.748119122483,0.690952623865,0.57783462329,0.0233914032238,0.0393274469227
211,0.750223491567,0.573324897266,0.57783462329,0.0309751083472,0.0393274469227
212,0.760336159984,0.693754759133,0.589457842032,0.0231372171671,0.0382446686008
213,0.763857965141,0.685351311804,0.589457842032,0.0234156777635,0.0382446686008
214,0.744674301735,0.676156645132,0.589457842032,0.0239476201209,0.0382446686008
215,0.748119122483,0.690952623865,0.575478201947,0.0233914032238,0.0395469628764
216,0.72924365888,0.619370295467,0.575478201947,0.0279654452775,0.0395469628764
217,0.754444060054,0.65894744474,0.613221690965,0.0255230884508,0.0360309117198
218,0.739729085456,0.653039201882,0.613221690965,0.0256019901361,0.0360309117198
219,0.72531155874,0.620645901693,0.613221690965,0.0269619151538,0.0360309117198
220,0.630336191809,0.408561460589,0.613221690965,0.042677410186,0.0360309117198
221,0.767889160498,0.679544151145,0.610683233503,0.0237750167029,0.0362673855204
222,0.586115218644,0.2775296203,0.610683233503,0.0528867104944,0.0362673855204
223,0.715575589264,0.64835740892,0.610583422526,0.0269856346766,0.0362766835613
224,0.780075613562,0.689439675947,0.576919349703,0.0231963840674,0.0394127106023
225,0.795480570766,0.642814595899,0.576919349703,0.0261577693423,0.0394127106023
226,0.673538200715,0.544722059318,0.576919349703,0.033563052454,0.0394127106023
227,0.761091561729,0.691908111495,0.591745789871,0.0223024464965,0.0380315313987
228,0.769133043639,0.698973509253,0.623530292742,0.0215594682798,0.035070598507
229,0.768883437351,0.690181043509,0.623530292742,0.0221559218092,0.035070598507
230,0.773959569631,0.718429322163,0.631467793898,0.0202516305431,0.0343311687181
231,0.768688157978,0.705698100395,0.631467793898,0.0211967511776,0.0343311687181
232,0.697311078498,0.64780850891,0.631467793898,0.0263609176311,0.0343311687181
233,0.641633637624,0.521007114124,0.631467793898,0.0344810004406,0.0343311687181
234,0.715343556289,0.645187925328,0.584381991355,0.0252972454061,0.0387175170605
235,0.734065149624,0.657852633333,0.588360468146,0.0247749633576,0.038346896106
236,0.742329490396,0.60090777123,0.588360468146,0.0293083059956,0.038346896106
237,0.754488252185,0.683095216778,0.616744322606,0.0232854615976,0.035702755702
238,0.731937442058,0.618383787039,0.616744322606,0.0273040937962,0.035702755702
239,0.744288094018,0.67507489659,0.628553190701,0.0242524551474,0.0346026829371
240,0.579160764115,0.400463856224,0.628553190701,0.0432997883269,0.0346026829371
241,0.65456900272,0.49797146331,0.497933884106,0.036195856206,0.0467707197553
242,0.66246308265,0.520337571047,0.191428633104,0.034911229641,0.0753236747234
243,0.627224646224,0.463960124569,0.191428633104,0.0386725261377,0.0753236747234
244,0.686887739282,0.534386394645,0.491546922754,0.0336533839018,0.0473657066903
245,0.662749490717,0.54809343996,0.461988949832,0.0347573539776,0.0501192238553
246,0.668129683586,0.54014947497,0.461988949832,0.0361372240254,0.0501192238553
247,0.641561461328,0.406763793055,0.461988949832,0.0434933247138,0.0501192238553
248,0.595497653362,0.32835485977,0.461988949832,0.0498487049591,0.0501192238553
249,0.659324317558,0.435655722081,0.432951241561,0.0415640040081,0.0528242749888
250,0.639939191555,0.455114719371,0.458968417927,0.0409782618767,0.0504006060215
251,0.658154448618,0.439827082098,0.458968417927,0.0418672065828,0.0504006060215
252,0.653735573474,0.543884810267,0.445699449581,0.0347213425087,0.0516366966086
253,0.724129850247,0.554332035733,0.53584078715,0.0334228383979,0.0432394455208
254,0.669189037878,0.451397904915,0.53584078715,0.0395755520024,0.0432394455208
255,0.693557294133,0.623168802763,0.490906053287,0.0290281054624,0.0474254078438
256,0.694572684359,0.619242457984,0.490906053287,0.0278980508535,0.0474254078438
257,0.657257836752,0.446571632458,0.490906053287,0.0405589124689,0.0474254078438
258,0.709692797859,0.596568798285,0.546350207983,0.0301121958762,0.0422604247086
259,0.682520257028,0.54195102644,0.546350207983,0.0339255211256,0.0422604247086
260,0.670434162806,0.556524434054,0.494103639898,0.0339672177509,0.0471275318817
261,0.704014769107,0.600356210512,0.563979889595,0.0292538916431,0.0406181053567
262,0.753133290263,0.634417875039,0.572509251359,0.0267034047331,0.0398235399078
263,0.727782858191,0.611901000184,0.572509251359,0.0289386314578,0.0398235399078
264,0.728203446853,0.609672609525,0.572509251359,0.0296384392501,0.0398235399078
265,0.663866954829,0.533624195129,0.572509251359,0.0344165152273,0.0398235399078
266,0.720122698233,0.626068194964,0.562457853204,0.0268957952705,0.0407598929326
267,0.744631205662,0.553888032667,0.562457853204,0.0302644128604,0.0407598929326
268,0.705909835513,0.599195461218,0.571847195714,0.0281654668847,0.0398852146913
269,0.641310293982,0.453385529982,0.571847195714,0.0391330818905,0.0398852146913
270,0.720504585,0.613361526596,0.595783321554,0.027022778526,0.0376554090975
271,0.681773771951,0.620931612002,0.583678291073,0.0275223330532,0.0387830713124
272,0.61856396156,0.417498680544,0.583678291073,0.0414810631673,0.0387830713124
273,0.642515824661,0.515512036545,0.436233748822,0.034866234621,0.0525184881166
274,0.655121190199,0.532101095755,0.343768949181,0.0344404068607,0.0611321847879
275,0.651925993222,0.534332170588,0.3785374625,0.0350253610922,0.057893271941
276,0.626779175571,0.530319750655,0.3785374625,0.0342217503536,0.057893271941
277,0.685773571694,0.562908370866,0.415977947888,0.0319342668272,0.0544054475407
278,0.665695558261,0.517640386004,0.415977947888,0.0368888223129,0.0544054475407
279,0.669860672595,0.529932972854,0.357893217928,0.0329757835749,0.059816417413
280,0.640948046996,0.458008622688,0.357893217928,0.0395669589884,0.059816417413
281,0.674655657502,0.573373213034,0.330510836628,0.0308469185895,0.0623672640873
282,0.647268791458,0.481427273544,0.330510836628,0.0390014585409,0.0623672640873
283,0.690935424064,0.497600375644,0.441173070978,0.0363556411977,0.0520583581755
284,0.61502806458,0.367242438896,0.441173070978,0.0448784699235,0.0520583581755
285,0.688920833617,0.53661323442,0.45019311303,0.0336425896683,0.0512180826707
286,0.660642713487,0.562610295301,0.383236820639,0.0334883300348,0.0574554962067
287,0.715173106778,0.572842421057,0.413242337305,0.0314053445941,0.0546602874351
288,0.656994015972,0.566344817025,0.413242337305,0.0319184811932,0.0546602874351
289,0.682371381036,0.465475152157,0.413242337305,0.0393757054294,0.0546602874351
290,0.668205721414,0.381618905787,0.413242337305,0.0448654530916,0.0546602874351
291,0.716986894672,0.510664513574,0.388539681073,0.0357610583231,0.0569615003137
292,0.651742453037,0.397313429292,0.388539681073,0.0429241817515,0.0569615003137
293,0.703725573015,0.483736700647,0.443889132575,0.0363908353987,0.0518053393961
294,0.766737608542,0.572738044514,0.563571634642,0.0297678361234,0.0406561369573
295,0.769796377055,0.590297464253,-0.00883250355061,0.028579932965,0.0939793003548
296,0.682730227094,0.518522633577,-0.00883250355061,0.0347138265206,0.0939793003548
297,0.730010681289,0.558345578295,0.343738360463,0.031314647982,0.0611350343257
298,0.639748596369,0.431455187127,0.343738360463,0.0417767545558,0.0611350343257
299,0.754539824063,0.66352454415,0.590203350577,0.0248045116046,0.0381752196375
300,0.737656120628,0.569029558173,0.590203350577,0.0312049774262,0.0381752196375
301,0.741983732151,0.709111345871,0.65614197469,0.0203966120729,0.0320326085117
302,0.614237679707,0.446641866947,0.65614197469,0.0400112167138,0.0320326085117
303,0.790671664225,0.690976379341,0.688724749376,0.0211939863279,0.0289973114154
304,0.772769594708,0.632162711815,0.688724749376,0.0255997838682,0.0289973114154
305,0.639243699369,0.477512813867,0.688724749376,0.0360745354127,0.0289973114154
306,0.794827924105,0.756869915418,0.643866806901,0.0169770005454,0.0331761201218
307,0.756941566445,0.688680002206,0.643866806901,0.0221684584127,0.0331761201218
308,0.753703231865,0.650547637518,0.643866806901,0.0245448027424,0.0331761201218
309,0.731972866051,0.673304745127,0.593481274675,0.0229573064664,0.0378698597167
310,0.712138364498,0.599024560572,0.593481274675,0.028488736062,0.0378698597167
311,0.723594400277,0.617651745598,0.55381433666,0.0252415048068,0.0415650926407
312,0.794827924105,0.756869915418,0.643866806901,0.0169770005454,0.0331761201218
313,0.725836167529,0.643930704462,0.643866806901,0.0247629594199,0.0331761201218
314,0.739755759807,0.730565829776,0.618414293502,0.0199973995194,0.0355471870661
315,0.673338733017,0.567900741689,0.618414293502,0.0306200263621,0.0355471870661
316,0.736604643674,0.676938424755,0.587604223746,0.0231917765816,0.0384173451839
317,0.724945308144,0.685285581863,0.572523465334,0.0229504744045,0.0398222157837
318,0.730075537846,0.681699534458,0.572523465334,0.0237180856928,0.0398222157837
319,0.677311641979,0.512899661873,0.572523465334,0.034445253219,0.0398222157837
320,0.764462158775,0.656851797496,0.58594439935,0.0237201591455,0.0385719686074
321,0.626040315285,0.44823107757,0.58594439935,0.0387447545147,0.0385719686074
322,0.74123429515,0.641932986641,0.56688216146,0.0263601126931,0.0403477398814
323,0.742185630037,0.62663572386,0.56688216146,0.0271113324023,0.0403477398814
324,0.744883184015,0.68246247939,0.588643236053,0.023765672292,0.0383205544388
325,0.674508548909,0.46063989439,0.588643236053,0.0387789980801,0.0383205544388
326,0.70678399788,0.549254722514,0.408378375689,0.0329681095587,0.0551133970524
327,0.62310521072,0.327908597512,0.408378375689,0.0480759105033,0.0551133970524
328,0.76869421845,0.640657370952,0.592229877015,0.0268647393912,0.037986435537
329,0.759383086307,0.660553503384,0.559689559701,0.0249680673103,0.0410177774532
330,0.772330140753,0.665045887221,0.639407784411,0.024205069074,0.0335915070294
331,0.773464378588,0.667309780494,0.599642406737,0.0248866780549,0.0372959102469
332,0.771474757486,0.649596732772,0.599642406737,0.0252403263743,0.0372959102469
333,0.735022288162,0.679158904867,0.570903646351,0.0235334185906,0.0399731124431
334,0.647715568565,0.43199067338,0.570903646351,0.0398743595508,0.0399731124431
335,0.562308656215,0.38849335088,0.570903646351,0.0432798277125,0.0399731124431
336,0.529515768648,0.32875644736,0.570903646351,0.0469584440465,0.0399731124431
337,0.725934734598,0.612165833866,0.575693482063,0.0288743351621,0.0395269081352
338,0.710185054066,0.632695552886,0.567886353766,0.0269012543416,0.0402541928456
339,0.738464680698,0.652543256718,0.629881320435,0.0248586596799,0.0344789590258
340,0.718639083402,0.647782301613,0.629881320435,0.024953970718,0.0344789590258
341,0.795170105956,0.685634101133,0.636120136246,0.022935836795,0.0338977728101
342,0.810741475481,0.735425089705,0.615875752484,0.019547359117,0.0357836686505
343,0.745831818289,0.66095615088,0.615875752484,0.0239615007611,0.0357836686505
344,0.810741475481,0.735425089705,0.615875752484,0.019547359117,0.0357836686505
345,0.78484481799,0.681601351573,0.615875752484,0.022890932428,0.0357836686505
346,0.711301756072,0.514989386636,0.615875752484,0.034923561321,0.0357836686505
347,0.703663719016,0.66964683408,0.515999661229,0.0237054475861,0.045087775274
348,0.641094241979,0.571372962994,0.515999661229,0.0312266596006,0.045087775274
349,0.70095694615,0.547332177359,0.515999661229,0.0317441588219,0.045087775274
350,0.719927989165,0.644324025553,0.620190020553,0.0252929091196,0.0353817665574
351,0.690583632009,0.63660412468,0.620190020553,0.0258760619629,0.0353817665574
352,0.719835918793,0.577444529969,0.620190020553,0.0293912703135,0.0353817665574
353,0.714592846599,0.614402809075,0.553167269615,0.0280657447625,0.0416253711388
354,0.661858124747,0.368472760651,0.553167269615,0.0443209315455,0.0416253711388
355,0.677076681003,0.572544028376,0.505702309001,0.0311605556725,0.0460470405182
356,0.706384392875,0.573917278398,0.569654253924,0.0307375110885,0.0400895014629
357,0.690881902341,0.584945770135,0.593308977963,0.0309301960541,0.0378859102746
358,0.662702809767,0.601282842053,0.423674866851,0.029527563282,0.0536884295456
359,0.604720122086,0.478970555619,0.423674866851,0.0376734055224,0.0536884295456
360,0.65906289436,0.487205021273,0.486497356097,0.0369045192568,0.0478361066227
361,0.652668251491,0.458547082827,0.486497356097,0.0394136674692,0.0478361066227
362,0.658638496356,0.481554631039,0.301981486846,0.0371297216543,0.0650249583257
363,0.716428489471,0.552993298231,0.500296965852,0.0329584511016,0.0465505833417
364,0.666555279231,0.438487713183,0.500296965852,0.0398098513312,0.0465505833417
365,0.658585862979,0.354905004068,0.500296965852,0.0459948108849,0.0465505833417
366,0.671886013262,0.442507090417,0.430388267911,0.0408850036335,0.0530630326315
367,0.671886013262,0.442507090417,0.430388267911,0.0408850036335,0.0530630326315
368,0.621825475023,0.373399708239,0.430388267911,0.0463136405335,0.0530630326315
369,0.663534360314,0.498271304367,0.465867930608,0.0377410724624,0.0497578716009
370,0.633084683792,0.471485707204,0.465867930608,0.0395623153491,0.0497578716009
371,0.640193244677,0.498135363519,0.469974612208,0.0374619648242,0.0493753075359
372,0.657997227417,0.470022577149,0.469974612208,0.0386494338563,0.0493753075359
373,0.661592437541,0.419149887064,0.469974612208,0.0423059881623,0.0493753075359
374,0.668884484951,0.560345534252,0.492132081042,0.032956438707,0.047311195395
375,0.560646412914,0.39724339157,0.492132081042,0.0434257147659,0.047311195395
376,0.661491558724,0.539858124035,0.485894015768,0.0351269521194,0.0478923116933
377,0.665638367902,0.573049745131,0.486022512461,0.0322021592392,0.0478803413917
378,0.617961195573,0.46839393361,0.486022512461,0.0375773368543,0.0478803413917
379,0.683396802213,0.534253274487,0.589018229824,0.0341060642002,0.0382856213333
380,0.50181177462,0.252621821043,0.589018229824,0.0535389482227,0.0382856213333
381,0.6433046688,0.489803759077,0.511571408978,0.0364451951457,0.0455002957339
382,0.62471292563,0.476974079524,0.511571408978,0.037444137215,0.0455002957339
383,0.609287036929,0.292110494655,0.511571408978,0.0495367128795,0.0455002957339
384,0.59157764422,0.427342427591,0.477738095002,0.0406283566056,0.0486520886876
385,0.545846075461,0.280699994205,0.477738095002,0.0508222511861,0.0486520886876
386,0.626881013365,0.473590319125,0.517704984283,0.0371728378157,0.0449289133549
387,0.638849951292,0.47707256082,0.372318301749,0.0375451763334,0.0584726271602
388,0.580300768872,0.393145349459,0.372318301749,0.0424155864569,0.0584726271602
389,0.636806137231,0.43488993269,0.514138352009,0.0408075305815,0.0452611683176
390,0.668463485179,0.518976555112,0.496135799385,0.0353061213272,0.0469382230261
391,0.58666686999,0.272231162028,0.496135799385,0.0526097432054,0.0469382230261
392,0.664127265643,0.521275532359,0.525648829211,0.0355497412574,0.0441888926025
393,0.634236484558,0.413422607562,0.525648829211,0.041724009496,0.0441888926025
394,0.68437123115,0.566568886834,0.554779929127,0.031682599456,0.0414751414306
395,0.597881709876,0.396400535747,0.554779929127,0.0437824716453,0.0414751414306
396,0.672144754075,0.563346283387,0.553753783519,0.0327593838465,0.0415707335592
397,0.485658725217,0.207193160988,0.553753783519,0.0577101261703,0.0415707335592
398,0.591112890741,0.431889531235,0.460002205008,0.0414786957739,0.0503043020401
399,0.624833608551,0.425241116806,0.460002205008,0.0424462144417,0.0503043020401
400,0.617230788031,0.396455549523,0.460002205008,0.0438041945092,0.0503043020401
401,0.571224770564,0.419623981129,0.341342520097,0.0413596781278,0.0613582224174
402,0.710215164266,0.623654424964,0.575742937488,0.0270269689008,0.0395223010412
403,0.751206733092,0.626592738281,0.57925525325,0.027377000292,0.0391951060145
404,0.769348013892,0.605025264481,0.57925525325,0.0286637456149,0.0391951060145
405,0.759183518553,0.59964588087,0.57925525325,0.0286898454071,0.0391951060145
406,0.751206733092,0.626592738281,0.57925525325,0.027377000292,0.0391951060145
407,0.712776689051,0.531644705093,0.57925525325,0.0329663924507,0.0391951060145
408,0.7462893307,0.671734030107,0.584574262466,0.024337285606,0.0386996057576
409,0.753966817233,0.658205754056,0.584574262466,0.0246017838252,0.0386996057576
410,0.7462893307,0.671734030107,0.584574262466,0.024337285606,0.0386996057576
411,0.756836754365,0.672075416184,0.54759217472,0.024549746099,0.0421447274402
412,0.764381356936,0.693581610368,0.58664942477,0.022875590157,0.0385062909102
413,0.78578047823,0.767475237594,0.632092693645,0.017020114317,0.0342729552478
414,0.762428418249,0.683709036524,0.632092693645,0.0232231612016,0.0342729552478
415,0.69185221277,0.458122380178,0.632092693645,0.0391307042043,0.0342729552478
416,0.712194415507,0.633818699731,0.598494649016,0.0262985371049,0.0374028313336
417,0.547508459705,0.393567920881,0.598494649016,0.0429873126117,0.0374028313336
418,0.601961071993,0.44985849524,0.336638518103,0.0395427617303,0.0617964307569
419,0.68972059717,0.508148954719,0.520911336533,0.0359971459978,0.0446302208168
420,0.622629636731,0.431524094928,0.520911336533,0.0411994014333,0.0446302208168
421,0.738831223829,0.643284989147,0.594449491632,0.0265722757612,0.0377796640184
422,0.738831223829,0.643284989147,0.594449491632,0.0265722757612,0.0377796640184,√
423,0.734793853956,0.597158439406,0.594449491632,0.0296669048056,0.0377796640184
424,0.70430476053,0.587880488585,0.594449491632,0.0302695631897,0.0377796640184
425,0.754407937539,0.674033077442,0.579999706835,0.0245829731388,0.0391257553277
426,0.714767886435,0.633768119017,0.579999706835,0.0273138209168,0.0391257553277
427,0.744836798469,0.648030984111,0.547675242478,0.0258182943442,0.0421369891389
428,0.71800774243,0.632748360615,0.547675242478,0.0276573389888,0.0421369891389
429,0.746887950201,0.677010704684,0.606870782068,0.0232750101107,0.0366225401346
430,0.705377153989,0.607894772919,0.606870782068,0.0278788582092,0.0366225401346
431,0.612843595081,0.400855599825,0.606870782068,0.0425583603542,0.0366225401346
432,0.743610450073,0.634365805783,0.58767765,0.0261238783498,0.0384105050514
433,0.725257476765,0.622895993359,0.58767765,0.0274962623975,0.0384105050514
434,0.752249279836,0.650261530489,0.571548670319,0.0246829670033,0.0399130242709
435,0.657170756666,0.473047602481,0.571548670319,0.0370127722122,0.0399130242709
436,0.740387414105,0.670476516871,0.589693637442,0.0234565738281,0.0382227027268
437,0.738819957298,0.625915440061,0.589693637442,0.0263860743004,0.0382227027268
438,0.693896332037,0.657413209681,0.587631550405,0.0244134359813,0.0384147995281
439,0.705600816863,0.695328034604,0.566133646424,0.0222291692243,0.0404174689188
440,0.709738561928,0.642252462607,0.566133646424,0.0258654090061,0.0404174689188
441,0.670086380844,0.503538815931,0.566133646424,0.0360069666398,0.0404174689188
442,0.63350243992,0.528820945336,0.324896241927,0.0349988085524,0.0628903000521
443,0.691552276393,0.57780988877,0.535800094876,0.0312176137929,0.0432432362704
444,0.66163511226,0.506110007804,0.535800094876,0.0368516010038,0.0432432362704
445,0.668075857272,0.552764577842,0.514148406729,0.0333145351125,0.0452602316551
446,0.672313269589,0.524455846587,0.514148406729,0.0352612946659,0.0452602316551
447,0.68277212416,0.523701874831,0.514148406729,0.0349264031848,0.0452602316551
448,0.654197556105,0.562236457373,0.501878014791,0.0326046181459,0.0464032983638
449,0.66821249547,0.563287931771,0.53017312032,0.0325418549289,0.0437674254991
450,0.707485204858,0.564287427521,0.559710742205,0.0312559909587,0.0410158041654
451,0.700663299577,0.547974436497,0.559710742205,0.0324482827569,0.0410158041654
452,0.730776847755,0.596577990998,0.538505609917,0.0286397333121,0.0429911999713
453,0.711965356423,0.588133381503,0.538505609917,0.0294585331465,0.0429911999713
454,0.676671733902,0.524949581517,0.538505609917,0.0331191400749,0.0429911999713
455,0.667015581026,0.486248441177,0.538505609917,0.0361821329012,0.0429911999713
456,0.685692623823,0.487116703616,0.4887770074,0.0378139085602,0.0476237422969
457,0.673706578792,0.486269668942,0.4887770074,0.0378183671633,0.0476237422969
458,0.676607518381,0.476184192656,0.4887770074,0.0382596369954,0.0476237422969
459,0.731577071252,0.570184466438,0.510774131134,0.0325632900812,0.0455745673436
460,0.706093065584,0.467628344597,0.510774131134,0.0394618393614,0.0455745673436
461,0.663275356859,0.521219262642,0.489332929191,0.0362401245081,0.0475719545712
462,0.712647093339,0.579116003969,0.581163539347,0.0304729956759,0.0390173367697
463,0.663786267459,0.473793613682,0.581163539347,0.0383466482247,0.0390173367697
464,0.723980888399,0.64483594394,0.606308834619,0.0250550657691,0.0366748891894
465,0.64984746213,0.548821952482,0.606308834619,0.0321904641481,0.0366748891894
466,0.717439895641,0.575233388267,0.567625068606,0.0304786728279,0.0402785332554
467,0.680976937872,0.580927220974,0.564809376118,0.0303834087894,0.0405408332993
468,0.67173721398,0.54585404525,0.564809376118,0.0329312852822,0.0405408332993
469,0.640648341557,0.467404813183,0.564809376118,0.0379247569407,0.0405408332993
470,0.65985622867,0.480368864087,0.536538774853,0.0391242696004,0.0431744234326
471,0.637316383152,0.417670497492,0.536538774853,0.0427850237815,0.0431744234326
472,0.671427448139,0.537215336744,0.531591577296,0.0341611947336,0.0436352870185
473,0.691500181937,0.563000454866,0.511773078632,0.0315170531307,0.0454815088958
474,0.67498230411,0.571518575256,0.538325861315,0.031029063128,0.0430079447211
475,0.710314365275,0.51752208054,0.538325861315,0.0338319087291,0.0430079447211
476,0.748871481819,0.662698276062,0.60214308603,0.0240712003402,0.0370629557282
477,0.765894325381,0.711936969522,0.608070968946,0.0204656815955,0.0365107349313
478,0.765894325381,0.711936969522,0.608070968946,0.0204656815955,0.0365107349313
479,0.726977882982,0.620140650632,0.608070968946,0.027007939038,0.0365107349313
480,0.710630567467,0.550021479817,0.608070968946,0.0313589895821,0.0365107349313
481,0.72022200556,0.612727923872,0.551082132177,0.0277187532572,0.0418196152348
482,0.77958727184,0.67911164414,0.61039473878,0.0225195680219,0.0362942606777
483,0.673269380247,0.489276454664,0.61039473878,0.0361553764902,0.0362942606777
484,0.749753781512,0.654049749525,0.599668799616,0.0241215860028,0.0372934515788
485,0.656260943839,0.403881530083,0.599668799616,0.0417004983529,0.0372934515788
486,0.582352297935,0.284323940953,0.599668799616,0.049211684474,0.0372934515788
487,0.715027607376,0.622048050691,0.588178095207,0.0263658899667,0.0383638853299
488,0.750106887177,0.659534617008,0.582897980682,0.0233975547114,0.0388557622937
489,0.775032531111,0.681186621411,0.613704750372,0.0225677478742,0.0359859115984
490,0.749921670458,0.630112821388,0.613704750372,0.0263831658926,0.0359859115984
491,0.753364527258,0.628092377932,0.613704750372,0.0265651073238,0.0359859115984
492,0.745613369814,0.644719893991,0.621009411443,0.025250864718,0.0353054349738
493,0.723796493621,0.624130179289,0.621009411443,0.0266008813432,0.0353054349738
494,0.777213608159,0.675445880986,0.630429053353,0.02316063175,0.0344279341468
495,0.777213608159,0.675445880986,0.630429053353,0.02316063175,0.0344279341468
496,0.759291559617,0.649628667946,0.630429053353,0.0246504290919,0.0344279341468
497,0.662500032581,0.441500861692,0.630429053353,0.0387538241488,0.0344279341468
498,0.738641955559,0.658686973842,0.617347972705,0.0244598912211,0.0356465217744
499,0.741990690051,0.659301175218,0.613726412104,0.0250755894562,0.0359838936675
