generation,train,validation,test,validmse,testmse
0,0.787095556395,0.584574400839,0.396827926668,0.0303667386818,0.0561893964021
1,0.766242535514,0.592163614568,0.396827926668,0.0299921895186,0.0561893964021
2,0.803560046429,0.608513735746,0.542809336281,0.0282915339008,0.0425902799066
3,0.837221141035,0.662891067515,0.544329399459,0.0235309021008,0.0424486761483
4,0.844824730358,0.646615198505,0.544329399459,0.0241890073256,0.0424486761483
5,0.81834338886,0.649008676623,0.579441709534,0.024714781997,0.0391777364006
6,0.823035666833,0.68719560222,0.467210782357,0.0219729027893,0.0496327762383
7,0.827285030858,0.657279074832,0.467210782357,0.0238536038678,0.0496327762383
8,0.824172116362,0.65720585974,0.467210782357,0.0242103954311,0.0496327762383
9,0.77751091753,0.58434600238,0.467210782357,0.0304604815765,0.0496327762383
10,0.800126608683,0.599670437334,0.421211502477,0.0291183145382,0.0539179079374
11,0.770107720581,0.528311052103,0.421211502477,0.0350986778471,0.0539179079374
12,0.832372235714,0.673561589295,0.414088666121,0.0239872219221,0.0545814464087
13,0.744324460081,0.572921065597,0.414088666121,0.0319310886148,0.0545814464087
14,0.833315184609,0.652164106682,0.454341687616,0.0248240295638,0.0508316160019
15,0.828296667264,0.677747329419,0.421058706632,0.0237326230911,0.0539321418628
16,0.832494866579,0.741868435753,0.4397799957,0.0184621588036,0.0521881321861
17,0.855384846155,0.76226452176,0.487559641632,0.0173239762297,0.0477371478253
18,0.854018279612,0.761290933376,0.487559641632,0.0172892662766,0.0477371478253
19,0.871264392448,0.773364381108,0.457498947427,0.0163661092945,0.0505374967432
20,0.805708847533,0.717167727403,0.457498947427,0.0202889725565,0.0505374967432
21,0.859982469479,0.766505626592,0.405670113555,0.0168955684874,0.0553656892611
22,0.868738905802,0.760851653321,0.405670113555,0.0170523929117,0.0553656892611
23,0.856198826957,0.704580216627,0.405670113555,0.0212459709348,0.0553656892611
24,0.847435150169,0.766101749691,0.503398545062,0.0169293520424,0.0462616510927
25,0.852315830489,0.693224802068,0.503398545062,0.0223823296034,0.0462616510927
26,0.844458103546,0.743828165201,0.520428499114,0.0185396325652,0.0446752002585
27,0.844981321541,0.756676422397,0.544640979251,0.0177630776244,0.0424196504669
28,0.85664331556,0.7383093879,0.544640979251,0.0181666305607,0.0424196504669
29,0.844667465619,0.733300491299,0.544640979251,0.0197603831094,0.0424196504669
30,0.850035478382,0.795889580851,0.598031780827,0.014895068275,0.0374459505119
31,0.839606370336,0.765775224269,0.598031780827,0.0173889885051,0.0374459505119
32,0.838642581118,0.728558011117,0.598031780827,0.0200109928736,0.0374459505119
33,0.829052299198,0.730347739434,0.479170950265,0.0194053442668,0.0485186089131
34,0.777179893691,0.533359158886,0.479170950265,0.0332201847762,0.0485186089131
35,0.84101954285,0.717044922387,0.479999470796,0.020380329106,0.0484414268441
36,0.836704800858,0.69525636111,0.479999470796,0.0222391893836,0.0484414268441
37,0.783692172435,0.589373368744,0.479999470796,0.0300190550035,0.0484414268441
38,0.84677052051,0.753842051859,0.507052295195,0.0177406512833,0.0459212805358
39,0.840458658753,0.745730417183,0.507052295195,0.018613901648,0.0459212805358
40,0.838269395215,0.715060491246,0.507052295195,0.0206362525122,0.0459212805358
41,0.848577470555,0.732694208693,0.560624436816,0.0188870327861,0.0409306875777
42,0.846313382325,0.732194541627,0.560624436816,0.0191827775442,0.0409306875777
43,0.848577470555,0.732694208693,0.560624436816,0.0188870327861,0.0409306875777
44,0.846301440109,0.739579178386,0.48958636497,0.0189223960572,0.0475483453822
45,0.862440654508,0.750859018646,0.510403703496,0.0183970838954,0.0456090750842
46,0.871777247856,0.738922997985,0.510403703496,0.019651892531,0.0456090750842
47,0.839522544608,0.703601548449,0.510403703496,0.021620300979,0.0456090750842
48,0.83159368712,0.736982575715,0.517375268068,0.0190018752329,0.044959628562
49,0.837023168162,0.729707880221,0.517375268068,0.0195723062531,0.044959628562
50,0.824602054197,0.706894965119,0.517375268068,0.0208683908365,0.044959628562
51,0.860205212632,0.772709973037,0.636458629646,0.0162115655164,0.0338662399513
52,0.830484302049,0.739049935487,0.636458629646,0.0185347351003,0.0338662399513
53,0.86634813494,0.761270501062,0.557612218004,0.0177167129666,0.0412112953252
54,0.862381347545,0.747634175342,0.557612218004,0.0186160616144,0.0412112953252
55,0.852069431572,0.707693617698,0.557612218004,0.0218211670574,0.0412112953252
56,0.866782247929,0.769536095309,0.525596480039,0.017089928482,0.0441937692678
57,0.846390616186,0.718703788078,0.525596480039,0.0200731528892,0.0441937692678
58,0.835514306242,0.716927974038,0.525596480039,0.0211285461954,0.0441937692678
59,0.84819316813,0.726926108555,0.611828064205,0.0195830564926,0.0361607371045
60,0.847948154688,0.712291570372,0.611828064205,0.0209680812038,0.0361607371045
61,0.81691913455,0.72965733283,0.486228544805,0.0195440235788,0.0478611481406
62,0.774603124524,0.603451377916,0.486228544805,0.0288790898627,0.0478611481406
63,0.815949493445,0.702818990084,0.499478884124,0.0213790014509,0.0466267929684
64,0.830483618011,0.674477120909,0.499478884124,0.022741009819,0.0466267929684
65,0.834502272069,0.746165282886,0.57256176254,0.018076350622,0.0398186481502
66,0.846742611807,0.741488686603,0.57256176254,0.018366052552,0.0398186481502
67,0.839585706333,0.735247193989,0.57256176254,0.0188286790383,0.0398186481502
68,0.846374732322,0.711503033816,0.57256176254,0.0212147812013,0.0398186481502
69,0.841115679848,0.752443190044,0.621843443747,0.0178879529232,0.0352277394475
70,0.882562583952,0.786631889285,0.641913527074,0.0148869903439,0.0333580808248
71,0.863154458532,0.78286083457,0.641913527074,0.0157034610558,0.0333580808248
72,0.834650534241,0.740048817451,0.641913527074,0.0186568531957,0.0333580808248
73,0.853267856335,0.710360361671,0.641913527074,0.0206017635183,0.0333580808248
74,0.878860623346,0.794874673364,0.598606241347,0.0150159804954,0.0373924357832
75,0.852161832937,0.74620555992,0.598606241347,0.0188326006343,0.0373924357832
76,0.850577086848,0.718430800118,0.598606241347,0.0200384067207,0.0373924357832
77,0.895865359663,0.809563382254,0.616719011188,0.0137524003932,0.035705113625
78,0.882138593363,0.72745285341,0.616719011188,0.0197921591658,0.035705113625
79,0.879794500135,0.790498629482,0.588380582034,0.0153814764118,0.0383450223667
80,0.889270439401,0.837610338326,0.571513620879,0.0121421409433,0.0399162893539
81,0.874317352065,0.804799120212,0.571513620879,0.0143617083454,0.0399162893539
82,0.878887761728,0.809642652957,0.529690277253,0.0139983284631,0.043812405467
83,0.833716819728,0.696078495891,0.529690277253,0.0216553181833,0.043812405467
84,0.868205171701,0.757257983825,0.545542803954,0.0167544447098,0.0423356396382
85,0.870538803993,0.792029891347,0.529013233609,0.015055071889,0.0438754764801
86,0.870538803993,0.792029891347,0.529013233609,0.015055071889,0.0438754764801
87,0.848168190693,0.746946365544,0.529013233609,0.0183363231109,0.0438754764801
88,0.841963248449,0.703980600278,0.529013233609,0.020666724007,0.0438754764801
89,0.825796268244,0.681087154476,0.529013233609,0.0229644129223,0.0438754764801
90,0.881510075406,0.808999057712,0.5801909781,0.0141909722745,0.0391079371669
91,0.882235659742,0.818243973021,0.622973806146,0.0136668607657,0.035122438848
92,0.846156427334,0.711265888198,0.622973806146,0.0213129219838,0.035122438848
93,0.879184914907,0.780655404181,0.652648740038,0.016082518812,0.032358026009
94,0.865814682179,0.784778876885,0.564003560393,0.0161124379827,0.0406159002681
95,0.865386002347,0.748123382648,0.564003560393,0.0187627463862,0.0406159002681
96,0.865814682179,0.784778876885,0.564003560393,0.0161124379827,0.0406159002681
97,0.878178270231,0.775240451663,0.564003560393,0.0167734653611,0.0406159002681
98,0.862939998701,0.773989881811,0.564003560393,0.0166431129015,0.0406159002681
99,0.833160963503,0.698821768715,0.564003560393,0.0225977473936,0.0406159002681
100,0.83121982782,0.738516040167,0.540092415316,0.0193249902573,0.0428433787416
101,0.838118990289,0.751962087496,0.535846582846,0.0180963161494,0.0432389056141
102,0.813679111015,0.697578458432,0.535846582846,0.0221491067821,0.0432389056141
103,0.834562800763,0.743218389418,0.530498873545,0.0185443929275,0.0437370794703
104,0.844986874868,0.728149285668,0.530498873545,0.0193511790834,0.0437370794703
105,0.81156799918,0.696267224479,0.530498873545,0.0214538790946,0.0437370794703
106,0.819620452279,0.739619747614,0.512187452245,0.0188963812952,0.0454429073022
107,0.819471920949,0.747471818889,0.528379630898,0.0185169505198,0.043934500688
108,0.845667162403,0.795651612462,0.579793647954,0.0151415338602,0.0391449510508
109,0.829164956604,0.725051080106,0.579793647954,0.0196239235993,0.0391449510508
110,0.845102081161,0.753886886777,0.491984547748,0.0175834004469,0.0473249390796
111,0.792410135137,0.656006155605,0.491984547748,0.0250146003838,0.0473249390796
112,0.810863104413,0.72008619198,0.422921564482,0.0197587493278,0.0537586045542
113,0.758823418158,0.515410224153,0.422921564482,0.03491882744,0.0537586045542
114,0.81000853226,0.714685235821,0.402688765529,0.0200301295988,0.0556434211944
115,0.814402603315,0.69712055854,0.402688765529,0.0221359156278,0.0556434211944
116,0.81001492215,0.705449390634,0.464791468915,0.0207546787616,0.0498581509996
117,0.822992463701,0.700636943086,0.464791468915,0.0211888102662,0.0498581509996
118,0.739524433472,0.518682693067,0.464791468915,0.0339702991273,0.0498581509996
119,0.811816177759,0.734898467789,0.420804550238,0.0189228761205,0.0539558181817
120,0.816595910552,0.729557003924,0.420804550238,0.0199273045186,0.0539558181817
121,0.818578181014,0.740022932769,0.404480672279,0.018636853431,0.0554764934417
122,0.831419666038,0.66877214879,0.404480672279,0.0232350311871,0.0554764934417
123,0.819189480388,0.72552691492,0.344175137947,0.019883941063,0.0610943456661
124,0.77337063218,0.562619769139,0.344175137947,0.032089861127,0.0610943456661
125,0.847464118767,0.730043409922,0.571285625133,0.0196755029287,0.0399375286386
126,0.830293443701,0.745919716501,0.417768496728,0.0184927022918,0.0542386462861
127,0.830293443701,0.745919716501,0.417768496728,0.0184927022918,0.0542386462861
128,0.843765062344,0.722088006968,0.417768496728,0.0209399971023,0.0542386462861
129,0.836867035716,0.771240242533,0.486152292077,0.0161588923561,0.0478682515775
130,0.833001387206,0.742307093558,0.486152292077,0.0184822589588,0.0478682515775
131,0.829321144671,0.763213573138,0.503504575388,0.0169451416371,0.0462517736791
132,0.84830612632,0.683208166061,0.503504575388,0.0223473045857,0.0462517736791
133,0.841106156359,0.735159929369,0.503304023749,0.0191142231689,0.046270456367
134,0.855908189963,0.763870988804,0.637412045618,0.0171626834266,0.0337774230608
135,0.837987067256,0.693480941243,0.637412045618,0.0217975848194,0.0337774230608
136,0.836921150831,0.744331234544,0.569496192634,0.0182996408867,0.0401042258987
137,0.838829476814,0.714043839263,0.569496192634,0.0205629671144,0.0401042258987
138,0.836842353001,0.724373183667,0.545777348484,0.0198518576828,0.0423137902918
139,0.839444535874,0.722293213393,0.545777348484,0.0199682835874,0.0423137902918
140,0.841984061175,0.746205657302,0.520380116353,0.0182514935365,0.044679707427
141,0.842732126837,0.715720059555,0.520380116353,0.020336889334,0.044679707427
142,0.85172373815,0.74982819079,0.54558805529,0.0183813233596,0.0423314241824
143,0.85172373815,0.74982819079,0.54558805529,0.0183813233596,0.0423314241824
144,0.881969273828,0.773023180024,0.581638781505,0.0159474898056,0.0389730648759
145,0.860717938586,0.753514730402,0.581638781505,0.0178897808967,0.0389730648759
146,0.871712580947,0.77743968034,0.571207793832,0.0157557560836,0.0399447791298
147,0.876300128921,0.736004194518,0.571207793832,0.0185128171474,0.0399447791298
148,0.866161160067,0.717893671457,0.571207793832,0.0199264310128,0.0399447791298
149,0.855926677637,0.688720161168,0.571207793832,0.0218435145197,0.0399447791298
150,0.870446916418,0.763449221796,0.588438178144,0.0167535386484,0.038339656915
151,0.860044633191,0.728040475264,0.588438178144,0.0190024083922,0.038339656915
152,0.807795931653,0.634184197416,0.588438178144,0.0257621399661,0.038339656915
153,0.82836299732,0.63786252261,0.535910350592,0.0255995038515,0.0432329652344
154,0.838728247941,0.665537410005,0.526798125811,0.0234761977303,0.0440818281592
155,0.83352977665,0.668086449396,0.552174500303,0.0237825691566,0.0417178540486
156,0.827828610189,0.753193452139,0.587979705955,0.0179407076109,0.0383823665773
157,0.834751364909,0.763402256607,0.618595532087,0.0172609956877,0.0355303035148
158,0.848417568193,0.761859578589,0.618595532087,0.0171261976737,0.0355303035148
159,0.852996938244,0.720091757983,0.618595532087,0.0201653687623,0.0355303035148
160,0.822128129533,0.707921342434,0.618595532087,0.0213197716786,0.0355303035148
161,0.851265541391,0.775827459455,0.524923288992,0.0164134340954,0.0442564813864
162,0.853044567871,0.741759969081,0.524923288992,0.018605534739,0.0442564813864
163,0.8483524761,0.726174380636,0.524923288992,0.0192798223923,0.0442564813864
164,0.831127490557,0.765129964724,0.537685887199,0.0174224295367,0.0430675624668
165,0.793105483848,0.751803289522,0.537685887199,0.0186537806379,0.0430675624668
166,0.811188631247,0.74189678223,0.537685887199,0.019094481165,0.0430675624668
167,0.842118560047,0.736087489315,0.537685887199,0.0200223809813,0.0430675624668
168,0.827997957953,0.739901208058,0.542291906155,0.0194454191626,0.0426384818837
169,0.819049817463,0.722522023536,0.542291906155,0.020456301951,0.0426384818837
170,0.82008559073,0.700663271568,0.542291906155,0.0225716068342,0.0426384818837
171,0.81820541053,0.710514326969,0.559082280662,0.0213954006257,0.0410743494402
172,0.81818491215,0.682911355514,0.559082280662,0.0230418973923,0.0410743494402
173,0.827200663582,0.719657468821,0.484804797209,0.0209474447908,0.0479937794768
174,0.823899594195,0.73761632698,0.60582495126,0.0201952028317,0.0367199660673
175,0.823160859609,0.68329975341,0.60582495126,0.0236048140865,0.0367199660673
176,0.825455655121,0.710295458312,0.63865803259,0.0216624464158,0.0336613512813
177,0.854795755104,0.737750800472,0.644490578695,0.019464783872,0.0331180117276
178,0.825707404014,0.710084442506,0.644490578695,0.0219030294412,0.0331180117276
179,0.848133990217,0.730069355024,0.644939545643,0.0203174903356,0.0330761875402
180,0.875940158218,0.800100699975,0.548986606624,0.0153194944401,0.0420148270511
181,0.872112899827,0.772654453643,0.548986606624,0.0171596663968,0.0420148270511
182,0.875680345714,0.791052650062,0.499106527236,0.0158131055414,0.0466614804311
183,0.865162475668,0.796246386417,0.510771431737,0.0154225592203,0.04557481881
184,0.857089963315,0.79514826449,0.510771431737,0.0152664648244,0.04557481881
185,0.822470037633,0.681238329139,0.510771431737,0.0229570525143,0.04557481881
186,0.83346783898,0.731049502271,0.473877701372,0.0198908348552,0.0490117094286
187,0.844927336867,0.738145646557,0.49178815473,0.0190426608062,0.0473432343649
188,0.84226425256,0.716071739643,0.49178815473,0.0197058970255,0.0473432343649
189,0.798704233997,0.540826593205,0.49178815473,0.0328916608874,0.0473432343649
190,0.855248263369,0.762264532914,0.603475344282,0.0174453511424,0.0369388472187
191,0.866637477559,0.768704023547,0.586764222574,0.0169486980464,0.0384955967491
192,0.842273395924,0.734878004731,0.586764222574,0.0194243797369,0.0384955967491
193,0.860649156289,0.77405403733,0.629744238604,0.0165664814462,0.0344917290887
194,0.778650015172,0.516410236909,0.629744238604,0.0349510485674,0.0344917290887
195,0.861963923913,0.755459594414,0.628777078957,0.0178683227946,0.0345818262917
196,0.859589998804,0.742128925761,0.628777078957,0.0188608434298,0.0345818262917
197,0.839761855648,0.745204976837,0.655127565632,0.0187561814578,0.0321271073043
198,0.834763481495,0.75022241219,0.629963041632,0.0181387310966,0.0344713461655
199,0.849128114537,0.691155550807,0.629963041632,0.0227249573573,0.0344713461655
200,0.833456284549,0.769963159553,0.650642244075,0.0170706383363,0.0325449441407
201,0.833456284549,0.769963159553,0.650642244075,0.0170706383363,0.0325449441407
202,0.830282916989,0.748989044109,0.650642244075,0.0181100178155,0.0325449441407
203,0.831073486237,0.72895034958,0.650642244075,0.0197335236134,0.0325449441407
204,0.832841502395,0.67316226883,0.650642244075,0.0235202947435,0.0325449441407
205,0.818831889248,0.694164924406,0.59340636024,0.0224446155021,0.037876838483
206,0.827483584068,0.66653937388,0.59340636024,0.024402755594,0.037876838483
207,0.85101770652,0.730702039425,0.645970857696,0.0195181969284,0.0329801141238
208,0.84108248975,0.686753610562,0.645970857696,0.0226047048223,0.0329801141238
209,0.851529419441,0.683599774445,0.645970857696,0.0226601288407,0.0329801141238
210,0.855876675724,0.74687260182,0.608932595134,0.0179358039407,0.0364304688553
211,0.854548548603,0.772669185046,0.665360064281,0.0160488451822,0.0311738835922
212,0.83610560161,0.699306248744,0.665360064281,0.0221295868976,0.0311738835922
213,0.847244330264,0.718236298365,0.540467341368,0.0193402428721,0.0428084519447
214,0.85387882872,0.786782102104,0.621290106588,0.0151930126113,0.0352792863979
215,0.818893977279,0.644557758619,0.621290106588,0.0249987751852,0.0352792863979
216,0.845365234064,0.722832752779,0.540695170307,0.0195437419411,0.0427872281992
217,0.839280741364,0.710625838598,0.540695170307,0.0209134285906,0.0427872281992
218,0.843512415455,0.733158401451,0.490035743727,0.0189203818348,0.0475064828322
219,0.867432434746,0.768759852318,0.378188234592,0.017067568199,0.057925804789
220,0.867432434746,0.768759852318,0.378188234592,0.017067568199,0.057925804789
221,0.859542398454,0.710445862135,0.378188234592,0.0214346569575,0.057925804789
222,0.866378998592,0.755502749174,0.450580056279,0.017595320405,0.0511820363937
223,0.871875575572,0.782725790916,0.556669551705,0.0155050686443,0.0412991108138
224,0.859604464758,0.770562077632,0.556669551705,0.0165125403738,0.0412991108138
225,0.874078406195,0.793485380508,0.488420999122,0.0146876678617,0.0476569067804
226,0.848214251297,0.74089240467,0.488420999122,0.0189715565397,0.0476569067804
227,0.874078406195,0.793485380508,0.488420999122,0.0146876678617,0.0476569067804
228,0.85466037444,0.77137655959,0.488420999122,0.0161986731107,0.0476569067804
229,0.826925331551,0.757284018946,0.488420999122,0.0173126825513,0.0476569067804
230,0.839337013793,0.722779449415,0.488420999122,0.0199394663608,0.0476569067804
231,0.879994968222,0.787478192816,0.547171264534,0.0155816604985,0.0421839379579
232,0.864224572017,0.763321784613,0.547171264534,0.0172950188071,0.0421839379579
233,0.874121385222,0.783485941313,0.418729726194,0.0159368611235,0.054149101518
234,0.866170624926,0.76323780192,0.418729726194,0.0173215645657,0.054149101518
235,0.858857534943,0.750240123204,0.418729726194,0.0182750770616,0.054149101518
236,0.852969621883,0.750116363879,0.418729726194,0.0184035243788,0.054149101518
237,0.832173938769,0.690505249199,0.418729726194,0.0226413085583,0.054149101518
238,0.857396714175,0.763604777414,0.53284544149,0.0174585110073,0.0435184814247
239,0.85832827216,0.759062907789,0.53284544149,0.0175749441859,0.0435184814247
240,0.857396714175,0.763604777414,0.53284544149,0.0174585110073,0.0435184814247
241,0.87336535378,0.77116729587,0.496323830528,0.0163187808476,0.0469207067038
242,0.829020548505,0.708202650942,0.496323830528,0.0208114608919,0.0469207067038
243,0.860017912876,0.749519111456,0.495130520024,0.0176611757171,0.0470318713281
244,0.862245591233,0.744616185319,0.495130520024,0.0180333819255,0.0470318713281
245,0.864314435428,0.766796983855,0.513333519888,0.016436827434,0.0453361436573
246,0.864243875567,0.743596832269,0.513333519888,0.0179250634585,0.0453361436573
247,0.859824085162,0.760091678023,0.531000926211,0.017090958722,0.0436903100035
248,0.840995612952,0.687576866556,0.531000926211,0.022817889355,0.0436903100035
249,0.855373289711,0.742200372538,0.545800573726,0.0182614635721,0.0423116267096
250,0.861825858554,0.738672391459,0.545800573726,0.0186248879107,0.0423116267096
251,0.870878276569,0.73129714233,0.545800573726,0.0185212208941,0.0423116267096
252,0.836741712513,0.684481347436,0.545800573726,0.0226152287126,0.0423116267096
253,0.879007600465,0.751473694122,0.523682967924,0.0176516636083,0.0443720253502
254,0.860953149283,0.721265384308,0.523682967924,0.0200343862163,0.0443720253502
255,0.835388246369,0.670465393867,0.523682967924,0.0235275245958,0.0443720253502
256,0.859336360737,0.708101847753,0.575890328056,0.0208744260337,0.0395085706524
257,0.868575547563,0.743749885077,0.559363720759,0.0179351562518,0.0410481314671
258,0.882743773735,0.763166195681,0.615625309527,0.0168235204852,0.0358069990386
259,0.870639924112,0.735031905474,0.615625309527,0.0189210416319,0.0358069990386
260,0.885338051077,0.785758847509,0.656912291072,0.0152877046269,0.0319608485372
261,0.859814980347,0.729789669735,0.656912291072,0.0196846315272,0.0319608485372
262,0.888244885544,0.768954183397,0.664361689146,0.0162827357078,0.0312668887207
263,0.883206984953,0.744912577954,0.664361689146,0.018075813307,0.0312668887207
264,0.889229251448,0.778868002637,0.658953426147,0.0154475027309,0.0317707035473
265,0.863881334152,0.68664844758,0.658953426147,0.0220908586898,0.0317707035473
266,0.879692770781,0.747744699903,0.635228433675,0.0177462810752,0.0339808406964
267,0.853002720802,0.732589439455,0.635228433675,0.0189722165717,0.0339808406964
268,0.875862231182,0.725643625255,0.635228433675,0.0192847779227,0.0339808406964
269,0.883796394167,0.750859122041,0.62162333394,0.0177143162802,0.0352482441057
270,0.87300794136,0.727577592389,0.62162333394,0.0192384874523,0.0352482441057
271,0.873939101832,0.742180848839,0.560648251442,0.0190054549473,0.0409284690906
272,0.878630271236,0.749423143741,0.52448889726,0.0185835669181,0.0442969477978
273,0.851613668135,0.695922867293,0.52448889726,0.0224142152283,0.0442969477978
274,0.878630271236,0.749423143741,0.52448889726,0.0185835669181,0.0442969477978
275,0.869212684917,0.724386523974,0.52448889726,0.0203393694571,0.0442969477978
276,0.881968105789,0.743897055458,0.59505947199,0.0192530098056,0.037722840386
277,0.8723465918,0.714071394153,0.59505947199,0.0205377447409,0.037722840386
278,0.882575362873,0.710333107396,0.59505947199,0.0211828768258,0.037722840386
279,0.880725599221,0.800835738116,0.563656686906,0.0151637646231,0.0406482137865
280,0.817115625544,0.588120624473,0.563656686906,0.0307316638727,0.0406482137865
281,0.880303832672,0.77999585589,0.520774994374,0.0169714569644,0.0446429219744
282,0.877121640235,0.775545031537,0.520774994374,0.0164737462312,0.0446429219744
283,0.882776023271,0.770549769336,0.520774994374,0.0173511888918,0.0446429219744
284,0.86267922202,0.738280802108,0.520774994374,0.0187126097967,0.0446429219744
285,0.852603363279,0.704580417284,0.520774994374,0.0217814474323,0.0446429219744
286,0.827774974582,0.586872875733,0.520774994374,0.031140110541,0.0446429219744
287,0.875334747602,0.752464123375,0.459984986742,0.0186574849858,0.0503059060334
288,0.865396008024,0.747709359811,0.459984986742,0.0188600038081,0.0503059060334
289,0.862366324543,0.784114688046,0.451924046606,0.0165505491577,0.0510568349651
290,0.871383415283,0.770293806623,0.451924046606,0.0174810048333,0.0510568349651
291,0.831162303007,0.762048933118,0.451924046606,0.0179601325402,0.0510568349651
292,0.853251232402,0.748792623877,0.451924046606,0.0187541574888,0.0510568349651
293,0.852090424148,0.711988533669,0.451924046606,0.0220468912995,0.0510568349651
294,0.839577647472,0.779931164353,0.370835567436,0.016690940818,0.0586107534922
295,0.845857046164,0.759093465222,0.370835567436,0.0176266424624,0.0586107534922
296,0.847128204635,0.777342077014,0.345384706544,0.0169197774198,0.0609816664947
297,0.827561440952,0.747694516766,0.345384706544,0.0190103388217,0.0609816664947
298,0.808706901839,0.687312047515,0.345384706544,0.0234731624381,0.0609816664947
299,0.832016687998,0.740755528373,0.382354629187,0.0191344101274,0.0575376780705
300,0.834891490465,0.732862825428,0.382354629187,0.0196881848371,0.0575376780705
301,0.822114588107,0.712655613765,0.382354629187,0.0212508012097,0.0575376780705
302,0.821316462354,0.728591772879,0.421176101125,0.0201805859388,0.0539212058032
303,0.845438361777,0.746567153583,0.414579317702,0.018679286476,0.054535739027
304,0.853129780942,0.796075213193,0.493350259078,0.015336743187,0.0471977141986
305,0.855428263969,0.725814205041,0.493350259078,0.0198709799033,0.0471977141986
306,0.850378672669,0.824765749751,0.63138951356,0.0130520532044,0.03433846104
307,0.841520438676,0.73196824857,0.63138951356,0.0195222179427,0.03433846104
308,0.829899592476,0.717506426873,0.63138951356,0.020933812376,0.03433846104
309,0.845881478962,0.797692026247,0.621671120513,0.01491525999,0.0352437924761
310,0.833747699846,0.75114013733,0.621671120513,0.0177734780596,0.0352437924761
311,0.833863398968,0.732381173977,0.621671120513,0.020085989473,0.0352437924761
312,0.842796391603,0.724910853387,0.621671120513,0.0201560249686,0.0352437924761
313,0.845054945022,0.702439938061,0.621671120513,0.0220410472647,0.0352437924761
314,0.840443857775,0.745762318647,0.557406511206,0.0194520008193,0.0412304582496
315,0.842922538946,0.724405212332,0.557406511206,0.0202882598276,0.0412304582496
316,0.845649170609,0.720243806224,0.557406511206,0.0214057116867,0.0412304582496
317,0.82784127574,0.724223623767,0.575692199973,0.0207000932963,0.0395270275702
318,0.833385221536,0.706560854056,0.575692199973,0.0223988010503,0.0395270275702
319,0.820075919522,0.714860097744,0.55860837448,0.0218851604103,0.0411184968792
320,0.850737095842,0.731057079549,0.481801648408,0.0197319269464,0.0482735422939
321,0.855260016368,0.739512260778,0.540114460475,0.0195241768465,0.0428413250919
322,0.86296736212,0.734811110795,0.540114460475,0.0197680753865,0.0428413250919
323,0.85189766349,0.729733716871,0.540114460475,0.0200577476139,0.0428413250919
324,0.846794648169,0.75611418638,0.555134484109,0.0183079384923,0.0414421123311
325,0.839226287974,0.705314392911,0.555134484109,0.0228214371232,0.0414421123311
326,0.814563605819,0.693698646107,0.555134484109,0.0227992685722,0.0414421123311
327,0.85521383472,0.769646211176,0.542245486577,0.0170596660139,0.0426428061689
328,0.843419419402,0.746713868531,0.542245486577,0.0190109893571,0.0426428061689
329,0.845844338278,0.745974354994,0.542245486577,0.0188297145668,0.0426428061689
330,0.86020665817,0.751033254343,0.619988423959,0.0180506811113,0.0354005465896
331,0.851531445079,0.734380755418,0.619988423959,0.0194699295881,0.0354005465896
332,0.855905531903,0.747365539592,0.518879186776,0.0184329533854,0.044819528766
333,0.851399842422,0.750032361113,0.536382118669,0.0183638290769,0.0431890169738
334,0.871585784358,0.754615669528,0.559256409262,0.0182477799713,0.0410581282301
335,0.872798636423,0.775982559835,0.494437106123,0.0168678100762,0.047096467337
336,0.854633658219,0.712449380369,0.494437106123,0.0217854759833,0.047096467337
337,0.832776475956,0.738049816304,0.544892045757,0.0198940712043,0.0423962619911
338,0.831849174218,0.73094809822,0.544892045757,0.020394215564,0.0423962619911
339,0.837945948311,0.73477817359,0.562209870323,0.020354767375,0.0407829941486
340,0.858569846139,0.753885091233,0.481396418587,0.0180938654218,0.0483112920838
341,0.842531216094,0.725849516976,0.481396418587,0.0195974260437,0.0483112920838
342,0.856022925133,0.773074372884,0.411969138719,0.0166807362959,0.0547788941532
343,0.80731279121,0.628676216472,0.411969138719,0.0277574709446,0.0547788941532
344,0.856412075377,0.767690159412,0.367930897281,0.0171965743483,0.0588813423837
345,0.82748221025,0.675121109551,0.367930897281,0.0234192615217,0.0588813423837
346,0.814290796128,0.670554200009,0.367930897281,0.0237129273772,0.0588813423837
347,0.846188477563,0.721812189927,0.362258964285,0.0207580172063,0.0594097197831
348,0.838962107348,0.743565026698,0.454424859923,0.0190346652764,0.0508238679612
349,0.830146361469,0.686101427354,0.454424859923,0.0231973392206,0.0508238679612
350,0.830767771609,0.714820347718,0.48210688938,0.0210661864229,0.0482451071147
351,0.830570749337,0.682271256957,0.48210688938,0.0236211545909,0.0482451071147
352,0.834080566446,0.737277164158,0.473132672117,0.019281709733,0.0490811137429
353,0.836474687721,0.733456621397,0.473132672117,0.0196917556667,0.0490811137429
354,0.833976753783,0.746820337998,0.482800152347,0.0192164765328,0.0481805251665
355,0.836136144019,0.732332546564,0.482800152347,0.0204709716494,0.0481805251665
356,0.78700413393,0.601059048874,0.482800152347,0.0305942724562,0.0481805251665
357,0.852124139847,0.738204683397,0.559261579126,0.0188847105939,0.0410576466236
358,0.851527686925,0.740507804665,0.539905697338,0.0190114767205,0.042860772734
359,0.854545143088,0.726787291818,0.539905697338,0.0201287598663,0.042860772734
360,0.85150136241,0.760425177258,0.511992442428,0.0184332261963,0.0454610737333
361,0.83600936042,0.725084640407,0.511992442428,0.0211166660105,0.0454610737333
362,0.844763189263,0.721707149786,0.511992442428,0.0211146656386,0.0454610737333
363,0.860811560564,0.79023451106,0.488381646256,0.0158694745621,0.0476605727554
364,0.848999343701,0.765449153374,0.488381646256,0.0181488479387,0.0476605727554
365,0.828938382242,0.683272565423,0.488381646256,0.0233968506794,0.0476605727554
366,0.869924056068,0.765439784253,0.492536610621,0.0178812515686,0.0472735108372
367,0.855285124565,0.736223247923,0.492536610621,0.0194844116176,0.0472735108372
368,0.869012161758,0.769475580248,0.449998869897,0.0173260901011,0.0512361776802
369,0.869012161758,0.769475580248,0.449998869897,0.0173260901011,0.0512361776802
370,0.847135195278,0.669287622411,0.449998869897,0.0237849835989,0.0512361776802
371,0.872709489761,0.765318342002,0.483899249239,0.0176748402826,0.048078137152
372,0.859854947428,0.748918043069,0.483899249239,0.0185584939362,0.048078137152
373,0.864464598144,0.782779061153,0.531625525285,0.0168294572022,0.0436321245429
374,0.864464598144,0.782779061153,0.531625525285,0.0168294572022,0.0436321245429
375,0.893298084908,0.762452835664,0.531625525285,0.017397119825,0.0436321245429
376,0.860033033523,0.73837082447,0.531625525285,0.0199931666122,0.0436321245429
377,0.849512596218,0.72206681725,0.531625525285,0.0206625527885,0.0436321245429
378,0.848956213308,0.779279398445,0.49280831203,0.0169306506483,0.0472482000862
379,0.827173735508,0.790136514507,0.495258723122,0.0156462219692,0.0470199283769
380,0.804487984451,0.700549831751,0.495258723122,0.0217352397798,0.0470199283769
381,0.824206532545,0.793684472024,0.50541277984,0.0156892661942,0.0460740120402
382,0.811728365483,0.648820839341,0.50541277984,0.0262864695679,0.0460740120402
383,0.849788664275,0.789189660858,0.515946810763,0.0159068370868,0.0450926986382
384,0.856630381186,0.777827794688,0.515946810763,0.0168611327516,0.0450926986382
385,0.846914202122,0.79552944667,0.553282574007,0.0150003542767,0.0416146297858
386,0.870723256565,0.795664949417,0.537229343264,0.0152215484166,0.0431100924997
387,0.86231274911,0.719692069547,0.537229343264,0.0201921764123,0.0431100924997
388,0.832228433227,0.78103098702,0.393235705491,0.0160295576668,0.0565240351372
389,0.832228433227,0.78103098702,0.393235705491,0.0160295576668,0.0565240351372
390,0.815606912679,0.698339663916,0.393235705491,0.0220219401814,0.0565240351372
391,0.822105675392,0.722595516,0.502008148744,0.0205424845758,0.0463911755408
392,0.822105675392,0.722595516,0.502008148744,0.0205424845758,0.0463911755408
393,0.829699552965,0.704916911785,0.502008148744,0.0213348170665,0.0463911755408
394,0.781321103517,0.659236310458,0.502008148744,0.0254117098468,0.0463911755408
395,0.8354795892,0.728694073892,0.532305571264,0.0205334024425,0.0435687738428
396,0.841741063425,0.779675538556,0.466990689041,0.0165400124132,0.0496532793603
397,0.856848809885,0.806473866662,0.501722851714,0.0143868962124,0.0464177528122
398,0.86287621953,0.803438084521,0.501722851714,0.0146912702617,0.0464177528122
399,0.845012638499,0.733071485923,0.501722851714,0.0197857267598,0.0464177528122
400,0.852709976915,0.772444740981,0.422607476623,0.0168960018883,0.0537878638784
401,0.812759809408,0.756067555459,0.422607476623,0.0179068515548,0.0537878638784
402,0.847919707134,0.801332832454,0.445220666385,0.0147344702019,0.0516812983731
403,0.828255928118,0.760529285657,0.445220666385,0.017427254909,0.0516812983731
404,0.837792339017,0.798317363592,0.433422866284,0.0152277515999,0.0527803400825
405,0.836647304075,0.78310358972,0.433422866284,0.0161172110568,0.0527803400825
406,0.841103222825,0.807305069305,0.393615349461,0.0145243478978,0.0564886688355
407,0.844830400344,0.803306237517,0.393615349461,0.0147641205765,0.0564886688355
408,0.835711094525,0.787912882943,0.393615349461,0.015768429634,0.0564886688355
409,0.80555925351,0.757551780105,0.393615349461,0.017912241359,0.0564886688355
410,0.820926057226,0.743647766629,0.393615349461,0.0188416003047,0.0564886688355
411,0.838112117357,0.780874160585,0.397809568422,0.0163643008101,0.0560979500967
412,0.849941112605,0.778503010917,0.397809568422,0.0167897218346,0.0560979500967
413,0.846848010351,0.780325465615,0.410195067133,0.0168125023459,0.0549441604445
414,0.839182203732,0.731526953719,0.410195067133,0.0203528370986,0.0549441604445
415,0.846568434286,0.779085160837,0.468512911756,0.0167381297879,0.0495114744271
416,0.836262487113,0.733499571894,0.468512911756,0.0199946448794,0.0495114744271
417,0.872375142556,0.805863007786,0.477831164016,0.0141651060409,0.0486434187044
418,0.852277459133,0.716187651249,0.477831164016,0.0199119598883,0.0486434187044
419,0.864181644038,0.771263549523,0.415880836841,0.0166862489641,0.0544144940655
420,0.866029524832,0.74752917178,0.415880836841,0.0185664078965,0.0544144940655
421,0.860727923002,0.785125803608,0.535451346425,0.0157635649971,0.0432757244538
422,0.847901948728,0.743224284974,0.535451346425,0.0187435207809,0.0432757244538
423,0.84093045014,0.703818584359,0.535451346425,0.0219066315755,0.0432757244538
424,0.84223095557,0.744862849602,0.584013667935,0.0194039338757,0.0387518287794
425,0.870634601888,0.781467272379,0.593907931465,0.0167179823018,0.0378301138656
426,0.873821552563,0.747169341979,0.593907931465,0.0192359854784,0.0378301138656
427,0.866914748684,0.7548339193,0.655443998208,0.0179615310793,0.0320976295545
428,0.868823937726,0.776962550405,0.59696894242,0.0161282799725,0.0375449608129
429,0.869833904297,0.777054421555,0.608967053741,0.0161169480248,0.0364272588123
430,0.875062065373,0.747476876327,0.608967053741,0.0183597366113,0.0364272588123
431,0.869833904297,0.777054421555,0.608967053741,0.0161169480248,0.0364272588123
432,0.826286577853,0.692464714003,0.608967053741,0.021890664894,0.0364272588123
433,0.848613207554,0.702001853738,0.44947377462,0.0221646767611,0.0512850937158
434,0.857836499009,0.741701302425,0.45290183801,0.019410033763,0.0509657473448
435,0.854716750811,0.765943074867,0.402730588763,0.0172895269295,0.0556395250885
436,0.855087430443,0.729153775073,0.402730588763,0.0196995341783,0.0556395250885
437,0.857341707377,0.74949306287,0.437711796785,0.0185878005571,0.0523807983485
438,0.858609172876,0.747405991774,0.437711796785,0.0186320029091,0.0523807983485
439,0.812797596881,0.630031763637,0.437711796785,0.0269848934785,0.0523807983485
440,0.831743471721,0.71940317475,0.364321575027,0.0204694195716,0.0592175741953
441,0.820100100506,0.667793251337,0.364321575027,0.0245471959464,0.0592175741953
442,0.835918325808,0.716447680947,0.439496698643,0.0214247074911,0.0522145231471
443,0.829045434871,0.666683204056,0.439496698643,0.0253530994111,0.0522145231471
444,0.842131514172,0.686376341399,0.30646537813,0.0227397896323,0.0646072547284
445,0.851526995879,0.700104765889,0.376444184942,0.0213493606035,0.058088274342
446,0.848606410863,0.682300183092,0.376444184942,0.0223794659166,0.058088274342
447,0.832125407262,0.634337169848,0.376444184942,0.0256451050004,0.058088274342
448,0.843665565083,0.669982167173,0.361008710546,0.0234944762198,0.0595261890396
449,0.818086979666,0.664905331891,0.361008710546,0.0237427408319,0.0595261890396
450,0.836193285315,0.659973169214,0.361008710546,0.0246149985196,0.0595261890396
451,0.84586450733,0.675284713164,0.35687106511,0.0230036875437,0.0599116375872
452,0.841803764835,0.652000067382,0.35687106511,0.0247604662651,0.0599116375872
453,0.837293390287,0.63441464242,0.35687106511,0.0254548216919,0.0599116375872
454,0.883302700494,0.765340473205,0.425859097108,0.0161384480948,0.05348495431
455,0.87069619455,0.751888171424,0.425859097108,0.0177176902731,0.05348495431
456,0.876242483764,0.768443713931,0.426947553696,0.017058242547,0.053383557509
457,0.839908185699,0.644343057253,0.426947553696,0.026120244571,0.053383557509
458,0.86822453854,0.758762163218,0.508729021284,0.0177996271657,0.0457650826097
459,0.867957812029,0.748871702099,0.508729021284,0.0188509356463,0.0457650826097
460,0.858959604118,0.74771467552,0.508729021284,0.0185487022844,0.0457650826097
461,0.849893754492,0.694993287134,0.508729021284,0.0220274507424,0.0457650826097
462,0.803254911166,0.619761815005,0.508729021284,0.0281778407916,0.0457650826097
463,0.868349969462,0.726765883953,0.551068989489,0.0203851737257,0.0418208395615
464,0.861382412497,0.686427387307,0.551068989489,0.0224507995183,0.0418208395615
465,0.873091780016,0.727792268634,0.595643906788,0.0200334557469,0.0376683964886
466,0.860808044182,0.680938597806,0.595643906788,0.0227689398978,0.0376683964886
467,0.871657905333,0.721322676799,0.564687220351,0.0205496267595,0.0405522129025
468,0.826322772981,0.606604393894,0.564687220351,0.0284182886424,0.0405522129025,√
469,0.8374174528,0.631748379944,0.483565912669,0.0269883986301,0.0481091896186
470,0.833893346923,0.557825099579,0.483565912669,0.0324637893461,0.0481091896186
471,0.810302017819,0.56945399709,0.418463517418,0.0320906005141,0.0541739005945
472,0.795107035751,0.46483805493,0.418463517418,0.0396012508341,0.0541739005945
473,0.801557998616,0.558523754302,0.583166139213,0.0322102018176,0.0388307815848
474,0.803209838325,0.567559369998,0.571112360636,0.031354048894,0.0399536693518
475,0.817284784037,0.573497026251,0.612916647094,0.0308997168506,0.0360593285378
476,0.808412822852,0.606890037756,0.570414556041,0.0288185049687,0.0400186743823
477,0.797260181498,0.543638337047,0.570414556041,0.0326691326063,0.0400186743823
478,0.802264662509,0.57914528756,0.544332839312,0.0308803251612,0.0424483557037
479,0.862084386569,0.764334553021,0.622717308503,0.0172225323703,0.0351463332695
480,0.832604104452,0.672159197158,0.622717308503,0.023890519978,0.0351463332695
481,0.849814385878,0.750762305586,0.633836136572,0.0186303363079,0.0341105422149
482,0.853954230593,0.713116924458,0.633836136572,0.0206672888356,0.0341105422149
483,0.833547155634,0.717213687762,0.551748755012,0.02082455069,0.0417575149878
484,0.785941683788,0.517361662844,0.551748755012,0.0353214898097,0.0417575149878
485,0.814350116106,0.667989374398,0.454472857892,0.0247129221416,0.0508193966386
486,0.785823781997,0.488529864834,0.454472857892,0.0374283844376,0.0508193966386
487,0.781030671567,0.483150697653,0.454472857892,0.0384890520232,0.0508193966386
488,0.818158505837,0.690337657586,0.433766732708,0.0235342326656,0.0527483066916
489,0.826694622082,0.686453255682,0.433766732708,0.023390174962,0.0527483066916
490,0.831675673975,0.694861780744,0.481505427926,0.0232130712846,0.0483011371558
491,0.833728715995,0.681736417011,0.481505427926,0.02366574704,0.0483011371558
492,0.827175662938,0.723354510252,0.496591299968,0.0210995832988,0.0468957901882
493,0.858143495201,0.766724875557,0.569272281496,0.0167659258713,0.0401250846756
494,0.852931538656,0.75312969911,0.569272281496,0.0184238696065,0.0401250846756
495,0.821080878956,0.735678097044,0.569272281496,0.0196499375938,0.0401250846756
496,0.790370574138,0.554419314331,0.569272281496,0.0326532116739,0.0401250846756
497,0.85636001406,0.781935933029,0.508938465466,0.0162451028114,0.0457455715238
498,0.870571165491,0.784690458255,0.519414920912,0.0152069988236,0.0447696216515
499,0.846024256434,0.790893055458,0.458637194072,0.0145025822726,0.0504314616749
