generation,train,validation,test,validmse,testmse
0,0.832337615241,0.680968929056,0.648333687685,0.0230860648113,0.0327600011631
1,0.808150345035,0.638116491122,0.648333687685,0.0269683578872,0.0327600011631
2,0.82837615302,0.696630174197,0.558580878727,0.022970096536,0.0411210582872
3,0.833491502753,0.707512525023,0.571618268139,0.0208251551569,0.0399065407819
4,0.841792569756,0.728718964413,0.467715326433,0.0196085193796,0.0495857746805
5,0.83913522794,0.657988067232,0.467715326433,0.0241081125953,0.0495857746805
6,0.849535455047,0.754794563252,0.504835904949,0.0179555670428,0.0461277516832
7,0.83969888833,0.719464353839,0.504835904949,0.0209069331952,0.0461277516832
8,0.875501280612,0.767176195898,0.429952478401,0.017162425515,0.053103629255
9,0.858414057796,0.721452000039,0.429952478401,0.0200812981644,0.053103629255
10,0.882728029997,0.794460692904,0.437492680659,0.0149715950467,0.0524012104388
11,0.872244420373,0.777517323747,0.437492680659,0.015791747545,0.0524012104388
12,0.88138851054,0.815084589154,0.485394518089,0.0134761411314,0.0479388431465
13,0.848833619771,0.745693379404,0.485394518089,0.0187109773286,0.0479388431465
14,0.863578686075,0.73218135626,0.485394518089,0.0192657556838,0.0479388431465
15,0.861391386349,0.787977691835,0.47705595173,0.0160198181931,0.0487156347642
16,0.838045689231,0.643937717318,0.47705595173,0.026614604482,0.0487156347642
17,0.858648287126,0.773477839806,0.483468294194,0.0170556260463,0.0481182834137
18,0.841298419874,0.693939934927,0.483468294194,0.0220407165773,0.0481182834137
19,0.863140012527,0.773466922016,0.443022349202,0.0170075707685,0.0518860858973
20,0.836056668163,0.672665570211,0.443022349202,0.0243137497861,0.0518860858973
21,0.862255025708,0.760082581604,0.476825192534,0.0178936441642,0.0487371314821
22,0.865717335786,0.76334455216,0.469177091166,0.0174864593901,0.0494496018011
23,0.861620234514,0.747319353527,0.469177091166,0.0186356576019,0.0494496018011
24,0.852359469801,0.733615396724,0.469177091166,0.0191967685089,0.0494496018011
25,0.866010869344,0.721739355687,0.469177091166,0.0200489454821,0.0494496018011
26,0.856442373025,0.708369452663,0.469177091166,0.0209553551252,0.0494496018011
27,0.841522971016,0.706178784193,0.469177091166,0.0215410565117,0.0494496018011
28,0.84411109631,0.728410039807,0.543039977593,0.0197503942176,0.0425687941703
29,0.842262572172,0.725095853064,0.543039977593,0.0201479749009,0.0425687941703
30,0.849149753669,0.696627717487,0.543039977593,0.0214823528938,0.0425687941703
31,0.840614819124,0.70753753665,0.542543665862,0.0210228817922,0.0426150288317
32,0.848321375926,0.720296276545,0.539315453008,0.0200003211014,0.0429157578272
33,0.848321375926,0.720296276545,0.539315453008,0.0200003211014,0.0429157578272
34,0.855610670128,0.737813894013,0.543065562917,0.0191335862032,0.0425664107312
35,0.844480564668,0.74291497876,0.560859711782,0.0186844928376,0.0409087701864
36,0.843458085868,0.675491613524,0.560859711782,0.0232035587213,0.0409087701864
37,0.833227112343,0.7339076921,0.478341512153,0.0193745522867,0.0485958764606
38,0.838134866354,0.690050325896,0.478341512153,0.0225519859961,0.0485958764606
39,0.840621463379,0.721854551284,0.488393817946,0.020085984716,0.0476594388835
40,0.841695600457,0.654948499544,0.488393817946,0.0250563287237,0.0476594388835
41,0.791102125679,0.596876943285,0.488393817946,0.0289258997023,0.0476594388835
42,0.838530584151,0.694497460984,0.534971677435,0.0221688338553,0.0433204087358
43,0.811103984408,0.600082836457,0.534971677435,0.0289525251424,0.0433204087358
44,0.840934630122,0.703665059654,0.369736986949,0.0217530759112,0.0587130934001
45,0.869032945227,0.761370881702,0.467746748909,0.0177218224754,0.0495828474728
46,0.849150915481,0.700852822286,0.467746748909,0.0214933496039,0.0495828474728
47,0.818424975171,0.621324376214,0.467746748909,0.0268110709224,0.0495828474728
48,0.854391805546,0.721814332005,0.455909700706,0.0202454634351,0.0506855453978
49,0.842749578591,0.693959096403,0.455909700706,0.0221193697954,0.0506855453978
50,0.854391805546,0.721814332005,0.455909700706,0.0202454634351,0.0506855453978
51,0.844504481045,0.68254721982,0.455909700706,0.0226048368956,0.0506855453978
52,0.840473053131,0.669377658962,0.455909700706,0.0236590137869,0.0506855453978
53,0.850162635021,0.709690374947,0.479302892865,0.0208987355046,0.0485063176029
54,0.820066443914,0.644274520421,0.479302892865,0.0260355090514,0.0485063176029
55,0.771300920882,0.557825739896,0.479302892865,0.0321566607118,0.0485063176029
56,0.853160679217,0.705583844979,0.471406961934,0.0216764516525,0.0492418748554
57,0.832736876571,0.718647002364,0.584044338954,0.0203337329651,0.0387489715747
58,0.813075655512,0.669317222419,0.584044338954,0.023743085243,0.0387489715747
59,0.832372515619,0.699269041001,0.571918611108,0.0218015946738,0.0398785618836
60,0.841254961902,0.746544251357,0.611815925889,0.0187501865119,0.0361618678675
61,0.841932142552,0.716061706607,0.611815925889,0.020900474201,0.0361618678675
62,0.841740091703,0.747122862868,0.568047354401,0.018205194032,0.0402391945907
63,0.837156160564,0.750075181869,0.608931195719,0.0183428465884,0.03643059922
64,0.825367809573,0.733058349524,0.608931195719,0.019316724898,0.03643059922
65,0.820661944356,0.699667382813,0.608931195719,0.0217795754503,0.03643059922
66,0.809938404457,0.64390020261,0.608931195719,0.0265906360407,0.03643059922
67,0.821694004498,0.68601483457,0.434165075308,0.0227523061147,0.052711198491
68,0.821694004498,0.68601483457,0.434165075308,0.0227523061147,0.052711198491
69,0.856174435227,0.803571810357,0.615086895869,0.0143566321548,0.035857155768
70,0.861230227422,0.777618999595,0.615086895869,0.0157435352735,0.035857155768
71,0.838145117946,0.744368739235,0.615086895869,0.0181639547898,0.035857155768
72,0.857847303348,0.786073987841,0.606346542524,0.0156465863179,0.0366713764531
73,0.865464398217,0.81306730281,0.599238195028,0.0137056714686,0.0373335651931
74,0.852916237041,0.740493569771,0.599238195028,0.0190160423977,0.0373335651931
75,0.873873946314,0.810519023037,0.585957218339,0.0141229266035,0.0385707744353
76,0.81565734066,0.619491915503,0.585957218339,0.0271297858011,0.0385707744353
77,0.881366664141,0.799371262321,0.54255834657,0.0144976703309,0.0426136612284
78,0.880259293841,0.793591886634,0.54255834657,0.015035995956,0.0426136612284
79,0.86397475763,0.716438182733,0.54255834657,0.0208354331598,0.0426136612284
80,0.868998087185,0.771738063105,0.437423414577,0.0171490252282,0.0524076630243
81,0.851666090971,0.756275616181,0.437423414577,0.0181716624397,0.0524076630243
82,0.861258531542,0.778683139372,0.437296502129,0.0164517194813,0.0524194857432
83,0.834646327656,0.734635047251,0.437296502129,0.0196948994504,0.0524194857432
84,0.832275613348,0.771939451399,0.549529158195,0.0168115799686,0.0419642848482
85,0.821342749345,0.704847595638,0.549529158195,0.0216157364444,0.0419642848482
86,0.826051636882,0.732232773656,0.446615864371,0.0196310932599,0.0515513266185
87,0.802081179631,0.610266600372,0.446615864371,0.0285595910483,0.0515513266185
88,0.825890607107,0.721686898854,0.426726536089,0.0204863100274,0.0534041467347
89,0.826826707272,0.642579618704,0.426726536089,0.0256779243441,0.0534041467347
90,0.829443515041,0.690104190999,0.487653760896,0.0227133599342,0.0477283800046
91,0.873427779666,0.760375331486,0.577288203156,0.0175721947249,0.0393783495073
92,0.88026238753,0.745353042566,0.577288203156,0.0185658620556,0.0393783495073
93,0.880329479205,0.763957910204,0.599643514479,0.0174403119567,0.0372958070536
94,0.876121427637,0.763042065208,0.599643514479,0.0173546959812,0.0372958070536
95,0.862587513714,0.744744269476,0.599643514479,0.0189562181768,0.0372958070536
96,0.88681413269,0.775775441144,0.586778126468,0.0159579871584,0.0384943015111
97,0.884264756529,0.766963541568,0.586778126468,0.0166587274619,0.0384943015111
98,0.829688348876,0.625660885974,0.586778126468,0.0269590173933,0.0384943015111
99,0.862535966369,0.740549370461,0.536080595101,0.0190546308613,0.0432171058526
100,0.855793337908,0.688045086317,0.536080595101,0.0222057566468,0.0432171058526
101,0.838817140195,0.598554781413,0.536080595101,0.0298671918939,0.0432171058526
102,0.862535966369,0.740549370461,0.536080595101,0.0190546308613,0.0432171058526
103,0.86550001751,0.745303436684,0.555543480161,0.0182744159523,0.0414040116924
104,0.860576131692,0.729800206178,0.555543480161,0.0189677316386,0.0414040116924
105,0.837907256069,0.701714295505,0.555543480161,0.0210519198441,0.0414040116924
106,0.857741063566,0.739518864305,0.631764412789,0.0189466999269,0.0343035367418
107,0.860707753399,0.739073412493,0.631764412789,0.0192900709207,0.0343035367418
108,0.839499357389,0.601900398433,0.631764412789,0.0292853377788,0.0343035367418
109,0.855994837023,0.727534151697,0.611828478445,0.019650286518,0.0361606985154
110,0.836946403516,0.700405468795,0.611828478445,0.0219260779089,0.0361606985154
111,0.866519453502,0.755509454656,0.552837369365,0.0182815135683,0.0416561034899
112,0.853097849805,0.686640916444,0.552837369365,0.0224809821436,0.0416561034899
113,0.851925317978,0.686137322242,0.552837369365,0.0227096962593,0.0416561034899
114,0.867981689255,0.751155194078,0.554903654449,0.0185240910824,0.0414636156133
115,0.866201310521,0.738661258341,0.554903654449,0.0191765247236,0.0414636156133
116,0.865595967278,0.754220679784,0.576327444076,0.0183357610048,0.039467850456
117,0.863058316123,0.739334442343,0.576327444076,0.0197071995204,0.039467850456
118,0.855593146846,0.740552510305,0.617869020533,0.0192756785477,0.0355979827849
119,0.864221745079,0.748229264226,0.520991585804,0.0183443910011,0.0446227450759
120,0.853559967054,0.719237907794,0.520991585804,0.0195888130405,0.0446227450759
121,0.864120888327,0.74447350079,0.546507121102,0.0187027401149,0.0422458072323
122,0.865367989086,0.753143419713,0.494694273057,0.0180292467914,0.0470725105666
123,0.861747128094,0.746704995376,0.494694273057,0.0185994424398,0.0470725105666
124,0.863058518703,0.761287037086,0.565742317509,0.0174550151243,0.0404539237491
125,0.855176976082,0.756222693439,0.565742317509,0.0178244108488,0.0404539237491
126,0.863978731759,0.766937668097,0.549925581154,0.0171328917896,0.0419273554747
127,0.87207094517,0.780026317539,0.531777970119,0.0160840523505,0.0436179233164
128,0.870730843246,0.773201352528,0.531777970119,0.0167952644503,0.0436179233164
129,0.8272855587,0.679745657072,0.531777970119,0.0220608035331,0.0436179233164
130,0.866477896094,0.783958980646,0.556685725998,0.0157407028938,0.0412976040735
131,0.861962156417,0.767046581116,0.556685725998,0.0169376875271,0.0412976040735
132,0.866477896094,0.783958980646,0.556685725998,0.0157407028938,0.0412976040735
133,0.871663692684,0.797917463306,0.581780038637,0.014585541333,0.0389599058565
134,0.851886396435,0.713985705718,0.581780038637,0.0212782207157,0.0389599058565
135,0.871663692684,0.797917463306,0.581780038637,0.014585541333,0.0389599058565
136,0.861248525061,0.761870004564,0.581780038637,0.0176367624226,0.0389599058565
137,0.866244909915,0.779837859702,0.559887255933,0.0158891552307,0.0409993607651
138,0.872282436666,0.755072233062,0.559887255933,0.0173211281419,0.0409993607651
139,0.844965153798,0.708714319575,0.559887255933,0.0215733262135,0.0409993607651
140,0.883607125285,0.775865661655,0.575321552437,0.0161274419065,0.0395615557957
141,0.884145698835,0.764961463888,0.575321552437,0.0168523883759,0.0395615557957
142,0.899357553652,0.809669260331,0.584934824329,0.0131951447521,0.0386660170781
143,0.875789852378,0.708363867018,0.584934824329,0.0198165464461,0.0386660170781
144,0.879818637923,0.750375786251,0.630201800826,0.0169166500539,0.0344491041957
145,0.876935411818,0.787734042484,0.562833797093,0.0155542264521,0.0407248713175
146,0.874800280121,0.787763847414,0.468257561564,0.0158660013864,0.0495352619561
147,0.868096684739,0.76371478741,0.468257561564,0.0173886005304,0.0495352619561
148,0.873759266676,0.785011099953,0.477166287842,0.0160301032866,0.0487053562386
149,0.833262395841,0.600265771563,0.477166287842,0.0291506080666,0.0487053562386
150,0.845103903844,0.714436114897,0.440789566654,0.0207060450872,0.0520940840942
151,0.840260839749,0.747687783193,0.402352515957,0.0182316581968,0.0556747450261
152,0.846436981589,0.73317247747,0.402352515957,0.0195742910276,0.0556747450261
153,0.840260839749,0.747687783193,0.402352515957,0.0182316581968,0.0556747450261
154,0.850632563652,0.740481096713,0.402352515957,0.0192046187715,0.0556747450261
155,0.840469640328,0.720906053096,0.402352515957,0.0200042122143,0.0556747450261
156,0.84076573304,0.744976600223,0.438511405998,0.0185665928854,0.0523063095567
157,0.815879378896,0.684108699315,0.438511405998,0.0230559971975,0.0523063095567
158,0.839963499563,0.708534731393,0.407129061628,0.0209568472555,0.0552297787718
159,0.838760176778,0.708158677,0.407129061628,0.020683234131,0.0552297787718
160,0.841797056946,0.694718515366,0.407129061628,0.0218925480896,0.0552297787718
161,0.814906371776,0.590483233765,0.407129061628,0.0299763997477,0.0552297787718
162,0.837386132002,0.722370213141,0.431601500843,0.0199609429467,0.0529500121036
163,0.853276299776,0.723246015191,0.464187136295,0.020008723007,0.0499144485084
164,0.84846813523,0.704076984827,0.464187136295,0.0215589577896,0.0499144485084
165,0.855066241786,0.718091468239,0.548972333973,0.0202978956183,0.0420161566412
166,0.833557562858,0.721344927027,0.447240293905,0.0192990781701,0.0514931569515
167,0.832499690184,0.698104962053,0.447240293905,0.0213947293251,0.0514931569515
168,0.81900435259,0.717934999991,0.385898477348,0.0195296187571,0.0572075455961
169,0.813368469755,0.7202736756,0.42518389523,0.0200517538822,0.0535478537506
170,0.790293743764,0.720781418911,0.440417202235,0.0211823899685,0.0521287722585
171,0.803655567795,0.756136671965,0.455814365575,0.0180877875874,0.0506944264845
172,0.831215291092,0.765343874716,0.442896856246,0.0177757146182,0.0518977763813
173,0.834303019334,0.733139318816,0.442896856246,0.0201010486261,0.0518977763813
174,0.844485056317,0.739911340021,0.557166270788,0.0194236575638,0.041252838205
175,0.785907099213,0.582054136859,0.557166270788,0.0309399982365,0.041252838205
176,0.843451245863,0.756570700467,0.423253950081,0.0183341669667,0.0537276406768
177,0.830311867699,0.686969505916,0.423253950081,0.0222326073418,0.0537276406768
178,0.849704690772,0.761119863616,0.48997685685,0.0179815800434,0.0475119685273
179,0.854182255156,0.749614853672,0.48997685685,0.0186419785911,0.0475119685273
180,0.84539572695,0.725833665646,0.48997685685,0.020150830879,0.0475119685273
181,0.849704690772,0.761119863616,0.48997685685,0.0179815800434,0.0475119685273
182,0.797998099154,0.554284818261,0.48997685685,0.0327697966139,0.0475119685273
183,0.843111572354,0.738641307507,0.548022410646,0.0195022372677,0.0421046481691
184,0.857624385169,0.783537857107,0.547964227701,0.0155388593975,0.0421100682884
185,0.86294373713,0.764720882188,0.547964227701,0.0169725050086,0.0421100682884
186,0.839750149763,0.708182503842,0.547964227701,0.0218073315841,0.0421100682884
187,0.867114420379,0.786939669529,0.587737460929,0.0153886715282,0.0384049332749
188,0.867582182971,0.735287820789,0.587737460929,0.0182120502462,0.0384049332749
189,0.863633796703,0.800357087611,0.540654894396,0.0140661192696,0.0427909801619
190,0.862502039656,0.770651260509,0.540654894396,0.0167850434856,0.0427909801619
191,0.850777354686,0.75598610657,0.540654894396,0.0178147331232,0.0427909801619
192,0.862622675612,0.785086518961,0.591379047284,0.0156157128258,0.0380656958528
193,0.826880294709,0.675995689924,0.591379047284,0.0244484140061,0.0380656958528
194,0.826174486038,0.712941091363,0.668394682165,0.0210552002308,0.0308911892256
195,0.821253768333,0.701156077048,0.668394682165,0.0218957736213,0.0308911892256
196,0.826174486038,0.712941091363,0.668394682165,0.0210552002308,0.0308911892256
197,0.817418303862,0.675648714522,0.668394682165,0.0237034298545,0.0308911892256
198,0.815769185345,0.706876737995,0.618260327949,0.0215302029275,0.0355615299574
199,0.810677010251,0.691440637424,0.618260327949,0.0232774939647,0.0355615299574
200,0.804891691039,0.714151274595,0.630784704989,0.0212510349989,0.0343948028868
201,0.814134189892,0.722065119929,0.632785437773,0.0207601754321,0.0342084216327
202,0.82340096886,0.682916637281,0.632785437773,0.0233503681731,0.0342084216327
203,0.80374133831,0.714775406336,0.669286350591,0.0208315141167,0.0308081245201
204,0.80374133831,0.714775406336,0.669286350591,0.0208315141167,0.0308081245201
205,0.80311983025,0.70936205231,0.669286350591,0.0216725311252,0.0308081245201
206,0.835167373481,0.718385221743,0.597476527618,0.0210565800009,0.0374976759548
207,0.836655180759,0.701763081492,0.597476527618,0.0219379523982,0.0374976759548
208,0.831863716335,0.734509112551,0.569834811105,0.0196647542763,0.0400726813887
209,0.805748803131,0.692517463877,0.569834811105,0.0231618262417,0.0400726813887
210,0.825909326195,0.721633730504,0.630007789422,0.0206365294626,0.0344671776182
211,0.835547603664,0.723492090351,0.631863515162,0.0202488976669,0.034294304712
212,0.826164014788,0.708091782233,0.631863515162,0.0215873895509,0.034294304712
213,0.863703884335,0.792102415466,0.67674746482,0.0148350360449,0.0301130732676
214,0.845138153264,0.707763928218,0.67674746482,0.0214777877309,0.0301130732676
215,0.860831475936,0.754289233971,0.55942517138,0.0177922539131,0.0410424069427
216,0.852948814871,0.743321506715,0.55942517138,0.0184352135813,0.0410424069427
217,0.864369685624,0.715943091838,0.55942517138,0.0214599743848,0.0410424069427
218,0.848430351049,0.769328456387,0.652293813878,0.016370743136,0.0323910896861
219,0.841257508148,0.748690009343,0.652293813878,0.0183107633287,0.0323910896861
220,0.848844221261,0.784021435266,0.615756647537,0.0156883336429,0.0357947640499
221,0.845286005414,0.725138062192,0.615756647537,0.0209959604529,0.0357947640499
222,0.855911351544,0.780585986537,0.65686875851,0.0157446527709,0.0319649038782
223,0.85327368123,0.735128002077,0.65686875851,0.0190790356964,0.0319649038782
224,0.856765878476,0.755907421043,0.557391348565,0.0176930735284,0.0412318707481
225,0.842283682596,0.739163526928,0.557391348565,0.0195623659911,0.0412318707481
226,0.834124584596,0.721700384868,0.557391348565,0.0206513822055,0.0412318707481
227,0.852050584416,0.777991994901,0.683102803679,0.0159890251853,0.0295210321732
228,0.846863728371,0.74496244665,0.683102803679,0.0189968598397,0.0295210321732
229,0.852050584416,0.777991994901,0.683102803679,0.0159890251853,0.0295210321732
230,0.87461392175,0.826173065147,0.655881660075,0.0125255011045,0.0320568585088
231,0.872903030944,0.810209388885,0.655881660075,0.0139133095772,0.0320568585088
232,0.845655474342,0.748295418221,0.655881660075,0.0178506590298,0.0320568585088
233,0.874675286127,0.788210366657,0.666230545307,0.0153749507943,0.0310927926306
234,0.856426062921,0.714171674127,0.666230545307,0.0204997663277,0.0310927926306
235,0.876583044057,0.782543860818,0.642857176421,0.0156170799813,0.0332701737588
236,0.889930118908,0.79434932014,0.702734518357,0.0139844720999,0.0276922104375
237,0.87374805583,0.818672964687,0.666226599979,0.0128919429623,0.0310931601635
238,0.870433098702,0.799217711583,0.666226599979,0.0141171542714,0.0310931601635
239,0.87146569203,0.777829754605,0.666226599979,0.0157612883178,0.0310931601635
240,0.868124370656,0.78042452286,0.677809631542,0.0158156299903,0.0300141255383
241,0.873062451772,0.769399576619,0.677809631542,0.0165644970343,0.0300141255383
242,0.872523307869,0.773459636754,0.69692414384,0.0163158994361,0.0282334845637
243,0.858391878818,0.736073727808,0.69692414384,0.0190488747197,0.0282334845637
244,0.851399887331,0.690462966646,0.69692414384,0.0222774871168,0.0282334845637
245,0.884900227218,0.714086772852,0.700885312098,0.0204126855063,0.0278644760116
246,0.899419817331,0.773309936084,0.667684100348,0.0166763927296,0.0309573845373
247,0.853018913351,0.722212842702,0.667684100348,0.0197325328608,0.0309573845373
248,0.851020272347,0.628484577178,0.667684100348,0.0271811253201,0.0309573845373
249,0.896938797215,0.767084046515,0.691645266841,0.0171518634923,0.028725246244
250,0.866197912073,0.746859020379,0.691645266841,0.0192585944799,0.028725246244
251,0.872722903059,0.695552411481,0.691645266841,0.0219586390886,0.028725246244
252,0.871638065968,0.747852692585,0.647547220534,0.0184913338437,0.0328332656866
253,0.877290163584,0.75228878163,0.625254074238,0.0181872193039,0.0349100170643
254,0.879284671686,0.77631451293,0.633258255385,0.0161246301988,0.034164375601
255,0.878166222843,0.801148543197,0.600555954598,0.0146893374457,0.0372108073299
256,0.876370988767,0.792311997493,0.600555954598,0.0153457753639,0.0372108073299
257,0.877277271283,0.78878626677,0.600555954598,0.0155229056094,0.0372108073299
258,0.859236750469,0.707824495641,0.600555954598,0.0210294497816,0.0372108073299
259,0.890522838772,0.794633891095,0.546560099504,0.0153348028399,0.0422408719501
260,0.8717155043,0.725078494643,0.546560099504,0.0202717829678,0.0422408719501
261,0.868362877571,0.71053842733,0.546560099504,0.0213124622684,0.0422408719501
262,0.855422366631,0.742700701022,0.497576886252,0.0190506124134,0.0468039764242
263,0.870930550622,0.738932278317,0.497576886252,0.0185268550063,0.0468039764242
264,0.857298381943,0.719855599872,0.497576886252,0.0202413744794,0.0468039764242
265,0.855116444552,0.731067000379,0.48494949943,0.0190556642155,0.0479802995251
266,0.894059788809,0.78014413183,0.522394624139,0.0158815098683,0.0444920429419
267,0.873957217618,0.77645885663,0.522394624139,0.0159691084932,0.0444920429419
268,0.892999003746,0.76577307242,0.522394624139,0.0165846041372,0.0444920429419
269,0.871205150251,0.794570228746,0.523411740827,0.0153989763938,0.0443972919159
270,0.854018158519,0.749250319294,0.523411740827,0.0185631053697,0.0443972919159
271,0.872061498575,0.773813734243,0.51633489686,0.0166279222901,0.0450565458975
272,0.855836135762,0.777877168521,0.441186365876,0.0170807902625,0.0520571196694
273,0.867797561141,0.803432117996,0.399050859657,0.0152655987305,0.0559823157556
274,0.850720052968,0.781181475723,0.399050859657,0.0169264259561,0.0559823157556
275,0.867702612589,0.763390424133,0.399050859657,0.0180058053865,0.0559823157556
276,0.853168375566,0.781479115482,0.44793648086,0.0169242971823,0.0514283026147
277,0.851812458198,0.782644052483,0.467163491278,0.0166370236105,0.0496371817095
278,0.828940599648,0.740579877928,0.467163491278,0.0195440702895,0.0496371817095
279,0.846195484538,0.775471774379,0.396083191721,0.0171795016772,0.0562587732997
280,0.850355357613,0.727210907841,0.396083191721,0.0207949655103,0.0562587732997
281,0.842384727156,0.756412651089,0.406294718908,0.0180942511503,0.0553075032155
282,0.83478656418,0.764607450844,0.422409764205,0.0178144053781,0.0538062820744
283,0.847426966958,0.770774049818,0.436574881282,0.0174637055385,0.0524867094122
284,0.846866614055,0.770641816334,0.436574881282,0.0176843371096,0.0524867094122
285,0.821740585326,0.715176209861,0.436574881282,0.0217977885435,0.0524867094122
286,0.852133105905,0.752233612965,0.461067067482,0.0186297244936,0.0502051031841
287,0.849899978654,0.73246195026,0.461067067482,0.0191450425831,0.0502051031841
288,0.843379950935,0.627489916597,0.461067067482,0.0270275690038,0.0502051031841
289,0.827565627028,0.680778209216,0.462019182781,0.0234782850658,0.0501164074597
290,0.824799650785,0.664214268011,0.462019182781,0.0243824474565,0.0501164074597
291,0.825019688552,0.667811096949,0.477122201148,0.024341877957,0.0487094632005
292,0.782216279384,0.540515114462,0.477122201148,0.0338046677099,0.0487094632005
293,0.830163685895,0.732804563188,0.446065046314,0.0193190610395,0.0516026388982
294,0.830319832662,0.72982496746,0.446065046314,0.0195910008642,0.0516026388982
295,0.841551054707,0.722026996491,0.446065046314,0.0196353863024,0.0516026388982
296,0.824923692053,0.729146685218,0.448648740285,0.0197989802853,0.051361951023
297,0.826644600652,0.74623475921,0.523337557552,0.0185349671509,0.0444042025698
298,0.828507280114,0.721718541464,0.523337557552,0.0203962798082,0.0444042025698
299,0.826644600652,0.74623475921,0.523337557552,0.0185349671509,0.0444042025698
300,0.82077201272,0.693969647785,0.523337557552,0.0220327609938,0.0444042025698
301,0.854052993544,0.751823277498,0.540772798556,0.0179607262283,0.0427799966235
302,0.872105473784,0.776959201732,0.56623425689,0.0158451028736,0.0404080964004
303,0.855403397717,0.718035165877,0.56623425689,0.0208799428185,0.0404080964004
304,0.876067151463,0.756281039305,0.584337955889,0.0179028839338,0.0387216192501
305,0.875876249391,0.751908536514,0.584337955889,0.0185725476269,0.0387216192501
306,0.866969879428,0.781035249858,0.516160939547,0.0161610168966,0.0450727511512
307,0.86276574806,0.78773474996,0.513260433382,0.0158160150836,0.04534295214
308,0.840911172654,0.696006330563,0.513260433382,0.0219299778793,0.04534295214
309,0.866596152958,0.776652652299,0.587651174741,0.0166126516456,0.0384129713938
310,0.849131642358,0.683317135383,0.587651174741,0.0235866154298,0.0384129713938
311,0.852384712792,0.69496693468,0.650745723733,0.0227253042309,0.0325353043384
312,0.842066342428,0.660673518448,0.650745723733,0.0244718188593,0.0325353043384
313,0.861191037651,0.685722089785,0.661135361326,0.02363264423,0.031567442113
314,0.868816727314,0.720588801111,0.443858176283,0.0197480632004,0.0518082231759
315,0.862152925856,0.73389214299,0.606225291246,0.0194683251718,0.0366826717972
316,0.863225542319,0.749055672577,0.611751999781,0.018457841908,0.0361678229997
317,0.859797139975,0.770169425985,0.624766879141,0.0166893652917,0.034955402452
318,0.842783847148,0.753135432301,0.624766879141,0.0184106963015,0.034955402452
319,0.852848228678,0.718277306401,0.624766879141,0.0208283605427,0.034955402452
320,0.859797139975,0.770169425985,0.624766879141,0.0166893652917,0.034955402452
321,0.85790091444,0.747622061255,0.624766879141,0.0189760511754,0.034955402452
322,0.86396321672,0.751606848975,0.576195887038,0.0180824917527,0.0394801058486
323,0.871218450951,0.764850517249,0.547496917784,0.0174593903247,0.0421536012424
324,0.859663746606,0.771889051071,0.626128824275,0.0174766565092,0.0348285284166
325,0.849091180056,0.784858469213,0.541234622811,0.0166789601297,0.0427369746945
326,0.849091180056,0.784858469213,0.541234622811,0.0166789601297,0.0427369746945
327,0.845096816683,0.798431658932,0.574560688677,0.0157545677525,0.039632435197
328,0.848199825501,0.772563534427,0.574560688677,0.0171140599465,0.039632435197
329,0.842166199217,0.780082372221,0.569221978283,0.0175294405076,0.0401297707466
330,0.829042003666,0.725734336794,0.569221978283,0.0205339045627,0.0401297707466
331,0.852635751656,0.769388864207,0.571254631715,0.0169245642406,0.0399404158768
332,0.857022973213,0.755915628569,0.571254631715,0.0179596430531,0.0399404158768
333,0.85367667585,0.771982279352,0.589071112819,0.0168255855595,0.0382806949389
334,0.827005356109,0.711775044361,0.589071112819,0.0208588377992,0.0382806949389
335,0.851677390785,0.760429382498,0.604736818201,0.0168794035593,0.0368213327294
336,0.84322040313,0.738164731729,0.604736818201,0.0192452465284,0.0368213327294
337,0.85670374404,0.792217846065,0.685468819226,0.0154123474395,0.029300622457
338,0.863065027952,0.744337496101,0.685468819226,0.0186480759343,0.029300622457
339,0.860822069072,0.79005381834,0.702797845647,0.0151695405153,0.027686311089
340,0.855188513609,0.74176279841,0.702797845647,0.0185048188216,0.027686311089
341,0.836941675734,0.73325334309,0.702797845647,0.019455387549,0.027686311089
342,0.850733144447,0.752909795633,0.695938082284,0.018191926413,0.0283253426024
343,0.867285872995,0.779164332206,0.626714184347,0.0159340280662,0.0347739983238
344,0.857712109813,0.72045913377,0.626714184347,0.0202476150736,0.0347739983238
345,0.864586359398,0.807480083445,0.676712513949,0.014125340975,0.0301163291682
346,0.852912082595,0.776175732967,0.676712513949,0.016437800832,0.0301163291682
347,0.852141944631,0.765808734954,0.676712513949,0.0169690936115,0.0301163291682
348,0.866265678749,0.775295804033,0.637640245319,0.0162124320396,0.0337561647764
349,0.851281867068,0.695117855938,0.637640245319,0.022338993624,0.0337561647764
350,0.868511248197,0.749688603989,0.616691205954,0.017895372702,0.0357077038632
351,0.865681101527,0.703016733416,0.616691205954,0.0210745360935,0.0357077038632
352,0.862448826702,0.725287930529,0.587641516205,0.0197305872535,0.0384138711491
353,0.864097268957,0.743931173553,0.61556080886,0.018528677084,0.0358130076947
354,0.828346991041,0.636325790677,0.61556080886,0.0264293334565,0.0358130076947
355,0.861043248406,0.703720615866,0.630388081719,0.0212039096648,0.0344317509206
356,0.868479274839,0.724930037842,0.574686148121,0.0191827797745,0.0396207478348
357,0.864261649757,0.733439365181,0.606523523541,0.0184566791374,0.0366548895219
358,0.857206984795,0.75508709657,0.584833177226,0.0175027599093,0.0386754861659
359,0.864261649757,0.733439365181,0.584833177226,0.0184566791374,0.0386754861659
360,0.83446428429,0.687634464132,0.584833177226,0.0232229347348,0.0386754861659
361,0.854367300469,0.768917050092,0.544414808831,0.0162107953829,0.0424407197105
362,0.858221110568,0.753065664983,0.544414808831,0.0173733901679,0.0424407197105
363,0.832395991813,0.682713378466,0.544414808831,0.0226063596714,0.0424407197105
364,0.88119997314,0.778430391947,0.518600219501,0.0151688852284,0.0448455163796
365,0.868228135506,0.765428373582,0.518600219501,0.0165084831419,0.0448455163796
366,0.866539363347,0.736970869255,0.518600219501,0.018467264709,0.0448455163796
367,0.872215988144,0.738361840664,0.495755676062,0.0184577309366,0.0469736339827
368,0.835810254897,0.734546506216,0.495755676062,0.0193349083695,0.0469736339827
369,0.855868833843,0.687451302252,0.495755676062,0.0215081118534,0.0469736339827
370,0.859131296597,0.730789672454,0.427524184951,0.0191076097898,0.0533298405622
371,0.861576678067,0.727152253025,0.427524184951,0.0195501782004,0.0533298405622
372,0.856009029996,0.720003058769,0.427524184951,0.0198882824463,0.0533298405622
373,0.860436881534,0.71685645214,0.427524184951,0.0203193346166,0.0533298405622
374,0.849200758679,0.688546568796,0.427524184951,0.0223908555366,0.0533298405622
375,0.854564029729,0.72325224251,0.436497171881,0.0194966112299,0.0524939485477
376,0.85947460327,0.727238313288,0.409678663488,0.0196703748707,0.0549922667982
377,0.876370815337,0.754953641676,0.454434725006,0.0177541383255,0.0508229489646
378,0.876113822042,0.760161894893,0.468707361036,0.0172740617468,0.0494933602137
379,0.838280064206,0.706452792707,0.468707361036,0.0215169532903,0.0494933602137
380,0.85518621216,0.703846850357,0.468707361036,0.0213911344242,0.0494933602137
381,0.873836928484,0.770573358134,0.447816075333,0.0175388878324,0.0514395191717
382,0.871799065845,0.763743803826,0.447816075333,0.018055276333,0.0514395191717
383,0.88446661795,0.76737832589,0.427022818392,0.0174230452497,0.0533765461138
384,0.884496855959,0.762100691311,0.427022818392,0.0177856668173,0.0533765461138
385,0.871972728142,0.737871514753,0.427022818392,0.0195018133068,0.0533765461138
386,0.871435885191,0.773674049048,0.417960955755,0.0169259055906,0.0542207174777
387,0.873592393272,0.784476593759,0.404251036912,0.01595951706,0.0554978854677
388,0.867442126617,0.766245100626,0.404251036912,0.0169672484681,0.0554978854677
389,0.848885443175,0.739293060915,0.404251036912,0.0196138828312,0.0554978854677
390,0.868251516361,0.771278115579,0.435682851761,0.0169081910105,0.0525698077561
391,0.872737124512,0.780031667898,0.43225470045,0.0165684695128,0.0528891623175
392,0.872551157149,0.793209716509,0.415681765229,0.0153893920823,0.0544330388792
393,0.880160976365,0.792562570192,0.415681765229,0.0158625033377,0.0544330388792
394,0.819652165792,0.658360946534,0.415681765229,0.0245976785282,0.0544330388792
395,0.830324708811,0.721903023364,0.454914870449,0.0203873237652,0.050778220298
396,0.830324708811,0.721903023364,0.454914870449,0.0203873237652,0.050778220298
397,0.830324708811,0.721903023364,0.454914870449,0.0203873237652,0.050778220298
398,0.768330396455,0.590849186791,0.454914870449,0.0302117558381,0.050778220298
399,0.842295039873,0.700670881483,0.390479945076,0.0216965366466,0.0567807521193
400,0.822435172297,0.71952097741,0.474622337039,0.0204771444743,0.0489423417796
401,0.829995232344,0.705797737478,0.474622337039,0.0212537591119,0.0489423417796
402,0.807040739564,0.696427080509,0.474622337039,0.0224853261682,0.0489423417796
403,0.811573974367,0.717107602394,0.510840816712,0.0197049028424,0.0455683551489
404,0.799166528804,0.647843714564,0.510840816712,0.0253780158617,0.0455683551489
405,0.814369356153,0.68462028768,0.371566182521,0.0220739785392,0.0585426919515
406,0.79073087183,0.643417210731,0.371566182521,0.0252800421765,0.0585426919515
407,0.794633529823,0.552681683456,0.371566182521,0.0316298957016,0.0585426919515
408,0.815379844814,0.7239108358,0.444467357876,0.0201492468707,0.0517514739536
409,0.744847683967,0.58314250741,0.444467357876,0.0314546828603,0.0517514739536
410,0.823915210306,0.729309240141,0.526597660382,0.0201009393059,0.044100502816
411,0.834892248333,0.71945296535,0.526597660382,0.0201504875251,0.044100502816
412,0.845076657678,0.733463537631,0.4679291913,0.0205728645332,0.049565851779
413,0.835848146971,0.753410172318,0.52389643735,0.0186294418852,0.0443521392866
414,0.827677270105,0.722085371508,0.52389643735,0.0203730533765,0.0443521392866
415,0.822830097676,0.704615498783,0.52389643735,0.0216841761362,0.0443521392866
416,0.837166893045,0.741045069876,0.525866013755,0.0194944112176,0.0441686604515
417,0.843075991886,0.769448827577,0.458646837221,0.0174461703408,0.0504305633529
418,0.837077518051,0.731993799047,0.458646837221,0.019261019626,0.0504305633529
419,0.829121563716,0.685752715633,0.458646837221,0.0239127752777,0.0504305633529
420,0.841371430688,0.683511639701,0.458646837221,0.0232253231394,0.0504305633529,√
421,0.824354651531,0.669985095485,0.458646837221,0.0246637146158,0.0504305633529
422,0.84615354584,0.780822829327,0.448968078508,0.0167823566798,0.0513322025934
423,0.824924910768,0.732017831997,0.448968078508,0.0197251837583,0.0513322025934
424,0.855118511814,0.754797208087,0.586190053567,0.0188538547032,0.0385490843215
425,0.846726943055,0.703792702014,0.586190053567,0.0220368479595,0.0385490843215
426,0.828573505875,0.685981646223,0.586190053567,0.0240557882839,0.0385490843215
427,0.840777174067,0.707304931319,0.52752527567,0.0226696955957,0.0440140894268
428,0.840777174067,0.707304931319,0.52752527567,0.0226696955957,0.0440140894268
429,0.857456992184,0.690377851508,0.52752527567,0.0231806554524,0.0440140894268
430,0.835941080605,0.734808905731,0.513918964157,0.0202051410332,0.045281605721
431,0.85307273721,0.689175987783,0.513918964157,0.0231095266028,0.045281605721
432,0.849890950512,0.68917295586,0.513918964157,0.0228430862523,0.045281605721
433,0.829781211007,0.705825707966,0.482376279367,0.0225186551521,0.0482200116877
434,0.781090184033,0.571668177146,0.482376279367,0.0315347177775,0.0482200116877
435,0.829117684138,0.712767339142,0.488990715653,0.0220399508993,0.0476038339851
436,0.823608750395,0.731442066963,0.549832332094,0.0203277677638,0.0419360422303
437,0.844434762284,0.762665336152,0.629719238295,0.0180900015565,0.0344940580299
438,0.860750817321,0.780530127968,0.581549566092,0.0171561639239,0.0389813758711
439,0.857426274,0.759164997513,0.581549566092,0.0182607086262,0.0389813758711
440,0.84627345445,0.759566864882,0.551491098538,0.0188580147597,0.0417815173618
441,0.851711474093,0.772456638014,0.554230656587,0.0175035043014,0.0415263097354
442,0.859554975269,0.758892959414,0.554230656587,0.0180751621924,0.0415263097354
443,0.86401593089,0.777921108425,0.59563782331,0.0173014293467,0.037668963204
444,0.86401593089,0.777921108425,0.59563782331,0.0173014293467,0.037668963204
445,0.854804358841,0.753485799028,0.59563782331,0.0186136391387,0.037668963204
446,0.858160864275,0.758239287381,0.588740649762,0.0183097351189,0.0383114797191
447,0.86401593089,0.777921108425,0.59563782331,0.0173014293467,0.037668963204
448,0.866185736675,0.790785411476,0.521568553609,0.015447340026,0.0445689967773
449,0.863152516392,0.71610708986,0.521568553609,0.0203916260484,0.0445689967773
450,0.853847404268,0.779830028152,0.363363214525,0.016727806886,0.0593068517009
451,0.846581179381,0.697126152397,0.363363214525,0.0219733042595,0.0593068517009
452,0.864934925896,0.773582828072,0.444873080304,0.0169851834582,0.0517136782742
453,0.860573123173,0.750793186779,0.444873080304,0.0185006576647,0.0517136782742
454,0.85137345468,0.762625314553,0.311852087121,0.0178718859816,0.0641054477977
455,0.850754827871,0.734065061187,0.311852087121,0.0203272518113,0.0641054477977
456,0.843935618031,0.702574646467,0.311852087121,0.0211365627377,0.0641054477977
457,0.847605602207,0.759393660561,0.297956646536,0.0180049461244,0.065399898343
458,0.853805572414,0.766186874481,0.46302935624,0.0175790281317,0.0500223032407
459,0.857023578091,0.693266594695,0.46302935624,0.0217656297568,0.0500223032407
460,0.869282909716,0.790561276753,0.546159900426,0.0157880836849,0.0422781530936
461,0.847240412404,0.710387571009,0.546159900426,0.0218978531092,0.0422781530936
462,0.853727001418,0.743923410878,0.62842295599,0.0190196548719,0.0346148151463
463,0.830682303449,0.694666473035,0.62842295599,0.022247973944,0.0346148151463
464,0.85189623524,0.748662497932,0.595180364384,0.0191504019066,0.0377115784743
465,0.859571845802,0.740483933251,0.595180364384,0.0189295574177,0.0377115784743
466,0.847770282119,0.75173927578,0.627317045491,0.0189442809434,0.0347178378925
467,0.846139905552,0.746698552807,0.627317045491,0.0191607051934,0.0347178378925
468,0.847269561735,0.720326058026,0.627317045491,0.020708873486,0.0347178378925
469,0.812718035668,0.638747771642,0.627317045491,0.0266871125674,0.0347178378925
470,0.830782507128,0.761103801897,0.596185472724,0.0179620576943,0.037617946104
471,0.801885143333,0.668275571373,0.596185472724,0.0244484904629,0.037617946104
472,0.855787739385,0.714823032118,0.532241580797,0.0206213993392,0.0435747349704
473,0.852836829322,0.756911645166,0.571065890239,0.0183582783314,0.0399579983712
474,0.823681972468,0.733864974006,0.571065890239,0.0197924124442,0.0399579983712
475,0.816951951383,0.66685686691,0.571065890239,0.0244617708239,0.0399579983712
476,0.850829986225,0.755705107739,0.511899156415,0.0185353898397,0.0454697639313
477,0.830971420497,0.71187449534,0.511899156415,0.0209688493181,0.0454697639313
478,0.879376596477,0.804002021356,0.567357868105,0.0145834259104,0.0403034247176
479,0.873270016501,0.833723966914,0.614267017537,0.0123695882028,0.0359335327599
480,0.876605526326,0.828877826911,0.614267017537,0.0128553119434,0.0359335327599
481,0.816598223015,0.634764911091,0.614267017537,0.0259704270688,0.0359335327599
482,0.843823587151,0.771475774406,0.614130446984,0.0167164968809,0.035946255194
483,0.872071251894,0.838482331988,0.664924269399,0.0118604721398,0.031214480716
484,0.82830546779,0.663011245836,0.664924269399,0.0248782142298,0.031214480716
485,0.851149234046,0.742034835571,0.60712260325,0.0186524759768,0.0365990813557
486,0.833981473341,0.738187332778,0.60712260325,0.0189378544485,0.0365990813557
487,0.84309560165,0.713820248975,0.60712260325,0.0210302315715,0.0365990813557
488,0.843411249446,0.747110595159,0.491931644957,0.0184850061265,0.0473298673182
489,0.836313302716,0.724567485666,0.491931644957,0.0202431649897,0.0473298673182
490,0.831666742989,0.737800681375,0.508817505534,0.0193203488316,0.0457568397271
491,0.853567557853,0.795316136696,0.546920349759,0.01482556448,0.0422073122989
492,0.837644144767,0.716126945541,0.546920349759,0.0206576655054,0.0422073122989
493,0.870733731221,0.803201982601,0.453004860256,0.0149195920447,0.0509561501535
494,0.894430472629,0.838525046572,0.532143317943,0.0122053964891,0.0435838887935
495,0.894430472629,0.838525046572,0.532143317943,0.0122053964891,0.0435838887935
496,0.888504597203,0.823642497649,0.532143317943,0.013246559977,0.0435838887935
497,0.871820256903,0.806045354594,0.532143317943,0.0143774356602,0.0435838887935
498,0.884810883346,0.819282599071,0.489809366842,0.0136267373827,0.0475275713094
499,0.891594342965,0.793090771638,0.489809366842,0.0154622965541,0.0475275713094
