generation,train,validation,test,validmse,testmse
0,0.807529274061,0.632635510232,0.52557848143,0.0272533871683,0.0441954459551
1,0.802759816978,0.619130513783,0.52557848143,0.0283303743823,0.0441954459551
2,0.838877114107,0.770954484827,0.695267044423,0.0166881111952,0.0283878541377
3,0.834445621603,0.746238945943,0.695267044423,0.0187724973776,0.0283878541377
4,0.845049895726,0.679227279933,0.695267044423,0.0218012599329,0.0283878541377
5,0.807158358421,0.579139289929,0.695267044423,0.0311603251004,0.0283878541377
6,0.848746669465,0.753984174081,0.64356840826,0.0175291731036,0.0332039178934
7,0.860881364365,0.726439088254,0.64356840826,0.0194822137791,0.0332039178934
8,0.848414588767,0.750147378141,0.614672175881,0.0181081843537,0.0358957896286
9,0.855929095194,0.720959481036,0.614672175881,0.020529645635,0.0358957896286
10,0.848414588767,0.750147378141,0.614672175881,0.0181081843537,0.0358957896286
11,0.81812770788,0.678085336291,0.614672175881,0.023650039559,0.0358957896286
12,0.820497290638,0.710004676878,0.391704318705,0.0207228726929,0.0566666937631
13,0.804086776485,0.682723824693,0.391704318705,0.0227294652037,0.0566666937631
14,0.827441674201,0.640525110947,0.391704318705,0.0259476841274,0.0566666937631
15,0.796761586081,0.69935243598,0.364398228261,0.0212513652931,0.0592104334487
16,0.750677980738,0.483985932341,0.364398228261,0.0361981672338,0.0592104334487
17,0.774489858717,0.641056217474,0.402086937067,0.0259146043715,0.0556994854247
18,0.802430921316,0.651464502161,0.506819999863,0.0251007725616,0.0459429203547
19,0.79814558948,0.606607424071,0.506819999863,0.0286644110793,0.0459429203547
20,0.841401265994,0.768082830105,0.536519432275,0.0175534798825,0.0431762253194
21,0.845507149824,0.772497908536,0.502971995312,0.0170587175996,0.0463013869725
22,0.827912874214,0.703706116772,0.502971995312,0.0225384299468,0.0463013869725
23,0.818255320276,0.642400172405,0.502971995312,0.0267472728717,0.0463013869725
24,0.83778553906,0.651770891616,0.447140636747,0.0258942194804,0.0515024406632
25,0.836866882908,0.61573672308,0.447140636747,0.0287229342188,0.0515024406632
26,0.819771977716,0.612474936908,0.447140636747,0.0289583439807,0.0515024406632
27,0.81335592516,0.599499002019,0.447140636747,0.0294061830671,0.0515024406632
28,0.850428627487,0.725099776272,0.511472282997,0.020218449437,0.0455095299629
29,0.822439590892,0.624404720039,0.511472282997,0.0272110200161,0.0455095299629
30,0.830982976254,0.68419285015,0.530924905212,0.0228646913944,0.0436973918534
31,0.808495634093,0.694630804486,0.586701809537,0.0222029595535,0.0385014109289
32,0.813071003184,0.727811382076,0.500956073164,0.0200641491786,0.0464891832145
33,0.794536727495,0.681868246627,0.500956073164,0.0242679556731,0.0464891832145
34,0.758870566204,0.630167544537,0.500956073164,0.0273690687973,0.0464891832145
35,0.848691875852,0.707652455194,0.576488611755,0.0215590726061,0.0394528366399
36,0.85441293605,0.746584144977,0.619087104573,0.0184024097833,0.0354845103448
37,0.809822382609,0.580966268171,0.619087104573,0.0309472157591,0.0354845103448
38,0.867754148829,0.784624461698,0.647242030169,0.015805272357,0.0328616961514
39,0.866890622008,0.761635255489,0.647242030169,0.017561958327,0.0328616961514
40,0.844065081378,0.710557565255,0.647242030169,0.0210075197408,0.0328616961514
41,0.859136732942,0.774849042263,0.566625475074,0.0168370931434,0.0403716518855
42,0.849329256795,0.721860981848,0.566625475074,0.0203838577115,0.0403716518855
43,0.846438497466,0.713061389675,0.566625475074,0.0209136902709,0.0403716518855
44,0.832715050256,0.729912202704,0.576239613989,0.0201430467366,0.0394760323991
45,0.829841613189,0.716661040674,0.576239613989,0.020733546775,0.0394760323991
46,0.836560904282,0.672156801811,0.576239613989,0.0234833249148,0.0394760323991
47,0.835825247506,0.696356747203,0.43339560572,0.0232268082355,0.0527828795811
48,0.838276698747,0.698831308602,0.365469381619,0.0228739450114,0.0591106485559
49,0.828791745696,0.72896549696,0.423091496829,0.020037175545,0.0537427742523
50,0.850561266487,0.80006424836,0.624403336533,0.0153504897281,0.0349892688073
51,0.831673138069,0.737098816095,0.624403336533,0.0197650148223,0.0349892688073
52,0.836385057062,0.756133124377,0.497301502352,0.0185573323246,0.0468296302231
53,0.848937638109,0.767117770424,0.515657539617,0.0173619322436,0.0451196461243
54,0.854687407679,0.741157280255,0.515657539617,0.0191632170292,0.0451196461243
55,0.839988020183,0.733956112766,0.515657539617,0.0195353972763,0.0451196461243
56,0.848937638109,0.767117770424,0.515657539617,0.0173619322436,0.0451196461243
57,0.841199925772,0.746693628734,0.515657539617,0.0180382131467,0.0451196461243
58,0.796400131681,0.626238117529,0.515657539617,0.027477952651,0.0451196461243
59,0.847536095724,0.739212481018,0.401261127467,0.0194566102236,0.0557764149528
60,0.827765191995,0.730180975154,0.401261127467,0.0199609724565,0.0557764149528
61,0.849642655443,0.739048921511,0.43918976641,0.0196941592614,0.0522431158782
62,0.850696886162,0.733106165518,0.43918976641,0.0200391307256,0.0522431158782
63,0.832309116801,0.685548593415,0.43918976641,0.0231189756338,0.0522431158782
64,0.85348953023,0.740612606417,0.407922963369,0.0189822909557,0.055155821668
65,0.847965209411,0.740161783996,0.407922963369,0.019574022135,0.055155821668
66,0.841448084797,0.701801574028,0.407922963369,0.0221285794182,0.055155821668
67,0.844525462035,0.716219180824,0.482291185385,0.0215595083968,0.0482279387449
68,0.849975599542,0.676350548495,0.482291185385,0.0236947290167,0.0482279387449
69,0.797841542707,0.633599477356,0.482291185385,0.0279637635869,0.0482279387449
70,0.824310192796,0.686698004177,0.421355002228,0.0237204621354,0.0539045400035
71,0.81993152006,0.687504758214,0.39928126974,0.0235597700295,0.0559608515598
72,0.818493231001,0.705452866782,0.418206011703,0.0221204247222,0.0541978889244
73,0.805107436104,0.690811713573,0.418206011703,0.0230878970813,0.0541978889244
74,0.825200242007,0.712732395795,0.421268077319,0.0215073427858,0.0539126376233
75,0.827277932736,0.72736066022,0.436858682873,0.0207766814971,0.0524602714507
76,0.832977709745,0.721873753681,0.436858682873,0.0205727127276,0.0524602714507
77,0.833565389711,0.69454303137,0.436858682873,0.0220508148079,0.0524602714507
78,0.815768810328,0.696730216879,0.467169193537,0.023002370888,0.0496366505071
79,0.817929613273,0.680340700921,0.467169193537,0.0242366509651,0.0496366505071
80,0.840342381906,0.745674543596,0.513751942729,0.0192350148722,0.0452971648519
81,0.848207587357,0.764975611731,0.486477119149,0.0175030347389,0.047837991826
82,0.881420244625,0.786138516712,0.473958508929,0.0154107194016,0.0490041816798
83,0.884246792549,0.783686143408,0.473958508929,0.0157152399531,0.0490041816798
84,0.881420244625,0.786138516712,0.473958508929,0.0154107194016,0.0490041816798
85,0.858414708047,0.745268600524,0.473958508929,0.0181384924977,0.0490041816798
86,0.878219973864,0.776250237932,0.550870785061,0.0167620649047,0.0418393035913
87,0.869554613319,0.780033434074,0.572673487125,0.0167744131744,0.0398082402795
88,0.859178523551,0.755918236866,0.572673487125,0.0180589312868,0.0398082402795
89,0.858381196165,0.730803245719,0.572673487125,0.020288271298,0.0398082402795
90,0.869554613319,0.780033434074,0.572673487125,0.0167744131744,0.0398082402795
91,0.877016002758,0.762610282328,0.572673487125,0.0180534120263,0.0398082402795
92,0.870066332744,0.767702465066,0.567520780827,0.0173887178276,0.0402882483393
93,0.874850989141,0.75864763311,0.567520780827,0.0183140538527,0.0402882483393
94,0.851807290214,0.740608005507,0.567520780827,0.0191093717967,0.0402882483393
95,0.858381196165,0.730803245719,0.567520780827,0.020288271298,0.0402882483393
96,0.876711298574,0.786771848973,0.532346836938,0.0160011865452,0.0435649296773
97,0.802836462538,0.573772837677,0.532346836938,0.0301471129904,0.0435649296773
98,0.871434163075,0.777786767723,0.48071651372,0.0166173266514,0.0483746296383
99,0.87471080533,0.801195024539,0.504459392404,0.0146846827912,0.0461628262724
100,0.841701986668,0.706989792148,0.504459392404,0.0216710021497,0.0461628262724
101,0.86688135664,0.781591414481,0.486675725725,0.0165323349265,0.0478194903333
102,0.870862525145,0.765593470049,0.486675725725,0.0175706373543,0.0478194903333
103,0.873196274419,0.77330984425,0.431720234309,0.0174527020709,0.0529389513101
104,0.874154637405,0.793310161349,0.444203017197,0.0153823630092,0.0517760990049
105,0.873475653537,0.814190859245,0.371211134472,0.0144225082827,0.0585757669834
106,0.864911365784,0.774840941103,0.371211134472,0.0169637217654,0.0585757669834
107,0.862219828846,0.785586634088,0.493431107277,0.0164828104514,0.0471901826637
108,0.855775226951,0.744390631077,0.493431107277,0.0191366999917,0.0471901826637
109,0.855369862445,0.771760782598,0.447116367971,0.0175191832179,0.0515047014573
110,0.856027700539,0.759547803442,0.447116367971,0.0183601546957,0.0515047014573
111,0.8844100532,0.786187336071,0.5922439377,0.0159176411577,0.0379851256929
112,0.88017281187,0.757838059908,0.5922439377,0.0169163321292,0.0379851256929
113,0.846084485135,0.693036252753,0.5922439377,0.0219592001508,0.0379851256929
114,0.884761044014,0.787019139441,0.510720305978,0.0156606710775,0.0455795815066
115,0.848878365814,0.761014472979,0.510720305978,0.0182073691989,0.0455795815066
116,0.854040990876,0.77238034303,0.463810590177,0.0173179019904,0.0499495262251
117,0.857656926723,0.766764556206,0.463810590177,0.0177508515053,0.0499495262251
118,0.852265286395,0.793958187709,0.343111895138,0.0157250934685,0.0611933936397
119,0.822550932244,0.681977137651,0.343111895138,0.0231010691959,0.0611933936397
120,0.856570875191,0.785295530053,0.357679744085,0.0161569357032,0.0598363038881
121,0.856354728505,0.786062000328,0.408837473926,0.0158866124424,0.0550706290697
122,0.854853747859,0.728651753418,0.408837473926,0.0194235412658,0.0550706290697
123,0.856723628714,0.778668268046,0.363885691955,0.0164263219238,0.0592581795346
124,0.856723628714,0.778668268046,0.363885691955,0.0164263219238,0.0592581795346
125,0.86543547434,0.769587530295,0.363885691955,0.0167740175504,0.0592581795346
126,0.854437946928,0.747896016159,0.363885691955,0.018724709417,0.0592581795346
127,0.850999743481,0.718582701929,0.363885691955,0.0205067465247,0.0592581795346
128,0.850173519294,0.754498877907,0.428852776804,0.0180030728502,0.0532060736016
129,0.823472459832,0.689631739476,0.428852776804,0.0223587744692,0.0532060736016
130,0.857208390287,0.761155881704,0.389759900492,0.0173991315945,0.0568478289492
131,0.857689565445,0.752782915052,0.389759900492,0.0183545907121,0.0568478289492
132,0.846932080934,0.73384317561,0.389759900492,0.0192896437799,0.0568478289492
133,0.869080051629,0.763702116502,0.502286949207,0.016847385231,0.0463652034667
134,0.863089989299,0.721379810304,0.502286949207,0.0196472355854,0.0463652034667
135,0.854067075579,0.759835979808,0.462933882517,0.0175359525565,0.0500311972381
136,0.84354742131,0.685807820045,0.462933882517,0.0228816556253,0.0500311972381
137,0.815790793802,0.685693706064,0.462933882517,0.022157070289,0.0500311972381
138,0.802211693166,0.636640001688,0.462933882517,0.025799757455,0.0500311972381
139,0.831961867548,0.719086580216,0.478107500571,0.0204292253502,0.0486176761594
140,0.832911152587,0.677445230898,0.478107500571,0.02376824132,0.0486176761594
141,0.82031728662,0.677319610237,0.478107500571,0.0239662334057,0.0486176761594
142,0.835913639737,0.642738505528,0.478107500571,0.0256039097525,0.0486176761594
143,0.847715809077,0.688521454542,0.510586428684,0.0219499245093,0.0455920530461
144,0.846541433746,0.712635805789,0.482986082494,0.0204778242018,0.0481632045655
145,0.819375809322,0.546103709854,0.482986082494,0.0326011503579,0.0481632045655
146,0.850111782764,0.70700403036,0.513222930485,0.020979212126,0.0453464457785
147,0.827218188249,0.647892845807,0.513222930485,0.0252046501744,0.0453464457785
148,0.830578652235,0.621471544048,0.513222930485,0.0274747082584,0.0453464457785
149,0.855486356352,0.710099539799,0.516324221532,0.0207813907904,0.0450575403736
150,0.860136904323,0.747759875629,0.397389350979,0.0181891488649,0.0561370960809
151,0.853368617061,0.743649133639,0.397389350979,0.0184978464704,0.0561370960809
152,0.859520007661,0.738382663832,0.397389350979,0.0191040328078,0.0561370960809
153,0.853456661343,0.757962584659,0.527459584021,0.0175566388338,0.0440202090305
154,0.834954935163,0.659241628433,0.527459584021,0.0239253861751,0.0440202090305
155,0.85440662748,0.747625627467,0.438909192442,0.0181327530434,0.0522692531656
156,0.799151278852,0.598226364898,0.438909192442,0.0283468169802,0.0522692531656
157,0.852146547827,0.703341428952,0.477358715965,0.0213288651641,0.0486874303091
158,0.851834159381,0.672888599005,0.477358715965,0.0231868568833,0.0486874303091
159,0.828665489361,0.673324253828,0.517864744072,0.023713575271,0.044914030693
160,0.820359032655,0.665265559004,0.517864744072,0.0241614600868,0.044914030693
161,0.842780792456,0.714238542987,0.647663094006,0.0200545411347,0.03282247132
162,0.849046162594,0.698995168471,0.647663094006,0.0216865844043,0.03282247132
163,0.85167278412,0.72096638974,0.62864406907,0.019474742228,0.0345942170267
164,0.845819132827,0.705976147057,0.62864406907,0.0204031764052,0.0345942170267
165,0.850542951812,0.725143312482,0.590404754164,0.0194142541386,0.0381564575852
166,0.817151050474,0.593059700632,0.590404754164,0.028985191796,0.0381564575852
167,0.813894330262,0.671664252605,0.477434177233,0.0232033615286,0.0486804006019
168,0.809475752845,0.676630238727,0.500903750109,0.0237077641255,0.046494057447
169,0.811849062662,0.628439353457,0.500903750109,0.0261713168086,0.046494057447
170,0.796869542695,0.649759236767,0.427508470734,0.0254397418332,0.0533313044436
171,0.808482517066,0.700721485072,0.56675134205,0.0218901899143,0.0403599265592
172,0.825086802767,0.656289799949,0.56675134205,0.0238248542253,0.0403599265592
173,0.800068698203,0.648264342477,0.56675134205,0.0255186742508,0.0403599265592
174,0.776094621372,0.549409817218,0.56675134205,0.033505623423,0.0403599265592
175,0.843741490329,0.710385419462,0.628269403465,0.0211999594243,0.0346291195614
176,0.828201969276,0.678108865259,0.628269403465,0.0233336489559,0.0346291195614
177,0.852834519314,0.711880278502,0.597211566785,0.0209925757002,0.0375223587775
178,0.859903880148,0.722070646521,0.598989340471,0.0202500868827,0.0373567476114
179,0.816194799782,0.64097354255,0.598989340471,0.0258467779761,0.0373567476114
180,0.869849302194,0.707209782266,0.567620728453,0.0212083304544,0.0402789375688
181,0.862372918992,0.762175337799,0.594367925269,0.0178164492926,0.0377872624549
182,0.830456934811,0.678574241657,0.594367925269,0.0242739770805,0.0377872624549
183,0.883149747418,0.769583714214,0.601315192983,0.0159767738264,0.0371400793429
184,0.884655160526,0.768402221998,0.601315192983,0.0160833318882,0.0371400793429
185,0.892200942708,0.819685500955,0.60527535421,0.0126430533791,0.0367711646023
186,0.847607636165,0.714513637953,0.60527535421,0.0194286701259,0.0367711646023
187,0.860619048907,0.770280162593,0.599640577771,0.0160641998317,0.037296080627
188,0.862882147431,0.776478886196,0.645005129057,0.0157674943419,0.0330700780193
189,0.84870061518,0.753753815489,0.645005129057,0.0179138674681,0.0330700780193
190,0.873941230364,0.820796136271,0.561973345131,0.0127415687252,0.0408050280066
191,0.874978590358,0.7762486446,0.561973345131,0.0162518857755,0.0408050280066
192,0.821359167919,0.662351119868,0.561973345131,0.0234155183389,0.0408050280066
193,0.866178436548,0.798673852289,0.58078546221,0.0141854305697,0.0390525571108
194,0.870429045647,0.794004823829,0.58078546221,0.0147768822132,0.0390525571108
195,0.86690580216,0.795547384304,0.594692704707,0.0143667638137,0.0377570071408
196,0.866497676259,0.756578329128,0.594692704707,0.0168433700801,0.0377570071408
197,0.874047467658,0.730048257691,0.594692704707,0.0187327729269,0.0377570071408
198,0.868022198344,0.777679549323,0.572613518338,0.0152720273342,0.0398138267615
199,0.881631977403,0.797897185903,0.438389722479,0.0149320563964,0.0523176451668
200,0.858675393641,0.745453719235,0.438389722479,0.0179924974893,0.0523176451668
201,0.870123459825,0.747612543837,0.588150263703,0.0176598926954,0.0383664780153
202,0.870846443897,0.774490744877,0.529210301087,0.0164861782872,0.0438571183645
203,0.86420607956,0.773128710312,0.529210301087,0.0170832241354,0.0438571183645
204,0.872348486513,0.773542545498,0.553955003598,0.0167249869839,0.0415519886018
205,0.837823728183,0.73090113084,0.553955003598,0.019453079693,0.0415519886018
206,0.881665061285,0.801468373092,0.555384216429,0.0147062227252,0.0414188481434
207,0.842316178701,0.686516196586,0.555384216429,0.0235847584689,0.0414188481434
208,0.868333437212,0.751625262302,0.564951329008,0.0185780176095,0.0405276094656
209,0.839107095979,0.715355523367,0.564951329008,0.0213815391875,0.0405276094656
210,0.868705505128,0.764782001057,0.620329847244,0.0174940650185,0.035368740793
211,0.864515607731,0.755202249151,0.620329847244,0.0183901215191,0.035368740793
212,0.85879800379,0.734287372143,0.620329847244,0.0199325203991,0.035368740793
213,0.83422089576,0.670578393545,0.620329847244,0.0244864598667,0.035368740793
214,0.871647637013,0.797219500645,0.593964491854,0.0147256060093,0.0378248448979
215,0.863005448951,0.775681712314,0.593964491854,0.016700175375,0.0378248448979
216,0.89422147736,0.814711685815,0.660930325268,0.0134526297516,0.0315865425536
217,0.857872466717,0.750504831546,0.660930325268,0.0184580644009,0.0315865425536
218,0.892438068475,0.805547132408,0.665357798128,0.0141043517545,0.031174094699
219,0.85591693714,0.797857912122,0.665357798128,0.0147910562694,0.031174094699
220,0.864354254277,0.782624752541,0.665357798128,0.0156102990658,0.031174094699
221,0.892971775373,0.765646414734,0.665357798128,0.0166332374431,0.031174094699
222,0.902764850317,0.819512531262,0.541656496727,0.013301724237,0.0426976743991
223,0.894642168306,0.785365553501,0.541656496727,0.0154828764161,0.0426976743991
224,0.887127068568,0.796256292173,0.630832942106,0.0148343548751,0.034390309286
225,0.862618069222,0.734714429093,0.630832942106,0.0189763381433,0.034390309286
226,0.889276104612,0.771964771841,0.593356806433,0.0161052516721,0.037881454742
227,0.879057894101,0.728878206975,0.593356806433,0.0187154614639,0.037881454742
228,0.889168830339,0.771509779455,0.636511267776,0.0161789562684,0.0338613363676
229,0.880839887604,0.749276666722,0.636511267776,0.0179000291484,0.0338613363676
230,0.889839714992,0.770285315329,0.608205512223,0.0164168085928,0.0364982013512
231,0.894711453215,0.78061838444,0.562247941754,0.0152848424479,0.0407794475476
232,0.882539151719,0.780193421295,0.562247941754,0.0153803821118,0.0407794475476
233,0.891378204599,0.779689425608,0.562247941754,0.0157998347977,0.0407794475476
234,0.873408250917,0.78685640579,0.601697949962,0.0152703717936,0.0371044230442
235,0.864272013032,0.781791095052,0.601697949962,0.0159818009603,0.0371044230442
236,0.863766110361,0.771347357245,0.601697949962,0.0167258633549,0.0371044230442
237,0.8500531479,0.756493533425,0.601697949962,0.017502302952,0.0371044230442
238,0.87215901178,0.761742832281,0.563157580634,0.0168307568096,0.0406947087776
239,0.872684995792,0.74200464625,0.563157580634,0.0178744103099,0.0406947087776
240,0.863370815951,0.726946734267,0.563157580634,0.0191709633492,0.0406947087776
241,0.872364000488,0.770938066507,0.639550714466,0.0161244498933,0.0335781921663
242,0.872364000488,0.770938066507,0.639550714466,0.0161244498933,0.0335781921663
243,0.879521981222,0.785818652219,0.707731091283,0.0152899716928,0.0272267472152
244,0.905819814968,0.784088710316,0.707731091283,0.0150545523624,0.0272267472152
245,0.848260436812,0.699398785352,0.707731091283,0.0212256357769,0.0272267472152
246,0.849376740324,0.748591394251,0.559569398497,0.0178957733982,0.0410289712498
247,0.838561346321,0.756190239947,0.605042137256,0.0172704143949,0.0367928902763
248,0.818629563989,0.770137381337,0.608358577753,0.016709376474,0.0364839423028
249,0.851800641861,0.784289822787,0.65425851126,0.0155008127926,0.0322080653637
250,0.850143508231,0.778341035361,0.65425851126,0.0162881846578,0.0322080653637
251,0.850468160508,0.753138823634,0.65425851126,0.0178789011841,0.0322080653637
252,0.868811151341,0.779886733185,0.625759891106,0.0153816194574,0.0348628969376
253,0.852241294487,0.793782980356,0.656862725701,0.0148524087757,0.0319654658735
254,0.86230204849,0.815063093343,0.607140043473,0.0135464476777,0.0365974566857
255,0.861073476322,0.79248308306,0.607140043473,0.0152135946646,0.0365974566857
256,0.861584321404,0.809960332106,0.619289384695,0.0139160389269,0.0354656666375
257,0.83388326808,0.705790496932,0.619289384695,0.0209011819487,0.0354656666375
258,0.824050877479,0.733932556005,0.634795505606,0.0188630904054,0.0340211707581
259,0.796781952735,0.626824205594,0.634795505606,0.0265185239439,0.0340211707581
260,0.831194694387,0.690779502545,0.678658280695,0.0207973636036,0.0299350683575
261,0.848906774846,0.695214362023,0.601930773224,0.0206363504962,0.0370827340451
262,0.83250112946,0.720245136648,0.673006104689,0.0193037113465,0.030461605265
263,0.814916761411,0.660158851145,0.673006104689,0.0236745094897,0.030461605265
264,0.832036023393,0.697095201812,0.619437545251,0.0216688590069,0.0354518645194
265,0.830747515682,0.694607298174,0.619437545251,0.0215871707689,0.0354518645194
266,0.785914627797,0.635540008484,0.619437545251,0.0263168860664,0.0354518645194
267,0.840343631498,0.706789306414,0.532167892306,0.021182431983,0.043581599532
268,0.828233228153,0.678886112906,0.532167892306,0.0238656775691,0.043581599532
269,0.805246189275,0.640644270141,0.532167892306,0.0255944821452,0.043581599532
270,0.830028053697,0.649055315444,0.489057458111,0.0263960147184,0.0475976164916
271,0.842046835781,0.633829973494,0.489057458111,0.0273853599666,0.0475976164916
272,0.879969609945,0.820559734851,0.540321620451,0.0135696152119,0.0428220267945
273,0.863607355888,0.805416703412,0.540321620451,0.0144702139832,0.0428220267945
274,0.86344765263,0.798374724312,0.540321620451,0.0149941509046,0.0428220267945
275,0.879935970637,0.784396977324,0.540321620451,0.015374162891,0.0428220267945
276,0.814566800918,0.71890483514,0.540321620451,0.0211818647624,0.0428220267945
277,0.869585051387,0.785801809233,0.476538253279,0.0159074474189,0.0487638617375
278,0.844403440107,0.736367877541,0.476538253279,0.0189867730802,0.0487638617375
279,0.852754690698,0.776657564302,0.479072921141,0.01655493495,0.0485277409627
280,0.852754690698,0.776657564302,0.479072921141,0.01655493495,0.0485277409627
281,0.836104264607,0.741070222289,0.479072921141,0.0190512083536,0.0485277409627
282,0.836723534721,0.769664325918,0.601834801798,0.0169634174869,0.0370916744068
283,0.830429223001,0.752913176589,0.601834801798,0.0184849762935,0.0370916744068
284,0.762183043488,0.566656123281,0.601834801798,0.0320271787196,0.0370916744068
285,0.836723534721,0.769664325918,0.601834801798,0.0169634174869,0.0370916744068
286,0.831544928113,0.754910575271,0.601834801798,0.0178580102339,0.0370916744068
287,0.82628139691,0.697424077112,0.601834801798,0.0226352483409,0.0370916744068
288,0.828853703206,0.713914715266,0.673267472205,0.0215606543007,0.0304372571832
289,0.83473267281,0.749463580984,0.679139920274,0.0182355968483,0.0298902005024
290,0.842471982413,0.71595473573,0.679139920274,0.020171988975,0.0298902005024
291,0.882895605455,0.813001879878,0.667632638869,0.0138050656015,0.0309621785083
292,0.864124565749,0.720617603692,0.667632638869,0.0199771072003,0.0309621785083
293,0.861095753817,0.769843494456,0.538941199897,0.016562032355,0.0429506219354
294,0.839574194226,0.720179519041,0.538941199897,0.0200397419405,0.0429506219354
295,0.865475941149,0.775206586414,0.578962281924,0.0157568244382,0.0392223981965
296,0.85434373855,0.758900982444,0.578962281924,0.017271591682,0.0392223981965
297,0.837266977697,0.705292020445,0.578962281924,0.021355718631,0.0392223981965
298,0.859998870941,0.750297787586,0.620045560412,0.0177210382374,0.0353952239579
299,0.858860270738,0.763201850792,0.641097064558,0.016598849187,0.0334341396113
300,0.84585082635,0.740323928287,0.641097064558,0.018330546149,0.0334341396113
301,0.858860270738,0.763201850792,0.641097064558,0.016598849187,0.0334341396113
302,0.881554688677,0.779558215441,0.673579413626,0.0151127972956,0.0304081978137
303,0.861127183196,0.7572267945,0.673579413626,0.0170924036382,0.0304081978137
304,0.863077978204,0.764416237574,0.61349486564,0.016268062576,0.0360054637245
305,0.860050345118,0.725484097073,0.61349486564,0.0193690550754,0.0360054637245
306,0.850021375263,0.775468183139,0.554740155765,0.0160002509495,0.0414788465776
307,0.845417749914,0.774850584188,0.554740155765,0.0164559526765,0.0414788465776
308,0.866465793969,0.758347870873,0.554740155765,0.0169737243424,0.0414788465776
309,0.850021375263,0.775468183139,0.554740155765,0.0160002509495,0.0414788465776
310,0.847262245745,0.749161243294,0.554740155765,0.0171921617114,0.0414788465776
311,0.844309634896,0.714696704576,0.554740155765,0.0199871357223,0.0414788465776
312,0.856836137847,0.763370176669,0.52893985839,0.0170599668073,0.0438823118583
313,0.854124741928,0.752690492473,0.52893985839,0.0176857927896,0.0438823118583
314,0.790609120869,0.59371933292,0.52893985839,0.0283747285484,0.0438823118583
315,0.823087712001,0.685502963008,0.597674907289,0.0225729340687,0.0374791955999
316,0.834166621434,0.681730449367,0.597674907289,0.0222384776817,0.0374791955999
317,0.840048692137,0.67838590364,0.597674907289,0.0228690089243,0.0374791955999
318,0.822836461415,0.684559968041,0.590472919804,0.0226757421837,0.0381501075131
319,0.80870858215,0.695749213255,0.516155080703,0.0219459877137,0.0450732969405
320,0.803452688848,0.692360113605,0.516155080703,0.0225863900157,0.0450732969405
321,0.810974759536,0.718306145704,0.461102968523,0.020872299776,0.0502017587689
322,0.820607195866,0.724846256993,0.440286253757,0.0201121747945,0.0521409709598
323,0.823155023497,0.762074630911,0.418858552984,0.0178091863754,0.0541371004657
324,0.840463233659,0.747289343893,0.418858552984,0.0179721387515,0.0541371004657
325,0.80794064218,0.72001763897,0.418858552984,0.0210915334951,0.0541371004657
326,0.809728109715,0.737770821247,0.424245105676,0.0197793605701,0.0536353080953
327,0.806443073079,0.743537976336,0.430718794725,0.0188354625752,0.053032241912
328,0.818777120486,0.738674119944,0.430718794725,0.0193000433735,0.053032241912
329,0.79619790668,0.72527300582,0.430718794725,0.0199785696102,0.053032241912
330,0.831418557689,0.771382508973,0.507695545573,0.0168583247774,0.0458613575849
331,0.839579017114,0.758436740674,0.507695545573,0.0173549974128,0.0458613575849
332,0.822416278783,0.721465768318,0.507695545573,0.0202772996148,0.0458613575849
333,0.809362630389,0.706894234307,0.507695545573,0.0213043517998,0.0458613575849
334,0.827693698389,0.736529227336,0.577663510387,0.0190695158027,0.039343387201
335,0.820379060148,0.734275274,0.577663510387,0.0192426879705,0.039343387201
336,0.836197541909,0.724744679514,0.577663510387,0.0192483780797,0.039343387201
337,0.783229030868,0.544702023771,0.577663510387,0.0327263229503,0.039343387201
338,0.836908557012,0.733646466413,0.599448707107,0.0192888726539,0.0373139546256
339,0.837187440606,0.738185674318,0.600604126091,0.0191911497307,0.0372063198425
340,0.84368728212,0.760248077477,0.610309084095,0.0178589902743,0.0363022399679
341,0.851746292728,0.757982350089,0.610309084095,0.0179720213902,0.0363022399679
342,0.859480898291,0.79452128487,0.506356204861,0.0157071277353,0.0459861258716
343,0.84237158457,0.690254774468,0.506356204861,0.0231195105094,0.0459861258716
344,0.860184798225,0.782729532547,0.529363812488,0.0166057955606,0.0438428177803
345,0.859970567234,0.762394091761,0.529363812488,0.0174182916032,0.0438428177803
346,0.859686101367,0.792529988841,0.508698335527,0.0156250848427,0.0457679411873
347,0.830367307937,0.733264349645,0.508698335527,0.0192963001731,0.0457679411873
348,0.820678788567,0.731933147866,0.508698335527,0.0194989437978,0.0457679411873
349,0.862494220261,0.790031324518,0.49129897369,0.0155574980307,0.0473888047561
350,0.854194499885,0.688690163007,0.49129897369,0.0230408914087,0.0473888047561
351,0.806778349798,0.593401282936,0.49129897369,0.0299246625444,0.0473888047561
352,0.853691441867,0.764878686531,0.486949952297,0.0172183888978,0.047793944347
353,0.835976698762,0.739259052941,0.486949952297,0.0197439315688,0.047793944347
354,0.861796045131,0.753893412504,0.462034046483,0.0180881547748,0.0501150228094
355,0.848426003073,0.725333954879,0.462034046483,0.0206492529837,0.0501150228094
356,0.847654508612,0.717505870321,0.462034046483,0.0213279214687,0.0501150228094
357,0.837477183284,0.70744227055,0.462034046483,0.0216255426409,0.0501150228094
358,0.846262291715,0.733079624233,0.504609032409,0.0202150094902,0.0461488863339
359,0.85516912023,0.719675141965,0.504609032409,0.0207619943958,0.0461488863339
360,0.855063673567,0.726822484384,0.495607575945,0.0205895640563,0.0469874304705
361,0.842699841463,0.741427437716,0.373161382343,0.0193536404905,0.0583940887268
362,0.839188317121,0.727828236872,0.373161382343,0.0201999609076,0.0583940887268
363,0.818685981643,0.679234081455,0.373161382343,0.0240260659481,0.0583940887268
364,0.845172399186,0.740623142321,0.338874034958,0.0194497958751,0.0615881778416
365,0.826461687581,0.644939402265,0.338874034958,0.0266039782998,0.0615881778416
366,0.850721799392,0.784170408098,0.570380615034,0.0161022915042,0.0400218362076
367,0.856282079962,0.782615630764,0.570380615034,0.0161351176047,0.0400218362076
368,0.864508537313,0.801737764535,0.581531547642,0.0147110280314,0.0389830544067
369,0.876858726085,0.789926756778,0.581531547642,0.0154477291608,0.0389830544067
370,0.878415787176,0.788244575091,0.581531547642,0.0162201324113,0.0389830544067
371,0.850152949667,0.726393345976,0.581531547642,0.0204036910999,0.0389830544067
372,0.850730535466,0.726799479938,0.400253380884,0.0206566992025,0.0558702930926
373,0.847338398137,0.714679195851,0.400253380884,0.0218536284277,0.0558702930926
374,0.856195392257,0.728294121102,0.379876952528,0.0201905340182,0.0577684897445
375,0.864495588371,0.750520034735,0.325799732049,0.0187471025645,0.0628061340789
376,0.857795929237,0.743733950896,0.325799732049,0.0191772019753,0.0628061340789
377,0.861039160978,0.735839229868,0.325799732049,0.0191232737801,0.0628061340789
378,0.82398995223,0.702479034832,0.325799732049,0.021991261237,0.0628061340789
379,0.860042943205,0.727814784354,0.419582658586,0.020312671184,0.0540696453256
380,0.855430538433,0.712902812141,0.419582658586,0.0213021451254,0.0540696453256
381,0.856476110382,0.732301194778,0.453492914202,0.0197920151933,0.0509106847584
382,0.85664892693,0.752128872505,0.469323874105,0.0183116775223,0.0494359280169
383,0.860707240903,0.7604300056,0.493826514015,0.0178005611844,0.0471533479578
384,0.807564954179,0.677337270445,0.493826514015,0.0236331137617,0.0471533479578
385,0.845688885474,0.720134208505,0.432388894946,0.0210090888717,0.0528766612286
386,0.851707991201,0.742315030326,0.399213961373,0.0193674441938,0.0559671217714
387,0.80387179399,0.596969888266,0.399213961373,0.0307017921878,0.0559671217714
388,0.84878311723,0.753080406328,0.381398492523,0.0185255019914,0.0576267484112
389,0.851799919159,0.738200561565,0.381398492523,0.0198614453493,0.0576267484112
390,0.847776862745,0.76035359497,0.480075171507,0.0179444950173,0.0484343748312
391,0.823362099057,0.697408910113,0.480075171507,0.022391737002,0.0484343748312
392,0.832225461953,0.735124963908,0.490626516841,0.019849986342,0.0474514484794
393,0.841084919931,0.705092494513,0.490626516841,0.0217808462541,0.0474514484794
394,0.840022650329,0.695456322673,0.490626516841,0.0228527850535,0.0474514484794
395,0.798493919741,0.560281192872,0.490626516841,0.0321833454149,0.0474514484794
396,0.855034703515,0.753954736733,0.545879064909,0.018222238738,0.0423043147461
397,0.80509689319,0.611180619013,0.545879064909,0.0280523853474,0.0423043147461
398,0.842778115685,0.689640622771,0.444276013966,0.0226633363903,0.0517692988817
399,0.834478720974,0.682309159818,0.444276013966,0.0230985852979,0.0517692988817
400,0.851104345971,0.726358032143,0.445843321019,0.0198991615951,0.0516232940496
401,0.857592464345,0.735785511436,0.531389045644,0.0189280798506,0.0436541541574
402,0.855548757274,0.739367062678,0.582686719683,0.0186952252303,0.0388754426279
403,0.859029460442,0.746083840925,0.582330914745,0.0181289531931,0.038908588169
404,0.856052603059,0.723338619264,0.582330914745,0.0199788981847,0.038908588169
405,0.853849224662,0.726699088868,0.438250476244,0.0199336317297,0.0523306168581
406,0.860039702208,0.729598059144,0.403195775513,0.0198668655193,0.0555961899212
407,0.877796523479,0.758126494595,0.450744918087,0.018108748473,0.0511666784455
408,0.871559879635,0.749683084224,0.450744918087,0.0186906880758,0.0511666784455
409,0.858759988242,0.72199663356,0.450744918087,0.0203336716525,0.0511666784455
410,0.869564825096,0.732732986892,0.478678514844,0.0194032673247,0.0485644824711
411,0.855799370967,0.682999621383,0.478678514844,0.0226485814446,0.0485644824711
412,0.8765323028,0.773592902811,0.448853892612,0.0165591405063,0.0513428397513
413,0.870842010434,0.766169542215,0.448853892612,0.0173832439628,0.0513428397513
414,0.863499417976,0.729517095936,0.448853892612,0.0196157653073,0.0513428397513
415,0.861281596811,0.741938390037,0.516994959354,0.0186923644775,0.0449950567889
416,0.845648771609,0.710444664167,0.516994959354,0.0208595318099,0.0449950567889
417,0.842798198964,0.710040318772,0.516994959354,0.0211574795935,0.0449950567889
418,0.87561381372,0.714388447631,0.590181233731,0.0199240375582,0.0381772799654
419,0.855225142858,0.682148938875,0.590181233731,0.0223866087991,0.0381772799654
420,0.870675040766,0.723523042325,0.505642933997,0.0194626173905,0.0460525716855
421,0.871455799644,0.725247292118,0.642702224223,0.0193392549173,0.0332846085626
422,0.848605867623,0.710816343755,0.642702224223,0.0205574605381,0.0332846085626
423,0.865230233907,0.768079040124,0.635874423952,0.0166861402881,0.0339206625063
424,0.844281264145,0.747076314106,0.635874423952,0.0185267751924,0.0339206625063
425,0.866654711284,0.765615463937,0.645929223559,0.0168295178171,0.0329839926141
426,0.858227791311,0.766539913054,0.603122809091,0.0172109929997,0.0369716881615
427,0.869953822793,0.779243708585,0.563142286426,0.016161595427,0.0406961335324
428,0.860260219418,0.718486461217,0.563142286426,0.0204547120148,0.0406961335324
429,0.846376928491,0.68178544269,0.563142286426,0.0231529689164,0.0406961335324
430,0.813605403598,0.672885660136,0.563142286426,0.0235377166515,0.0406961335324
431,0.869953822793,0.779243708585,0.563142286426,0.016161595427,0.0406961335324
432,0.864065268593,0.781042097911,0.585379472862,0.0158671732812,0.0386245951791
433,0.874493115243,0.769407075381,0.585379472862,0.0165119550579,0.0386245951791
434,0.832600978705,0.663984636038,0.585379472862,0.0242248793725,0.0386245951791
435,0.849889388278,0.775133117205,0.663083518777,0.0164069349837,0.0313859585927
436,0.830111846141,0.626601692952,0.663083518777,0.026901994634,0.0313859585927
437,0.849889388278,0.775133117205,0.663083518777,0.0164069349837,0.0313859585927
438,0.847056371588,0.714111998271,0.663083518777,0.0205506918127,0.0313859585927
439,0.861161618634,0.752976124613,0.57541943387,0.0176278328336,0.0395524375045
440,0.829056539526,0.674598380087,0.57541943387,0.0237383107557,0.0395524375045
441,0.866578547194,0.779039154501,0.578547866738,0.0158359903838,0.0392610036628
442,0.865610785438,0.772696986419,0.578547866738,0.0167103232131,0.0392610036628
443,0.859891564076,0.716449802963,0.578547866738,0.0204770332426,0.0392610036628
444,0.870408048784,0.771865723791,0.575219768396,0.0162080735213,0.0395710376402
445,0.863109066892,0.732558352765,0.575219768396,0.0198120868621,0.0395710376402
446,0.852003677512,0.735139636285,0.473716757278,0.0187111569825,0.0490267024163
447,0.859668818556,0.728395049192,0.473716757278,0.0195668432546,0.0490267024163
448,0.849787937966,0.739566837428,0.523174750754,0.0189575700456,0.0444193690805
449,0.833319034979,0.636597488658,0.523174750754,0.026312714261,0.0444193690805
450,0.821702701314,0.734878855662,0.426339953899,0.0195409124189,0.0534401593766
451,0.805423593955,0.710967074127,0.426339953899,0.0218326321131,0.0534401593766
452,0.844072004411,0.766003150083,0.507272492662,0.0174413295021,0.0459007677114
453,0.83130173813,0.740338095643,0.507272492662,0.0194464584422,0.0459007677114
454,0.852971946023,0.724978757976,0.507272492662,0.020285660203,0.0459007677114
455,0.837452884171,0.67888036629,0.507272492662,0.0230324792005,0.0459007677114
456,0.851973176318,0.772495766448,0.437032715678,0.0164687243915,0.0524440591644
457,0.86399568765,0.734521253514,0.437032715678,0.0195447942803,0.0524440591644
458,0.854856335023,0.722801176902,0.437032715678,0.0196295228374,0.0524440591644
459,0.843358961788,0.750000121729,0.387408392548,0.0180537771625,0.0570668871879
460,0.825016618043,0.756640854378,0.53650737006,0.0181433128869,0.0431773489931
461,0.824083807782,0.781051165946,0.460527895373,0.0164122146389,0.0502553305681
462,0.824083807782,0.781051165946,0.460527895373,0.0164122146389,0.0502553305681
463,0.820231315925,0.778753469455,0.460527895373,0.016521956354,0.0502553305681
464,0.810471119199,0.766082747721,0.460527895373,0.0176018463922,0.0502553305681
465,0.824083807782,0.781051165946,0.460527895373,0.0164122146389,0.0502553305681
466,0.822891471373,0.783017493053,0.455883552101,0.0156518579294,0.0506879813102
467,0.844126273545,0.745089099627,0.455883552101,0.0184085822451,0.0506879813102
468,0.818974386746,0.77322417951,0.414146271545,0.0164157217678,0.0545760800893
469,0.828020412608,0.776623190851,0.354099753881,0.0165484165124,0.0601698032286
470,0.868079727398,0.78549096302,0.297021555632,0.0159325118698,0.0654870081344
471,0.833958095917,0.783028187294,0.297021555632,0.0162170684289,0.0654870081344
472,0.867015644055,0.796630426622,0.469349190544,0.0159144136182,0.0494335696261
473,0.854793310968,0.734064587655,0.469349190544,0.0204342505066,0.0494335696261
474,0.850577373814,0.736071948816,0.419391745475,0.0204210469718,0.0540874301219
475,0.849572589662,0.727726512784,0.419391745475,0.0209214424208,0.0540874301219
476,0.854482602182,0.765042065215,0.38611476436,0.017721146289,0.0571873970561
477,0.85622508432,0.77667916443,0.434848718537,0.0172888702806,0.0526475126839
478,0.851482288131,0.742341966025,0.434848718537,0.0184689439265,0.0526475126839
479,0.853386823274,0.758489387945,0.415058618546,0.0181726517001,0.0544910890402
480,0.847963756022,0.733731965399,0.415058618546,0.0198734893089,0.0544910890402
481,0.852596154433,0.743103725872,0.40888752832,0.0192166844267,0.0550659661777
482,0.848849534911,0.751351736732,0.405358561219,0.0187955330661,0.0553947123848
483,0.846391305945,0.712772636655,0.405358561219,0.0215327861427,0.0553947123848
484,0.855607839449,0.768554019233,0.38108504317,0.0178277478768,0.0576559482544
485,0.85959710031,0.784355521499,0.506845451129,0.0158080337171,0.045940549404
486,0.866798706851,0.811812965889,0.42146357676,0.0143198847597,0.0538944255806
487,0.866023659327,0.785232154305,0.42146357676,0.0158474830657,0.0538944255806
488,0.85947209304,0.741694683104,0.42146357676,0.0200379988322,0.0538944255806
489,0.859224474763,0.757815360544,0.437911987904,0.0172673246274,0.0523621492455
490,0.859224474763,0.757815360544,0.437911987904,0.0172673246274,0.0523621492455
491,0.872863908712,0.774917676838,0.576473362816,0.0170403410606,0.0394542571776
492,0.859224474763,0.757815360544,0.576473362816,0.0172673246274,0.0394542571776
493,0.861865933754,0.745205393897,0.576473362816,0.0188835645397,0.0394542571776
494,0.86016934496,0.758097692669,0.463305305608,0.0177437226104,0.0499965967646
495,0.843611939623,0.646514999776,0.463305305608,0.0264374073615,0.0499965967646
496,0.859492389426,0.738035190488,0.391846927946,0.0198357718732,0.0566534087861
497,0.840115097807,0.700769555316,0.391846927946,0.0228773766391,0.0566534087861
498,0.844678387837,0.64228650059,0.391846927946,0.0265739557156,0.0566534087861
499,0.878889503129,0.765437217555,0.361556499497,0.0174692794528,0.0594751589408
