generation,train,validation,test,validmse,testmse
0,0.865341428577,0.752108375268,0.502326892569,0.0178955158188,0.0463614824832
1,0.864640021089,0.730762241425,0.502326892569,0.0198115820702,0.0463614824832
2,0.854367645056,0.726492992474,0.502326892569,0.0206550980242,0.0463614824832
3,0.868311544536,0.745568979,0.440164304705,0.0187062666924,0.052152331306
4,0.865246289555,0.714946210588,0.440164304705,0.0207771488625,0.052152331306
5,0.859026954983,0.754898225363,0.482004615758,0.0176772251496,0.0482546345669
6,0.858618337266,0.734561762227,0.482004615758,0.0188587673746,0.0482546345669
7,0.861971138459,0.763130403785,0.499802816883,0.0175405469216,0.0465966165278
8,0.871489635557,0.746782918874,0.499802816883,0.0177382419921,0.0465966165278
9,0.84213368808,0.763428150695,0.509294842772,0.0175671107612,0.0457123726629
10,0.857787969826,0.750021473852,0.509294842772,0.0185288776411,0.0457123726629
11,0.843604821515,0.714389606581,0.509294842772,0.0209685159953,0.0457123726629
12,0.878027073136,0.781606371876,0.495639707277,0.0159691883768,0.0469844372282
13,0.868650946994,0.737192905431,0.495639707277,0.0188320985926,0.0469844372282
14,0.879447667923,0.762535255863,0.48993080485,0.0172667287928,0.0475162585702
15,0.866972694775,0.779469601156,0.459474629309,0.0165568657222,0.0503534491433
16,0.847488851819,0.761159153843,0.459474629309,0.017541934828,0.0503534491433
17,0.863920972589,0.770888509192,0.477394152879,0.0172081469534,0.0486841291304
18,0.866210257831,0.751859306604,0.477394152879,0.0187692690201,0.0486841291304
19,0.849720973425,0.747291525537,0.477394152879,0.0188313670807,0.0486841291304
20,0.85461241394,0.719175925786,0.477394152879,0.0208084691847,0.0486841291304
21,0.87111173807,0.797538161463,0.510620418815,0.015155406393,0.0455888866445
22,0.864624963651,0.757284858445,0.510620418815,0.018380504249,0.0455888866445
23,0.870834243068,0.769589794864,0.45724749792,0.017376835743,0.050560920898
24,0.851112134448,0.726990053849,0.45724749792,0.0200738447916,0.050560920898
25,0.874570750329,0.76709326449,0.437158845988,0.0173359690749,0.0524323093069
26,0.871061438438,0.767759200016,0.493507543236,0.0174827713503,0.0471830621576
27,0.860373321784,0.748933243678,0.493507543236,0.0183539171031,0.0471830621576
28,0.873371531728,0.784618195315,0.555325890899,0.0161751325766,0.0414242815454
29,0.859971216117,0.723211794153,0.555325890899,0.0206039913329,0.0414242815454
30,0.85673828397,0.655983234897,0.555325890899,0.0245273625981,0.0414242815454
31,0.876376971037,0.775911215039,0.488520664564,0.0170071314763,0.0476476222972
32,0.871037775624,0.802061604591,0.44429250049,0.0149525123641,0.0517677630549
33,0.87079461388,0.794813672038,0.44429250049,0.0155933874843,0.0517677630549
34,0.871321730063,0.783573071494,0.44429250049,0.0161767390314,0.0517677630549
35,0.848355282046,0.738646538417,0.44429250049,0.0197534654756,0.0517677630549
36,0.87225713466,0.796316887897,0.459358686883,0.0157809181773,0.0503642499333
37,0.834743662915,0.706603054703,0.459358686883,0.0223171694993,0.0503642499333
38,0.841673746612,0.673429932369,0.459358686883,0.0250232419686,0.0503642499333
39,0.859465869222,0.767333727093,0.500486191209,0.0179531441047,0.0465329557707
40,0.857681504227,0.738038043996,0.500486191209,0.0197251956635,0.0465329557707
41,0.818951054175,0.635874732178,0.500486191209,0.0276615471505,0.0465329557707
42,0.85998411254,0.759804205067,0.506614148315,0.0185451359264,0.0459620967635
43,0.860655828509,0.748051846271,0.506614148315,0.0190929843191,0.0459620967635
44,0.862901296468,0.771669993845,0.546963070918,0.0167910547883,0.0422033325455
45,0.853286989919,0.705949314742,0.546963070918,0.0218394487344,0.0422033325455
46,0.870058844416,0.759452221573,0.443729340306,0.0179448197954,0.0518202250839
47,0.845753019986,0.702547355076,0.443729340306,0.0221177273082,0.0518202250839
48,0.869465609155,0.749654694554,0.480743718839,0.0183446969225,0.0483720953048
49,0.87229607296,0.727095574652,0.480743718839,0.0201810840392,0.0483720953048
50,0.868589976112,0.765003308614,0.430588993734,0.0176310908657,0.0530443337174
51,0.850975892516,0.712862607385,0.430588993734,0.0220230854234,0.0530443337174
52,0.874183155656,0.733120383977,0.55809715457,0.0195989516735,0.0411661203343
53,0.873865145128,0.738766590391,0.548086440119,0.0190054352026,0.0420986834078
54,0.873865145128,0.738766590391,0.548086440119,0.0190054352026,0.0420986834078
55,0.872342390678,0.732562764508,0.548086440119,0.0192658140628,0.0420986834078
56,0.869413705906,0.740376431569,0.534707288775,0.0189838035838,0.0433450382568
57,0.851030725199,0.729561833017,0.534707288775,0.0195129546923,0.0433450382568
58,0.877052641283,0.774432022317,0.545272687385,0.0167086125506,0.0423608027511
59,0.895101602458,0.802796366934,0.576121650269,0.0146863566141,0.0394870214858
60,0.87895991969,0.731866566871,0.576121650269,0.0192920663308,0.0394870214858
61,0.872677901159,0.75189302047,0.608534975142,0.0181837463964,0.0364675097403
62,0.881517061286,0.770205354758,0.642195019348,0.0171205151205,0.0333318579911
63,0.889659414843,0.811497225151,0.618530057599,0.013591015739,0.0355364028886
64,0.879213347348,0.773486786438,0.618530057599,0.0166531446148,0.0355364028886
65,0.89526955619,0.810882190406,0.627473837517,0.0135235681598,0.0347032316968
66,0.877561089791,0.724724991427,0.627473837517,0.0196341230373,0.0347032316968
67,0.871394514417,0.720315614997,0.627473837517,0.0201703913894,0.0347032316968
68,0.838045650775,0.745324449324,0.501525345401,0.0182224259341,0.0464361518081
69,0.830985753751,0.716663045313,0.501525345401,0.0198146242624,0.0464361518081
70,0.854599630896,0.723666334301,0.42237405766,0.0201625906142,0.053809608371
71,0.8200924311,0.543522030015,0.42237405766,0.0316373804156,0.053809608371
72,0.844536631247,0.76441833703,0.463348877717,0.017899086928,0.0499925377397
73,0.846186036695,0.759652358886,0.463348877717,0.0177897495516,0.0499925377397
74,0.870708030727,0.781068757966,0.463869956986,0.0164154025109,0.0499439958213
75,0.849580398687,0.722192628636,0.463869956986,0.0199966728271,0.0499439958213
76,0.876537597391,0.803901671959,0.389735001568,0.0148515736928,0.0568501484457
77,0.865447274826,0.772434443324,0.389735001568,0.0173285285151,0.0568501484457
78,0.841595558917,0.693696841548,0.389735001568,0.0231494374307,0.0568501484457
79,0.870739963056,0.778320362017,0.527368711133,0.0164671589132,0.0440286744303
80,0.862874689094,0.760878913128,0.527368711133,0.0177534838912,0.0440286744303
81,0.862671743039,0.768413476278,0.457739951303,0.0172948154156,0.0505150456667
82,0.878784818061,0.760215580428,0.457739951303,0.0173126695736,0.0505150456667
83,0.860371424905,0.772918830157,0.448327604766,0.0169759053765,0.0513918668824
84,0.836457801218,0.677545761156,0.448327604766,0.0234149344353,0.0513918668824
85,0.817271032676,0.618789995655,0.448327604766,0.0280638509623,0.0513918668824
86,0.873011024625,0.761662958366,0.433172937037,0.0169746824757,0.0528036226152
87,0.874175926361,0.724836980487,0.433172937037,0.019358169828,0.0528036226152
88,0.840432694836,0.690383261314,0.433172937037,0.0225224033793,0.0528036226152
89,0.845523681054,0.742120844857,0.430898402154,0.0189484471035,0.0530155103133
90,0.839570735843,0.722719965457,0.430898402154,0.0202722837929,0.0530155103133
91,0.842625505934,0.724886881323,0.450436881128,0.0199195708388,0.051195374089
92,0.841591412937,0.730545930867,0.5113271716,0.0196213880489,0.0455230480321
93,0.77575450022,0.528678600878,0.5113271716,0.0342434582381,0.0455230480321
94,0.841024786735,0.710069320222,0.477938124093,0.0210617953463,0.0486334546785
95,0.815650497766,0.658639928205,0.477938124093,0.0244311812485,0.0486334546785
96,0.82163201134,0.716521277996,0.470868533689,0.0205113563916,0.0492920329437
97,0.81376772583,0.727535257093,0.456444373419,0.0198078185987,0.0506357371617
98,0.813732882347,0.693508992254,0.456444373419,0.0219196319103,0.0506357371617
99,0.850828471534,0.766034265252,0.516617312813,0.017349554678,0.0450302370172
100,0.858023759498,0.708002620782,0.516617312813,0.0211934233459,0.0450302370172
101,0.853687581134,0.766043179123,0.439352503439,0.0168581979436,0.0522279558668
102,0.860675900551,0.756173995425,0.439352503439,0.0177319668227,0.0522279558668
103,0.831098714325,0.677505378955,0.439352503439,0.0234211354947,0.0522279558668
104,0.860804765431,0.746138162088,0.492012170452,0.0185011334242,0.0473223658454
105,0.821022227497,0.553731616793,0.492012170452,0.0321289601319,0.0473223658454
106,0.859629179776,0.753099636959,0.470983571837,0.0175990486646,0.049281316393
107,0.854314933047,0.763307024707,0.504545201423,0.0172817960993,0.0461548326049
108,0.847506934934,0.773876127241,0.533182851731,0.0169940035472,0.0434870494692
109,0.80496520197,0.662995008623,0.533182851731,0.0244016425008,0.0434870494692
110,0.838276982636,0.754696942419,0.495893583351,0.0182919500344,0.046960787023
111,0.853960831865,0.741444978556,0.495893583351,0.0191407566483,0.046960787023
112,0.85565298353,0.784107942582,0.484173980594,0.0158438070185,0.0480525441419
113,0.855085537617,0.789017479325,0.462550545466,0.0155872747892,0.0500669075743
114,0.854252754248,0.756790107456,0.462550545466,0.017398770705,0.0500669075743
115,0.829422414405,0.694028173383,0.462550545466,0.0217829510278,0.0500669075743
116,0.842398349621,0.76473917133,0.3984489032,0.0171976510586,0.0560383919094
117,0.85617134662,0.799935607993,0.529043495011,0.0142118584301,0.0438726574338
118,0.853278881497,0.766531485178,0.529043495011,0.0171108724375,0.0438726574338
119,0.848251008128,0.775910026922,0.425311894592,0.016720842662,0.0535359297786
120,0.823022836422,0.684211271665,0.425311894592,0.0233039554993,0.0535359297786
121,0.866205069064,0.803062034443,0.461714158525,0.0141275273994,0.0501448224504
122,0.846799977931,0.787356712277,0.461714158525,0.0159739765094,0.0501448224504
123,0.867292412267,0.761539938457,0.461714158525,0.0175228926487,0.0501448224504
124,0.810687795473,0.668697780834,0.461714158525,0.0242311581251,0.0501448224504
125,0.874841983066,0.791431751846,0.467128484743,0.015008656022,0.0496404427956
126,0.860538093928,0.7576694764,0.467128484743,0.0176958587526,0.0496404427956
127,0.882620010273,0.807003275242,0.446911902016,0.0143970397385,0.051523748789
128,0.879628247373,0.802784290029,0.446911902016,0.0144307483184,0.051523748789
129,0.845579885425,0.708780867813,0.446911902016,0.0226250086453,0.051523748789
130,0.868576469928,0.759153883561,0.455748689162,0.0176611973522,0.050700544669
131,0.82307864268,0.707456606608,0.455748689162,0.021002060463,0.050700544669
132,0.848933742136,0.730809477235,0.47176147264,0.0191709717688,0.0492088498805
133,0.848867494707,0.702621316008,0.47176147264,0.0208560305301,0.0492088498805
134,0.833293703859,0.743118150905,0.575162290033,0.0183146925343,0.0395763921231
135,0.818267242027,0.694898741035,0.575162290033,0.0215613503913,0.0395763921231
136,0.8470587379,0.767329758411,0.568949962654,0.0168211788465,0.0401551107693
137,0.831466204579,0.717427916973,0.568949962654,0.0198316597024,0.0401551107693
138,0.853505278421,0.784770642391,0.597730438623,0.0159893387707,0.0374740224955
139,0.848358345258,0.764375336236,0.597730438623,0.0176103771064,0.0374740224955
140,0.856613391558,0.759111483012,0.597730438623,0.0174893418716,0.0374740224955
141,0.852761965189,0.762199562079,0.527417988834,0.0173547871484,0.0440240838924
142,0.852761965189,0.762199562079,0.527417988834,0.0173547871484,0.0440240838924
143,0.830804661395,0.688987387855,0.527417988834,0.0230623117204,0.0440240838924
144,0.871411844025,0.741159528979,0.534981031327,0.0187686288939,0.0433195373601
145,0.847957079661,0.730961595077,0.534981031327,0.01986909685,0.0433195373601
146,0.867361124979,0.74327681306,0.620534066804,0.0184640053179,0.0353497164145
147,0.85434860122,0.740940862551,0.620534066804,0.0183950899854,0.0353497164145
148,0.863926791913,0.721318507559,0.620534066804,0.0201603509174,0.0353497164145
149,0.833275183568,0.654408780036,0.620534066804,0.0253699600878,0.0353497164145
150,0.840642363022,0.722030035202,0.536123621775,0.0207303792583,0.0432130976384
151,0.799440109893,0.648375813725,0.536123621775,0.0259578057453,0.0432130976384
152,0.84310889432,0.710409881648,0.535867561122,0.0215083803247,0.0432369513514
153,0.847094828028,0.711855570555,0.484868309166,0.0209857784542,0.0479878629255
154,0.853309763406,0.703282090175,0.484868309166,0.02110699141,0.0479878629255
155,0.842033266617,0.711749559885,0.470364373592,0.0209459565847,0.0493389987314
156,0.800245760211,0.661968157635,0.470364373592,0.0244256282748,0.0493389987314
157,0.849246068373,0.702384895159,0.472797140169,0.0218785225651,0.0491123707232
158,0.855283692196,0.755803567819,0.457026889485,0.0184055553287,0.0505814720066
159,0.80848586309,0.580577141531,0.457026889485,0.0316852207814,0.0505814720066
160,0.809040700684,0.713345149606,0.520672579332,0.0210775745838,0.0446524626008
161,0.784314290503,0.715421048033,0.501316167559,0.0209230372269,0.0464556380828
162,0.791044340628,0.706112063343,0.501316167559,0.021389277179,0.0464556380828
163,0.829405521611,0.697636272291,0.501316167559,0.0221553950865,0.0464556380828
164,0.798725845733,0.755970341862,0.350528959633,0.0176231475505,0.0605024459061
165,0.800372819604,0.667444248404,0.350528959633,0.0235890872726,0.0605024459061
166,0.813989399169,0.718243807163,0.34891396436,0.0206344694102,0.0606528932057
167,0.816978243369,0.727831772043,0.317438833603,0.0200057246767,0.0635850060754
168,0.815021604635,0.706875244219,0.317438833603,0.0210120371792,0.0635850060754
169,0.816022736471,0.612907972767,0.317438833603,0.0279170007467,0.0635850060754
170,0.81910499533,0.715730057896,0.505164718687,0.0208918740224,0.0460971205478
171,0.831822436591,0.661774770055,0.505164718687,0.0248973826828,0.0460971205478
172,0.81910499533,0.715730057896,0.505164718687,0.0208918740224,0.0460971205478
173,0.830002197224,0.664788340527,0.505164718687,0.0241488480301,0.0460971205478
174,0.820180148917,0.759041724102,0.505138547653,0.0178563176839,0.0460995585496
175,0.786775306244,0.498044039922,0.505138547653,0.03733264404,0.0460995585496
176,0.819852951035,0.705310833872,0.505462690471,0.0214338864548,0.0460693625407
177,0.825844714446,0.715596657966,0.487892996634,0.0212166153884,0.0477060936416
178,0.822172499854,0.719251009967,0.488843621111,0.0211231551225,0.047617536797
179,0.819771243797,0.715160942018,0.488843621111,0.0210789281739,0.047617536797
180,0.824550012824,0.715522125223,0.466304605794,0.0212497369568,0.0497171924711
181,0.829795685636,0.695163278705,0.466304605794,0.0231740097437,0.0497171924711
182,0.845065218304,0.710128331021,0.39097087392,0.0211755539273,0.0567350189087
183,0.849575844015,0.763287355774,0.451703885485,0.0175775564783,0.0510773444036
184,0.849575844015,0.763287355774,0.451703885485,0.0175775564783,0.0510773444036
185,0.835250698913,0.727661378023,0.451703885485,0.0196307291864,0.0510773444036
186,0.847296150385,0.770730589243,0.523267121823,0.0165850803001,0.0444107641155
187,0.847406654013,0.766780856063,0.523267121823,0.0171493700497,0.0444107641155
188,0.843634867683,0.770337357783,0.522438353456,0.0167277397766,0.044487969272
189,0.846878203269,0.739973712398,0.522438353456,0.0181566396841,0.044487969272
190,0.844935612846,0.775202762586,0.453759727575,0.0162130296032,0.0508858293597
191,0.854466625117,0.744008319756,0.453759727575,0.0184743640207,0.0508858293597
192,0.844928976086,0.790943104452,0.465698406167,0.0148692743071,0.0497736639038
193,0.833523864255,0.698225072553,0.465698406167,0.0217123096295,0.0497736639038
194,0.84327573674,0.757376719179,0.478212497746,0.0167257231876,0.0486078949906
195,0.847627520811,0.744641064119,0.478212497746,0.0178456770401,0.0486078949906
196,0.84627958572,0.734520059227,0.478212497746,0.0186805077523,0.0486078949906
197,0.852527717696,0.764666659894,0.37478284692,0.0161779489467,0.0582430387695
198,0.852527717696,0.764666659894,0.37478284692,0.0161779489467,0.0582430387695
199,0.852527717696,0.764666659894,0.37478284692,0.0161779489467,0.0582430387695
200,0.846397827111,0.794143356849,0.520338793661,0.0148153055185,0.0446835569041
201,0.807309776141,0.733226471005,0.520338793661,0.0189649194113,0.0446835569041
202,0.857371444684,0.777117725347,0.505379168265,0.0163426943566,0.0460771431767
203,0.861451835354,0.80415850364,0.449729812753,0.0143471105714,0.0512612421008
204,0.848144700208,0.771682694462,0.449729812753,0.0166690924092,0.0512612421008
205,0.852466017477,0.795880013771,0.495909636966,0.0149937451757,0.0469592915245
206,0.82526497541,0.709001507438,0.495909636966,0.0216354126149,0.0469592915245
207,0.844106926308,0.728554303402,0.486826841847,0.0195691508707,0.0478054128851
208,0.838814611578,0.685499359973,0.486826841847,0.0234694827894,0.0478054128851
209,0.847162992775,0.715806181374,0.364787206392,0.0201634221348,0.0591741976092
210,0.843474665428,0.712559607264,0.364787206392,0.0208798239433,0.0591741976092
211,0.846548766822,0.681458936344,0.364787206392,0.0229423593849,0.0591741976092
212,0.852056248451,0.683140042383,0.502289637483,0.0229748824262,0.0463649530364
213,0.85380842716,0.707937538973,0.538542659304,0.0206942385169,0.0429877485803
214,0.85380842716,0.707937538973,0.538542659304,0.0206942385169,0.0429877485803
215,0.823067988413,0.566450677584,0.538542659304,0.0306665724246,0.0429877485803
216,0.84607360277,0.664446464732,0.548013944719,0.0234766925206,0.0421054368252
217,0.848982618611,0.681356335104,0.590723957372,0.02230561704,0.0381267217331
218,0.84714691681,0.68684485125,0.587215711789,0.0218464237586,0.0384535375962
219,0.861778042228,0.702746918565,0.581249292815,0.021152911193,0.0390093482772
220,0.859293788393,0.726091023081,0.59149307704,0.0198828452966,0.0380550732404
221,0.813160244936,0.701676932824,0.59149307704,0.021928429405,0.0380550732404
222,0.820414549465,0.683039748454,0.59149307704,0.0235331820393,0.0380550732404
223,0.850696854043,0.684397314961,0.544775807271,0.0226822644042,0.042407090361
224,0.839705810801,0.679343866233,0.544775807271,0.0226877664136,0.042407090361
225,0.841672499759,0.694653339661,0.542228498695,0.0219446972653,0.0426443887004
226,0.832005581798,0.638589900075,0.542228498695,0.0255241592591,0.0426443887004
227,0.866107534383,0.742089863622,0.580843264428,0.0185116084934,0.0390471724587
228,0.837560314581,0.689557610385,0.580843264428,0.0223549095401,0.0390471724587
229,0.874085015912,0.757119307428,0.594041236942,0.0172260126868,0.0378176955945
230,0.873399517173,0.763285237216,0.562003331651,0.0173263279811,0.0408022345675
231,0.873803903429,0.772891403824,0.560302821967,0.0168578177116,0.0409606480898
232,0.868925186797,0.736332170154,0.560302821967,0.0198812879692,0.0409606480898
233,0.856933430472,0.727442237845,0.560302821967,0.0202063240362,0.0409606480898
234,0.852359112523,0.717298615083,0.560302821967,0.020698586788,0.0409606480898
235,0.86511433864,0.739168351137,0.502200638322,0.0194504468489,0.0463732438863
236,0.861991685116,0.744823787864,0.498718988694,0.018815951055,0.0466975821635
237,0.864809388286,0.747188793468,0.572744533891,0.0182188216746,0.0398016218118
238,0.86162419013,0.749318754642,0.612347631657,0.0182258558531,0.0361123360216
239,0.872724207746,0.772966689078,0.655641921129,0.0170794192863,0.0320791917488
240,0.867754035243,0.783714618884,0.638388108589,0.0162093135233,0.0336864964553
241,0.875191861064,0.802114971604,0.560523961759,0.014994434586,0.0409400474819
242,0.876869295875,0.793733913595,0.560523961759,0.0155677432552,0.0409400474819
243,0.887106798524,0.765497354003,0.560523961759,0.0177064132016,0.0409400474819
244,0.876216551914,0.809147555255,0.636499187353,0.0140998376162,0.0338624617374
245,0.852013680638,0.765624895982,0.636499187353,0.0172092239977,0.0338624617374
246,0.884061774455,0.798116526159,0.657604522668,0.01497106013,0.0318963626678
247,0.8599633861,0.777249009849,0.657604522668,0.0170917414093,0.0318963626678
248,0.899066475535,0.821139462158,0.647441305505,0.0126596947346,0.0328431323595
249,0.858897088218,0.736491461524,0.647441305505,0.0193784067224,0.0328431323595
250,0.875641934495,0.770803943692,0.57890988816,0.0166320299426,0.0392272790159
251,0.867397522236,0.750942766741,0.57890988816,0.0180847158835,0.0392272790159
252,0.864972845679,0.774674289539,0.580062479981,0.0162098154814,0.0391199076013
253,0.856726864731,0.715765824352,0.580062479981,0.0214352761472,0.0391199076013
254,0.847825199166,0.735101678781,0.474693368986,0.0195910449091,0.0489357246924
255,0.846973780366,0.747390649954,0.456412177311,0.0191625953856,0.0506387364384
256,0.845873941043,0.739131772188,0.456412177311,0.0199576890832,0.0506387364384
257,0.86879855758,0.782659361707,0.509489095368,0.016332241511,0.0456942767719
258,0.838065509941,0.742688657259,0.509489095368,0.0192564973486,0.0456942767719
259,0.86862138931,0.760642730274,0.538390823785,0.0178556610055,0.043001893045
260,0.880334668232,0.805585852878,0.558275139724,0.0145876052597,0.0411495398611
261,0.87433556198,0.78685080977,0.558275139724,0.015756753752,0.0411495398611
262,0.829134762032,0.714211207784,0.558275139724,0.0210701015466,0.0411495398611
263,0.855035633833,0.782801502209,0.532937071982,0.0158325591622,0.0435099454491
264,0.855794534055,0.77158639869,0.532937071982,0.0165239496806,0.0435099454491
265,0.833542179632,0.736522147151,0.532937071982,0.0188205975768,0.0435099454491
266,0.841375506667,0.748344276898,0.530392352975,0.0185965265997,0.0437470025533
267,0.862410182684,0.750600875557,0.533257344401,0.0190875966106,0.0434801099931
268,0.846772690714,0.700282476921,0.533257344401,0.0214481031778,0.0434801099931
269,0.863491303007,0.743478096698,0.528043533041,0.0188746469033,0.0439658103864
270,0.83476414222,0.752857903067,0.59274641072,0.0183395071061,0.0379383170673
271,0.82324375834,0.695737959945,0.59274641072,0.0221741581411,0.0379383170673
272,0.845499890477,0.74876897438,0.68145575016,0.0180378539829,0.0296744659065
273,0.823162219725,0.737854435913,0.68145575016,0.0191646152251,0.0296744659065
274,0.857281663218,0.726039312546,0.68145575016,0.0191372092555,0.0296744659065
275,0.850439492727,0.733980080745,0.63483261046,0.0190117151572,0.0340177141999
276,0.816116269478,0.7105125396,0.63483261046,0.0208836647799,0.0340177141999
277,0.856671563604,0.745600741095,0.668229162075,0.0184670926808,0.030906608497
278,0.798168462363,0.624242990617,0.668229162075,0.0271338664802,0.030906608497
279,0.853621426832,0.756035630097,0.62575181194,0.0177652572704,0.0348636495644
280,0.798579436648,0.655115483736,0.62575181194,0.024724815975,0.0348636495644
281,0.81028504575,0.597460669171,0.62575181194,0.0289305896389,0.0348636495644
282,0.853021494835,0.759580202332,0.683916917401,0.0172984272205,0.0294451921921
283,0.856054042046,0.767853563209,0.67328375089,0.0170033945462,0.030435740718
284,0.864864113463,0.69593468646,0.67328375089,0.0214403272958,0.030435740718
285,0.843681694399,0.712072644466,0.661783862971,0.0208959857324,0.0315070299726
286,0.804036799,0.596210251681,0.661783862971,0.0294109984645,0.0315070299726
287,0.837216506767,0.702265864623,0.66664336773,0.0216369371369,0.0310543355405
288,0.823014743532,0.69175163678,0.66664336773,0.0224744916959,0.0310543355405
289,0.843230314868,0.700995566796,0.641204498348,0.0217682730908,0.0334241314559
290,0.848155757446,0.711140614586,0.657620480655,0.0212672004254,0.0318948760777
291,0.799234557512,0.517887148159,0.657620480655,0.0338639155634,0.0318948760777
292,0.87024298599,0.766466207778,0.663784952769,0.0170486956957,0.0313206154603
293,0.87222043104,0.766170294014,0.663784952769,0.0169391239857,0.0313206154603
294,0.869097537967,0.760333507982,0.663784952769,0.0175215247639,0.0313206154603
295,0.87024298599,0.766466207778,0.663784952769,0.0170486956957,0.0313206154603
296,0.872698061184,0.806585279466,0.673892857023,0.014487746085,0.0303789985253
297,0.874784257176,0.781942571078,0.673892857023,0.0160201901435,0.0303789985253
298,0.850498436447,0.731572325158,0.673892857023,0.0195744345518,0.0303789985253
299,0.844242036524,0.720809694066,0.673892857023,0.0205978200457,0.0303789985253
300,0.872698061184,0.806585279466,0.673892857023,0.014487746085,0.0303789985253
301,0.852184002608,0.711839045505,0.673892857023,0.0208956369136,0.0303789985253
302,0.836489106523,0.73002790835,0.5495207592,0.0200860854031,0.0419650672691
303,0.831349973191,0.694200249196,0.5495207592,0.0229358593156,0.0419650672691
304,0.825077453604,0.717693368997,0.506510300557,0.0209074780045,0.0459717708567
305,0.827207968018,0.685180672583,0.506510300557,0.0230565331978,0.0459717708567
306,0.817716887688,0.681268427075,0.506510300557,0.0241677058344,0.0459717708567
307,0.849758219909,0.735939181681,0.341482355014,0.0196251806827,0.0613451958866
308,0.851486775774,0.737384989555,0.386521266893,0.0190756899705,0.0571495287047
309,0.84522481609,0.730312295977,0.386521266893,0.0194627049078,0.0571495287047
310,0.854684839291,0.719672634856,0.386521266893,0.0205203811301,0.0571495287047
311,0.848836747393,0.712126468669,0.386521266893,0.0205568988657,0.0571495287047
312,0.852803188123,0.777496364216,0.473307032081,0.016139209839,0.0490648709797
313,0.848552438887,0.752164214302,0.473307032081,0.0175735773556,0.0490648709797
314,0.863272315891,0.758726813101,0.43245444134,0.0173487443362,0.0528705551562
315,0.854502773375,0.735240533917,0.43245444134,0.0187463776734,0.0528705551562
316,0.855993584837,0.71626231832,0.43245444134,0.0198152299674,0.0528705551562
317,0.884273959404,0.783693976678,0.509401937389,0.0147260998627,0.0457023961038
318,0.890336915691,0.788159967456,0.559123031142,0.0149917105355,0.0410705532682
319,0.888955953668,0.733065618622,0.559123031142,0.0176950238682,0.0410705532682
320,0.883679435241,0.770614075708,0.567117796655,0.0160871260464,0.0403257889325
321,0.85875221342,0.753401336591,0.567117796655,0.0173842060192,0.0403257889325
322,0.891767382838,0.759265457229,0.546761250152,0.0171052762676,0.0422221334607
323,0.881714667389,0.72776525018,0.546761250152,0.0192558844393,0.0422221334607
324,0.86012756623,0.753968003976,0.58184633956,0.0176759392805,0.0389537294949
325,0.87944105603,0.789692384282,0.62277340205,0.0147072550715,0.0351411077913
326,0.884746097048,0.791905150173,0.649098930265,0.014748689427,0.0326887138463
327,0.866092626032,0.707390841849,0.649098930265,0.020603219461,0.0326887138463
328,0.877930333986,0.767802517564,0.612600873685,0.0167179780572,0.0360887448818
329,0.832457892521,0.69483597191,0.612600873685,0.0216843941808,0.0360887448818
330,0.8465911093,0.773364171952,0.572060115268,0.0168048758752,0.039865379852
331,0.828974721394,0.748572428483,0.572060115268,0.0185747841816,0.039865379852
332,0.852299476262,0.771658313044,0.53425034399,0.0167573354017,0.0433876056315
333,0.837219227792,0.750293239762,0.53425034399,0.0189185891348,0.0433876056315
334,0.842253900511,0.753265202898,0.588066997615,0.0182450583671,0.0383742347922
335,0.855030137711,0.775312657134,0.490618237559,0.0168201048066,0.0474522197483
336,0.855030137711,0.775312657134,0.490618237559,0.0168201048066,0.0474522197483
337,0.875171704953,0.77877180114,0.580477991636,0.0164138021603,0.0390811999918
338,0.883044703605,0.771306279305,0.580477991636,0.0166567441149,0.0390811999918
339,0.855809718217,0.74064485586,0.580477991636,0.0191181059724,0.0390811999918
340,0.870558936399,0.793946281055,0.58045476919,0.0149499683537,0.0390833633135
341,0.851846127913,0.768651412471,0.58045476919,0.0173434044943,0.0390833633135
342,0.855859047683,0.756141798661,0.58045476919,0.0176371911882,0.0390833633135
343,0.858673489559,0.785713959346,0.513494500417,0.0156802140708,0.0453211472753
344,0.823776941753,0.734290201067,0.513494500417,0.0187105645143,0.0453211472753
345,0.847948421707,0.716804811345,0.513494500417,0.0201118602808,0.0453211472753
346,0.807279460669,0.704271995304,0.513494500417,0.0220737490951,0.0453211472753
347,0.864245108441,0.794791402688,0.517707104566,0.01494558921,0.0449287158368
348,0.837642503502,0.71795246485,0.517707104566,0.0205576811136,0.0449287158368
349,0.845518964345,0.747248498375,0.538782078115,0.0181837360207,0.0429654451629
350,0.826248890049,0.785779133407,0.531239477415,0.0151225176505,0.0436680874094
351,0.823892481214,0.748176094119,0.531239477415,0.017813854907,0.0436680874094
352,0.828338126674,0.770263664924,0.450057848623,0.0166245781899,0.0512306834287
353,0.818142126725,0.74853829113,0.450057848623,0.0182117759903,0.0512306834287
354,0.817923197064,0.742611578685,0.450057848623,0.0185056630645,0.0512306834287
355,0.83290825777,0.722393861274,0.450057848623,0.0201259470952,0.0512306834287
356,0.822380638134,0.772076778943,0.525036444232,0.0161735012552,0.0442459402408
357,0.776018403865,0.656805218965,0.525036444232,0.0245262016184,0.0442459402408
358,0.830162585191,0.754249611858,0.50812629612,0.0179005406878,0.0458212303736
359,0.842115197922,0.752964088163,0.50812629612,0.0180563986078,0.0458212303736
360,0.83343695885,0.744509152799,0.50812629612,0.018128071248,0.0458212303736
361,0.835277740517,0.746615049368,0.55982498042,0.0184700566144,0.0410051621337
362,0.831842986121,0.772964885663,0.492113579326,0.0164998630244,0.0473129189501
363,0.752288692331,0.518039665553,0.492113579326,0.0351053823525,0.0473129189501
364,0.851927955044,0.774261695313,0.550196450736,0.0160244224393,0.0419021222138
365,0.80144919075,0.67701465609,0.550196450736,0.0229073306395,0.0419021222138
366,0.827290103098,0.681032494655,0.442326597559,0.0222477978795,0.051950899682
367,0.836847331717,0.69703390029,0.428430712574,0.0218786973718,0.053245391626
368,0.828668711642,0.698433386658,0.44560280329,0.0218487707343,0.0516456998383
369,0.843593575287,0.707325540949,0.519062929942,0.0211420985168,0.0448024118966
370,0.830015608056,0.685501424895,0.519062929942,0.0223763879667,0.0448024118966
371,0.8074167429,0.63348201466,0.519062929942,0.0267139884541,0.0448024118966
372,0.842505772348,0.692883205743,0.519736965362,0.022306085911,0.0447396211192
373,0.830558857994,0.67250176723,0.519736965362,0.0241267095684,0.0447396211192
374,0.831925776111,0.671801924708,0.519736965362,0.0242272689108,0.0447396211192
375,0.850143860989,0.697015351007,0.569540186626,0.0217348404003,0.0401001275726
376,0.843199845565,0.647631598367,0.569540186626,0.0255499344914,0.0401001275726
377,0.859912472708,0.757929358047,0.563163843247,0.017839343994,0.0406941253745
378,0.871635512081,0.739150631893,0.563163843247,0.0191623028055,0.0406941253745
379,0.852526909657,0.732538439397,0.563163843247,0.0193209121254,0.0406941253745
380,0.87138188748,0.802973164516,0.485720641023,0.0142901595119,0.0479084626769
381,0.87215449776,0.808394173104,0.540753751512,0.0140763299838,0.0427817709795
382,0.871403552992,0.792530864001,0.540753751512,0.0159451984958,0.0427817709795
383,0.837258169635,0.746170542873,0.540753751512,0.0185996598655,0.0427817709795
384,0.873217052106,0.799009135883,0.510384652565,0.0148036372293,0.0456108498021
385,0.83622623755,0.760326554746,0.510384652565,0.0178360921114,0.0456108498021
386,0.843179457677,0.716989018749,0.510384652565,0.020931763814,0.0456108498021
387,0.867529672024,0.7543344146,0.484025010908,0.0176777293107,0.0480664216357
388,0.888705083802,0.791062800166,0.529785662745,0.0151840695023,0.0438035196888
389,0.889667992649,0.79595205084,0.562625939754,0.0146227232633,0.0407442345786
390,0.871638477245,0.756923913931,0.562625939754,0.017696307057,0.0407442345786
391,0.843220918213,0.696161331775,0.562625939754,0.0220010146986,0.0407442345786
392,0.862446209867,0.754145766453,0.519094300277,0.0178157674011,0.0447994895461
393,0.824645147518,0.743340798863,0.519094300277,0.019167313625,0.0447994895461
394,0.820315609211,0.68338915768,0.519094300277,0.0237559301276,0.0447994895461
395,0.84172637237,0.724647541833,0.518496927395,0.0192294495428,0.0448551387102
396,0.834607956322,0.696457916685,0.518496927395,0.022173734669,0.0448551387102
397,0.820100197194,0.708931833253,0.491283399433,0.0213450355471,0.0473902555994
398,0.813936278212,0.66915404968,0.491283399433,0.0244260142559,0.0473902555994
399,0.820100197194,0.708931833253,0.491283399433,0.0213450355471,0.0473902555994
400,0.82360222078,0.693370889417,0.491283399433,0.0222134530092,0.0473902555994
401,0.834211387416,0.707320570005,0.530314983738,0.0212840496905,0.0437542100003
402,0.852424337603,0.753836892238,0.580051836958,0.0182883775422,0.0391208990681
403,0.850258296463,0.735892556875,0.580051836958,0.0197183551366,0.0391208990681
404,0.885583471698,0.784250952917,0.584746538871,0.0153023005567,0.0386835570915
405,0.848493502752,0.729618476399,0.584746538871,0.019775359799,0.0386835570915
406,0.890482277294,0.786680870652,0.598819992968,0.0150020433938,0.0373725234313
407,0.864930957338,0.759235965746,0.598819992968,0.0182821564874,0.0373725234313
408,0.875891951739,0.788196687022,0.387784475361,0.0153546711212,0.0570318526311
409,0.820576990417,0.644217544161,0.387784475361,0.0263656174576,0.0570318526311
410,0.856338645066,0.741556338694,0.434652937769,0.0195128730587,0.052665750934
411,0.856941884508,0.713979773847,0.434652937769,0.0212696122717,0.052665750934
412,0.839979198995,0.756065802411,0.415000426155,0.017861116688,0.0544965100394
413,0.848079271685,0.73162715049,0.415000426155,0.0190450627149,0.0544965100394
414,0.82461644597,0.674315365158,0.415000426155,0.0231049708517,0.0544965100394
415,0.836407421306,0.718048103195,0.469446345918,0.0212098739375,0.049424518972
416,0.829716912599,0.699388378207,0.469446345918,0.0223334574935,0.049424518972
417,0.832807187004,0.709741293858,0.516092679383,0.0213980271615,0.0450791100288
418,0.829435295846,0.715651440317,0.441125046567,0.021449639089,0.0520628319613
419,0.812799770596,0.609713168516,0.441125046567,0.0288407897794,0.0520628319613
420,0.844727088064,0.729465883922,0.50945267831,0.0201043033543,0.0456976692574
421,0.883631825645,0.797904659736,0.634936738091,0.0146382677652,0.0340080140347
422,0.844801185941,0.699441099805,0.634936738091,0.022119333081,0.0340080140347
423,0.883724984899,0.809365740124,0.650331735077,0.0139238981601,0.0325738700707
424,0.865608852711,0.744448065389,0.650331735077,0.0186618350077,0.0325738700707
425,0.891379540433,0.835298548209,0.637747076972,0.0119700778523,0.033746212714
426,0.853744086666,0.758949766766,0.637747076972,0.0177472363531,0.033746212714
427,0.890299399043,0.810979471339,0.591295400407,0.0135264781371,0.0380734881027
428,0.873735158881,0.813378381943,0.582695478799,0.0140797028723,0.0388746266594
429,0.836344743705,0.700120601805,0.582695478799,0.0219773404184,0.0388746266594
430,0.856562015846,0.781887321886,0.577648257114,0.0169165381812,0.0393448081425
431,0.856092658198,0.785851405762,0.595287566627,0.0161742879045,0.0377015918891
432,0.850218695208,0.718569672588,0.595287566627,0.020955276084,0.0377015918891
433,0.870120844016,0.805943383518,0.614089701596,0.0144472956908,0.0359500508916
434,0.855625140994,0.778415370726,0.614089701596,0.0167458308641,0.0359500508916
435,0.869017964418,0.822793907818,0.586350890491,0.013348006828,0.0385341013173
436,0.848930180332,0.691924185756,0.586350890491,0.0230431607993,0.0385341013173
437,0.872977995539,0.758444099054,0.578153132011,0.0170474505964,0.0392977757665
438,0.871076743613,0.782661075069,0.547432689558,0.0157550643623,0.0421595845188
439,0.855077746018,0.741559635309,0.547432689558,0.0186597182327,0.0421595845188
440,0.870834830998,0.758884341448,0.487984646987,0.0176449848088,0.047697555816
441,0.867082642103,0.711977982325,0.487984646987,0.0211509760718,0.047697555816
442,0.860828190565,0.752012156506,0.472784276305,0.0182059272811,0.0491135690757
443,0.862479513205,0.7311455636,0.472784276305,0.0197518556677,0.0491135690757
444,0.839176880081,0.716996370748,0.472784276305,0.0206655831833,0.0491135690757
445,0.864248719813,0.740935081652,0.521605451718,0.0186730664572,0.0445655594788
446,0.858002287593,0.765344435106,0.467003038352,0.0173459579955,0.0496521289418
447,0.841909415483,0.642608058973,0.467003038352,0.0267445977221,0.0496521289418
448,0.85786748961,0.711749832311,0.530831725579,0.0216021116655,0.0437060721414
449,0.853015643541,0.654987437605,0.530831725579,0.0252229899697,0.0437060721414
450,0.84347002728,0.666946103285,0.562987207138,0.0243242935983,0.0407105801754
451,0.846537344774,0.684991268903,0.565166382603,0.0229736863583,0.0405075758264
452,0.837746754385,0.682788083603,0.565166382603,0.0235194400155,0.0405075758264
453,0.842388814848,0.692557544799,0.533399732164,0.0224105463638,0.0434668456481
454,0.848617283151,0.685697875804,0.533399732164,0.023270986372,0.0434668456481
455,0.856103261279,0.706321267549,0.671399817334,0.0211647215984,0.0306112413654
456,0.843870731843,0.691476972015,0.671399817334,0.0227554226333,0.0306112413654
457,0.829732853727,0.669303095516,0.671399817334,0.0233396918373,0.0306112413654
458,0.868263889214,0.757275214537,0.656304455056,0.0175289234399,0.0320174724102
459,0.848788974537,0.714130274659,0.656304455056,0.0207697514218,0.0320174724102
460,0.860591987065,0.731170535268,0.583192867035,0.0191595245362,0.0388282917145
461,0.880875691271,0.745894450339,0.622198425387,0.0182324788581,0.0351946706021
462,0.870530538007,0.720185130533,0.622198425387,0.0199184776833,0.0351946706021
463,0.856733425457,0.726541276701,0.579982794501,0.0196362808622,0.0391273308214
464,0.857106413318,0.717798915731,0.579982794501,0.0205993126727,0.0391273308214
465,0.859210338495,0.714142111303,0.579982794501,0.0206154671427,0.0391273308214
466,0.851336513155,0.69282540559,0.579982794501,0.0223293346959,0.0391273308214
467,0.851873051497,0.743332950977,0.542328231939,0.0185609920419,0.0426350979009
468,0.851277658067,0.733065482995,0.542328231939,0.0200267270849,0.0426350979009
469,0.85561781055,0.744110353156,0.507994316794,0.0187332766187,0.0458335251051
470,0.853945003453,0.745627682136,0.562247791202,0.0184935132273,0.0407794615725
471,0.871592868585,0.749632714635,0.546172893259,0.0184990890921,0.0422769427268
472,0.859036895602,0.769850703257,0.567963601955,0.01699038637,0.0402469966751
473,0.845360398612,0.765849976953,0.567963601955,0.017626810502,0.0402469966751
474,0.853293501496,0.72161347304,0.567963601955,0.0204205893127,0.0402469966751
475,0.852483586169,0.724321294871,0.57535756813,0.0195399015865,0.0395582007
476,0.866375862089,0.766778895023,0.557376855108,0.0169271045229,0.0412332209077
477,0.869945066841,0.751280132777,0.557376855108,0.0176810734824,0.0412332209077
478,0.857645244798,0.703503110382,0.557376855108,0.0221839563425,0.0412332209077
479,0.824342451211,0.574698721045,0.557376855108,0.0321240986401,0.0412332209077
480,0.868155672868,0.769249309427,0.541397369144,0.0173596968049,0.0427218138165
481,0.875660401131,0.75125498234,0.541397369144,0.0190265585659,0.0427218138165
482,0.868155672868,0.769249309427,0.541397369144,0.0173596968049,0.0427218138165
483,0.874063807058,0.773399527989,0.567692159914,0.0170101257533,0.0402722832642
484,0.8677534731,0.766406982768,0.567692159914,0.0169170058783,0.0402722832642
485,0.883678666533,0.77052925771,0.500930481257,0.0165839509735,0.0464915672669
486,0.887845966583,0.78809468827,0.576467329323,0.0156348462521,0.0394548192367
487,0.901574759283,0.782236293346,0.576467329323,0.0153703519494,0.0394548192367
488,0.867128249562,0.735190538145,0.576467329323,0.0192043934639,0.0394548192367
489,0.827945358108,0.607660348076,0.576467329323,0.0287988783015,0.0394548192367
490,0.884535802492,0.780386130007,0.571259461287,0.0165729276077,0.0399399659707
491,0.888084345717,0.781515690004,0.579817078552,0.0169243839402,0.0391427683384
492,0.87359011591,0.768891784487,0.579817078552,0.0178178524558,0.0391427683384
493,0.889033826508,0.768575331826,0.579817078552,0.0177384725796,0.0391427683384
494,0.865056937429,0.735721050522,0.579817078552,0.0196358399982,0.0391427683384
495,0.876606520917,0.806576429074,0.545121149252,0.0143169078989,0.0423749195124
496,0.835509362541,0.709356704758,0.545121149252,0.0214625215164,0.0423749195124
497,0.860616921357,0.750690289232,0.505134964313,0.0176039527671,0.046099892361
498,0.853408946633,0.796122161675,0.416764766063,0.0145252685807,0.0543321503171
499,0.840108306793,0.71416924815,0.416764766063,0.02124767145,0.0543321503171
