generation,train,validation,test,validmse,testmse
0,0.829110701788,0.671319403566,0.565666496519,0.0237711470108,0.0404609869668
1,0.835061076277,0.675013094021,0.580794927585,0.0237446322472,0.0390516753496
2,0.834674176683,0.684540412331,0.613123643204,0.0232090307996,0.0360400455057
3,0.839372232095,0.711801705411,0.611558821906,0.0209018639702,0.0361858187735
4,0.851504269707,0.725183385253,0.514296784615,0.019791463355,0.0452464092912
5,0.845118601573,0.72694844181,0.550568627213,0.0201439495595,0.0418674515575
6,0.84930155046,0.740064236808,0.618680418036,0.0193154011221,0.0355223958372
7,0.861086556756,0.738298364702,0.618680418036,0.0194987873351,0.0355223958372
8,0.84930155046,0.740064236808,0.618680418036,0.0193154011221,0.0355223958372
9,0.819266286907,0.678646125129,0.618680418036,0.0235265986628,0.0355223958372
10,0.86448963628,0.742487013014,0.62214110376,0.018936580524,0.0352000104839
11,0.854600566666,0.738648987815,0.62214110376,0.0192486968221,0.0352000104839
12,0.876857148126,0.776204835233,0.651225496214,0.0164419029664,0.0324906104156
13,0.874618934174,0.748980807748,0.651225496214,0.018340261796,0.0324906104156
14,0.861296493441,0.761658482767,0.599391422207,0.0175929403512,0.0373192910861
15,0.849888079262,0.759353240818,0.599391422207,0.017588710799,0.0373192910861
16,0.855819486217,0.792637559892,0.597340977442,0.0152987501701,0.0375103033342
17,0.867808439009,0.760150712407,0.597340977442,0.0180487949599,0.0375103033342
18,0.832922421588,0.69287625901,0.597340977442,0.0225124143422,0.0375103033342
19,0.859681402642,0.771236910986,0.580851479513,0.0164813591662,0.0390464071701
20,0.85419346162,0.78211549685,0.510427969598,0.0154708528511,0.0456068145391
21,0.847857185557,0.749007816106,0.510427969598,0.0183191861982,0.0456068145391
22,0.834147797548,0.70067556547,0.510427969598,0.0212417190513,0.0456068145391
23,0.83902468607,0.698546800293,0.510427969598,0.021227740284,0.0456068145391
24,0.857556088397,0.7365618702,0.573815453344,0.0190862301285,0.0397018587087
25,0.857556088397,0.7365618702,0.573815453344,0.0190862301285,0.0397018587087
26,0.850258093934,0.687769450781,0.573815453344,0.0226143013518,0.0397018587087
27,0.853022123224,0.733868287449,0.594965760397,0.0194729476038,0.0377315702296
28,0.8586403207,0.749819031506,0.518176301851,0.0182843474742,0.0448850070622
29,0.830671157927,0.677739874452,0.518176301851,0.023341664196,0.0448850070622
30,0.85466575004,0.723360237853,0.516922315092,0.020676779041,0.0450018240738
31,0.885495773002,0.722096054995,0.516922315092,0.0201385850134,0.0450018240738
32,0.799280788285,0.54812146421,0.516922315092,0.0342872035262,0.0450018240738
33,0.866330151931,0.75688825004,0.557195277466,0.0183106618365,0.0412501360445
34,0.847843769904,0.692304982628,0.557195277466,0.0226089443583,0.0412501360445
35,0.854403554294,0.671416628933,0.557195277466,0.0241932211568,0.0412501360445
36,0.852820917054,0.725098852756,0.474206129322,0.0204234234469,0.0489811142318
37,0.847392958386,0.695081903215,0.474206129322,0.0221447370406,0.0489811142318
38,0.842295559545,0.696574901786,0.420977800658,0.0220742953826,0.0539396787798
39,0.872008874027,0.724333729177,0.459810333254,0.0197715005887,0.0503221761403
40,0.878129848031,0.745013213712,0.447975664331,0.0188432719697,0.0514246524199
41,0.880325960298,0.770117222402,0.411560019182,0.0169383431369,0.0548170062954
42,0.875630656349,0.756978306986,0.411560019182,0.018305598387,0.0548170062954
43,0.893145252906,0.779916014784,0.460184406677,0.0158819736522,0.0502873287712
44,0.869997403276,0.756706769756,0.460184406677,0.018130906328,0.0502873287712
45,0.872924586466,0.749558041932,0.460184406677,0.0183697729176,0.0502873287712
46,0.834427933856,0.652312813511,0.460184406677,0.0252380938989,0.0502873287712
47,0.836359518476,0.7364428693,0.521312808899,0.0188346170168,0.0445928210582
48,0.851394782401,0.729600653915,0.521312808899,0.0189089395556,0.0445928210582
49,0.835298117179,0.730303677831,0.398140654647,0.019073328167,0.0560671072644
50,0.858494989119,0.731509367675,0.493835352108,0.0193047371062,0.047152524632
51,0.859507297221,0.743554659465,0.532043858091,0.0187424732991,0.0435931541248
52,0.829292665705,0.661034974352,0.532043858091,0.0243650608036,0.0435931541248
53,0.861818346614,0.756956547161,0.610456042217,0.0175589035263,0.0362885498644
54,0.842651147187,0.709688218132,0.610456042217,0.0207900619208,0.0362885498644
55,0.861426671205,0.737552430511,0.611007628129,0.0188785283889,0.036237166054
56,0.843351191195,0.679543614251,0.611007628129,0.0227176270893,0.036237166054
57,0.843297233506,0.668860767215,0.611007628129,0.0234872643912,0.036237166054
58,0.861566224924,0.754234719979,0.60638446347,0.0181783415928,0.0366678438707
59,0.841041909503,0.710553206436,0.60638446347,0.021115862501,0.0366678438707
60,0.847263240479,0.718054679447,0.592379473571,0.0205930094131,0.0379724996461
61,0.847263240479,0.718054679447,0.592379473571,0.0205930094131,0.0379724996461
62,0.859542275177,0.778004614428,0.648993974163,0.0163064165083,0.0326984911889
63,0.880897593854,0.792122445815,0.659406508074,0.0143522026031,0.0317284960228
64,0.89237432421,0.809765204663,0.611599376874,0.0141688623568,0.0361820408148
65,0.88607298034,0.76872493352,0.611599376874,0.0163286295623,0.0361820408148
66,0.881247123628,0.81191524041,0.590580504624,0.0145764568009,0.0381400852884
67,0.884292416355,0.797029398228,0.590580504624,0.0154236873687,0.0381400852884
68,0.877346358114,0.794819614652,0.590580504624,0.0147984900508,0.0381400852884
69,0.865876970482,0.773180630026,0.590580504624,0.0173060163023,0.0381400852884
70,0.856625445145,0.748221996702,0.590580504624,0.019222852286,0.0381400852884
71,0.867325352437,0.779674504917,0.558395298574,0.0167713649726,0.0411383462838
72,0.864405939763,0.762832588127,0.558395298574,0.0179342669593,0.0411383462838
73,0.872277325719,0.758646953345,0.558395298574,0.0182091545359,0.0411383462838
74,0.869998919239,0.804058410384,0.523441154502,0.0150870656997,0.044394551841
75,0.867172197351,0.760822392264,0.523441154502,0.0180466338994,0.044394551841
76,0.866395434856,0.745048214434,0.523441154502,0.0191730895045,0.044394551841
77,0.882242456452,0.794828581512,0.519140577443,0.0158273976566,0.0447951785275
78,0.827532785707,0.699204455465,0.519140577443,0.0229025847899,0.0447951785275
79,0.845654338646,0.715304818021,0.518286468326,0.0209390481928,0.0448747443395
80,0.849304052084,0.72267215642,0.522189916134,0.0205006074895,0.0445111128222
81,0.768980198079,0.546547297515,0.522189916134,0.0346198600074,0.0445111128222
82,0.854879647516,0.741726383953,0.597588331726,0.0189822412371,0.037487260676
83,0.849998153034,0.737095573794,0.597588331726,0.01916527947,0.037487260676
84,0.821144769757,0.669071939859,0.597588331726,0.0259940883178,0.037487260676
85,0.84874035808,0.740080169928,0.592523731557,0.0183819694461,0.0379590610777
86,0.857039856649,0.773627242081,0.629432095651,0.0166480239982,0.0345208072322
87,0.84445590714,0.728525677421,0.629432095651,0.0196515590268,0.0345208072322
88,0.84736475328,0.698622504841,0.629432095651,0.0219974325193,0.0345208072322
89,0.853564725118,0.774561007904,0.621394666624,0.0165279290468,0.0352695459515
90,0.831627573396,0.682813076548,0.621394666624,0.0230903427927,0.0352695459515
91,0.816963669005,0.622541649892,0.621394666624,0.0282209352821,0.0352695459515
92,0.868237948323,0.767251852645,0.580914612144,0.0173716877454,0.0390405259555
93,0.825233323196,0.65924401156,0.580914612144,0.0247261375349,0.0390405259555
94,0.86064249352,0.714591220182,0.564106878558,0.0212540464106,0.04060627551
95,0.819317696816,0.607903541274,0.564106878558,0.0289490951624,0.04060627551
96,0.86064249352,0.714591220182,0.564106878558,0.0212540464106,0.04060627551
97,0.845305886684,0.716264216462,0.456500978005,0.0209069100728,0.0506304640769
98,0.823737696731,0.641269683573,0.456500978005,0.0265391664418,0.0506304640769
99,0.81534793304,0.576737517539,0.456500978005,0.03130611292,0.0506304640769
100,0.856956579494,0.717771259163,0.58187227455,0.0209166821413,0.0389513134821
101,0.836947980041,0.698238443654,0.58187227455,0.023094550042,0.0389513134821
102,0.873527905848,0.727342030299,0.553646858659,0.0199013614771,0.0415806943044
103,0.838548437863,0.652594382843,0.553646858659,0.0251862170982,0.0415806943044
104,0.871236292613,0.737356324709,0.541101730766,0.0189646848622,0.0427493544516
105,0.882760586249,0.712837296749,0.541101730766,0.020183197546,0.0427493544516
106,0.854144500384,0.677550686703,0.541101730766,0.0232132898077,0.0427493544516
107,0.843914162951,0.68849303231,0.543975857325,0.0238828331364,0.0424816108945
108,0.828466333121,0.619370886141,0.543975857325,0.0285520817179,0.0424816108945
109,0.82707589601,0.608926915976,0.543975857325,0.0292616928333,0.0424816108945
110,0.848259464624,0.689908296212,0.46791961576,0.0239688432875,0.0495667438028
111,0.847737768237,0.743372680811,0.457654043923,0.0188039811633,0.0505230484972
112,0.859805813773,0.721344473802,0.457654043923,0.020375060655,0.0505230484972
113,0.847017838203,0.737421734057,0.489001697606,0.0190283190709,0.0476028109449
114,0.856051736954,0.705332429354,0.489001697606,0.0214214882138,0.0476028109449
115,0.826257110059,0.688869432235,0.489001697606,0.0227599393468,0.0476028109449
116,0.831076850771,0.725933803985,0.42340152002,0.0203886805863,0.0537138935784
117,0.82884658487,0.73702166314,0.416780059423,0.0195813013995,0.0543307256413
118,0.821502601368,0.609421054264,0.416780059423,0.0273287479664,0.0543307256413
119,0.826678387921,0.709126277143,0.475968036129,0.0213822931033,0.0488169811686
120,0.816667505595,0.649454613809,0.475968036129,0.0261596051367,0.0488169811686
121,0.827008544374,0.726830354439,0.482324477162,0.0206762451242,0.0482248373996
122,0.835118356135,0.731099338702,0.465065054086,0.0196557392343,0.0498326647639
123,0.835118356135,0.731099338702,0.465065054086,0.0196557392343,0.0498326647639
124,0.815940601486,0.677368685989,0.465065054086,0.0236954473458,0.0498326647639
125,0.845096302489,0.72239742304,0.550489377022,0.0198453136205,0.0418748342275
126,0.834242687068,0.724981584756,0.511496867386,0.0197702742543,0.0455072397674
127,0.776043353824,0.672564219373,0.511496867386,0.0235395695193,0.0455072397674
128,0.851234399344,0.748231007931,0.531982479336,0.0174995018729,0.0435988719545
129,0.83089939708,0.72483376524,0.531982479336,0.0199720597625,0.0435988719545
130,0.832505015937,0.645902889057,0.531982479336,0.0253270735541,0.0435988719545
131,0.856715121901,0.736815818118,0.550372166019,0.0183303562597,0.0418857531938
132,0.839918929136,0.742556845901,0.575640280071,0.0179314619988,0.0395318642464
133,0.811469467039,0.731839113776,0.575640280071,0.0202973997818,0.0395318642464
134,0.841642689227,0.744072260696,0.545805305013,0.0178506819016,0.0423111859595
135,0.838172520754,0.724347624558,0.545805305013,0.0195819870321,0.0423111859595
136,0.838172520754,0.724347624558,0.545805305013,0.0195819870321,0.0423111859595
137,0.85391217677,0.744708675839,0.502576862712,0.0177573427253,0.0463381961407
138,0.817126373168,0.690408877034,0.502576862712,0.0227588859481,0.0463381961407
139,0.869538231284,0.797858020591,0.626538025979,0.014399164073,0.03479040862
140,0.863369138109,0.788053198011,0.626538025979,0.0150786103324,0.03479040862
141,0.824960070992,0.758293651088,0.626538025979,0.0175628782481,0.03479040862
142,0.861913560748,0.740648188743,0.626538025979,0.0185254689998,0.03479040862
143,0.819174191499,0.636279568839,0.626538025979,0.0267558863513,0.03479040862
144,0.86764482374,0.786165850969,0.629599595944,0.0152078237242,0.0345052034919
145,0.831257220008,0.716757650563,0.629599595944,0.0202610291298,0.0345052034919
146,0.86652819904,0.752275767339,0.491771044495,0.0182904481494,0.0473448282944
147,0.844478377848,0.694185510539,0.491771044495,0.0232499995819,0.0473448282944
148,0.850783276434,0.706652933928,0.432013232873,0.0212091745905,0.0529116565907
149,0.860218893886,0.719714450471,0.469868742787,0.0206096740829,0.0493851699601
150,0.810105022749,0.601115121759,0.469868742787,0.0285814710433,0.0493851699601
151,0.842029922612,0.697177671282,0.502376120451,0.0217500190928,0.0463568965861
152,0.842705365669,0.702092440841,0.461214677495,0.0216030580978,0.0501913523526
153,0.834771104024,0.706242881348,0.577640009062,0.0222032463575,0.0393455765021
154,0.832077914669,0.702128615429,0.577640009062,0.0222498757615,0.0393455765021
155,0.833024205973,0.683879789333,0.577640009062,0.0235842774011,0.0393455765021
156,0.847975206235,0.677141400296,0.577640009062,0.0235475935887,0.0393455765021
157,0.809619911914,0.531961240963,0.577640009062,0.0327530449409,0.0393455765021
158,0.788965081463,0.60828747859,0.561780554965,0.0290105934151,0.0408229876628
159,0.792697409688,0.566743853497,0.561780554965,0.0312977466607,0.0408229876628
160,0.757222761758,0.518858397231,0.561780554965,0.0346175294313,0.0408229876628
161,0.77733707172,0.591221512161,0.575466223876,0.0300712295544,0.0395480787115
162,0.783579829926,0.58343856406,0.575466223876,0.0308754571179,0.0395480787115
163,0.780103166103,0.595758311058,0.562655661289,0.0296646443357,0.0407414658246
164,0.766969893673,0.59740771204,0.53840277336,0.0298043232698,0.0430007798646
165,0.74627613422,0.605090369938,0.609865242994,0.0301661793914,0.0363435866494
166,0.781723442294,0.662065088494,0.613422608855,0.0254592493857,0.0360121949134
167,0.798422072232,0.658956533618,0.613422608855,0.0267462132363,0.0360121949134
168,0.80076779056,0.63684315102,0.613422608855,0.0269596391758,0.0360121949134
169,0.788201805611,0.623330006121,0.613422608855,0.0282388088288,0.0360121949134
170,0.80587903184,0.695858139795,0.579755186695,0.0231953616639,0.0391485339669
171,0.818668019997,0.669314482891,0.579755186695,0.0252485752907,0.0391485339669
172,0.791859091575,0.618626381079,0.579755186695,0.027985046789,0.0391485339669
173,0.804492771108,0.639790562476,0.580819529911,0.0271974313351,0.0390493834831
174,0.808853993522,0.683679258771,0.488656395305,0.0235324967828,0.047634978097
175,0.799710109811,0.660874641919,0.488656395305,0.0249360692195,0.047634978097
176,0.811047197252,0.662744321019,0.486119571932,0.0253206107282,0.0478712996716
177,0.843191551129,0.741453070912,0.470784041061,0.018919722427,0.0492999039807
178,0.835772451413,0.737739482745,0.470784041061,0.0192722644169,0.0492999039807
179,0.853787103739,0.774104703153,0.598475739349,0.016272528243,0.037404592892
180,0.838074920178,0.713385270714,0.598475739349,0.0200131359492,0.037404592892
181,0.824975615085,0.733408745057,0.55102422538,0.0191236033261,0.041825009629
182,0.829800745346,0.737474148908,0.602707734478,0.0189308132773,0.0370103550577
183,0.798369988116,0.651725518899,0.602707734478,0.0255383211441,0.0370103550577
184,0.830396758036,0.712207766662,0.636266180548,0.0205579374888,0.0338841678348
185,0.791899273376,0.642161126472,0.636266180548,0.0264507212123,0.0338841678348
186,0.822030236821,0.700924616582,0.594898878711,0.0214663118039,0.0377378006931
187,0.840156199687,0.750906993843,0.662292929997,0.0185138816337,0.0314596070726
188,0.861903932158,0.755793855188,0.561823078422,0.0180457531527,0.0408190263265
189,0.86624986352,0.753526099017,0.561823078422,0.0185071801867,0.0408190263265
190,0.856057384578,0.731684773322,0.561823078422,0.0197647926076,0.0408190263265
191,0.869729443309,0.760147112778,0.553415087583,0.0175587662164,0.0416022852855
192,0.844836824278,0.74150794225,0.553415087583,0.0190586424741,0.0416022852855
193,0.875331711651,0.70967531708,0.553415087583,0.0209734935091,0.0416022852855
194,0.850484559821,0.739962286967,0.505541146143,0.0191004445591,0.0460620538852
195,0.829310690293,0.712282645016,0.505541146143,0.0215300346455,0.0460620538852
196,0.84208207534,0.738842211153,0.576790056916,0.0190309562277,0.0394247550651
197,0.832921970723,0.717459184442,0.576790056916,0.0212176511721,0.0394247550651
198,0.838665764465,0.712340900469,0.576790056916,0.0209868171333,0.0394247550651
199,0.831456379463,0.646587759536,0.576790056916,0.0247599087089,0.0394247550651
200,0.848175956366,0.750880980998,0.481060834688,0.0181316800422,0.0483425539038
201,0.84284998262,0.750630391567,0.481060834688,0.0184600952376,0.0483425539038
202,0.846842655271,0.747742820426,0.481060834688,0.018774291399,0.0483425539038
203,0.852303551598,0.743940730673,0.481060834688,0.0187561337463,0.0483425539038
204,0.840048956004,0.762201910892,0.551905037301,0.0174317356301,0.0417429562775
205,0.831062861676,0.742493519079,0.551905037301,0.0192284288957,0.0417429562775
206,0.84682609358,0.778809062577,0.598602004313,0.0164375961355,0.0373928304904
207,0.854703970308,0.802131962047,0.660694018918,0.0148630817064,0.031608556025
208,0.862911807414,0.790240926094,0.660694018918,0.0157504224498,0.031608556025
209,0.868537648324,0.810376551965,0.644042302499,0.0137881194915,0.0331597715669
210,0.82149944951,0.719617332539,0.644042302499,0.0206586869929,0.0331597715669
211,0.852908323847,0.787727938531,0.451983564449,0.0156523804808,0.0510512904915
212,0.847999955631,0.700602594736,0.451983564449,0.0218493673719,0.0510512904915
213,0.855898971003,0.795343445906,0.555324567577,0.0155472229145,0.0414244048214
214,0.870596155464,0.750518928649,0.555324567577,0.0190512265479,0.0414244048214
215,0.870004526021,0.790479500225,0.550249129065,0.0159070787446,0.0418972148852
216,0.856992686843,0.737826629229,0.550249129065,0.0197109125076,0.0418972148852
217,0.854157527196,0.776681108923,0.579338641715,0.0169292773438,0.0391873378373
218,0.843340272513,0.733255309857,0.579338641715,0.0200711646752,0.0391873378373
219,0.858822194759,0.730090496106,0.579338641715,0.0205115746912,0.0391873378373
220,0.836066317317,0.755780290509,0.504861012299,0.0189616350452,0.0461254127705
221,0.843449348024,0.774865885208,0.581632265891,0.0175120964961,0.0389736718476
222,0.869860723443,0.789420246458,0.528633813766,0.0161117970905,0.0439108219028
223,0.84832531551,0.685686227573,0.528633813766,0.0229656138885,0.0439108219028
224,0.839020348664,0.68347492912,0.528633813766,0.0234538392393,0.0439108219028
225,0.860864287578,0.773519219075,0.485747060586,0.0179217068952,0.047906001523
226,0.85633894569,0.748220119672,0.485747060586,0.0196987367052,0.047906001523
227,0.836944689207,0.688579743888,0.485747060586,0.0239101601953,0.047906001523
228,0.853551330974,0.709253426528,0.422065310851,0.0216877897304,0.0538383701416
229,0.776501219318,0.532049054868,0.422065310851,0.0349759787547,0.0538383701416
230,0.839092490474,0.683959763334,0.511026398379,0.0243889928908,0.0455510670112
231,0.833683838653,0.653927654965,0.511026398379,0.0265787656106,0.0455510670112
232,0.859043809729,0.690490829385,0.427713345413,0.0228102539222,0.0533122190366
233,0.859022886964,0.720068103448,0.513622609353,0.0206625484586,0.0453092130959
234,0.804065155702,0.573030260416,0.513622609353,0.0312630559135,0.0453092130959
235,0.859511341691,0.728672210468,0.569838636718,0.0208522782308,0.040072325008
236,0.843189559404,0.698081483893,0.569838636718,0.0229119336141,0.040072325008
237,0.856390914875,0.732817644521,0.489010580361,0.0200101446531,0.0476019834585
238,0.856561509846,0.714774647586,0.489010580361,0.021285839784,0.0476019834585
239,0.839204662041,0.704450470953,0.489010580361,0.0225061326453,0.0476019834585
240,0.877628964052,0.759229464018,0.533753174569,0.0180478082123,0.0434339201923
241,0.847996684613,0.656541264491,0.533753174569,0.0251591060352,0.0434339201923
242,0.858483332719,0.695645099117,0.500682110035,0.0216998097056,0.0465147046595
243,0.855581985091,0.606975399234,0.500682110035,0.0280021944133,0.0465147046595
244,0.848465491419,0.702916098894,0.483128924787,0.0213102674599,0.0481498978782
245,0.860803687214,0.719095981736,0.442107782566,0.0206057470143,0.0519712837198
246,0.862075258018,0.689126818864,0.442107782566,0.0228814202011,0.0519712837198
247,0.853866542921,0.705689356293,0.476386094496,0.0214095254208,0.0487780363164
248,0.805979563651,0.578395367805,0.476386094496,0.0316439475075,0.0487780363164
249,0.865051840262,0.734501284165,0.440529158151,0.0194005865174,0.0521183428378
250,0.85543011569,0.718932146278,0.440529158151,0.0206924336741,0.0521183428378
251,0.869895782757,0.73455963515,0.499623900389,0.0193821853878,0.0466132837614
252,0.900978331727,0.794308231216,0.631165547969,0.0139953401074,0.0343593248895
253,0.869895782757,0.73455963515,0.631165547969,0.0193821853878,0.0343593248895
254,0.884274946902,0.782091675718,0.60174644107,0.0153453595098,0.0370999057825
255,0.897842304278,0.773237918347,0.60174644107,0.0160570649797,0.0370999057825
256,0.877336982584,0.75998725402,0.60174644107,0.0175724659415,0.0370999057825
257,0.897035775589,0.810939170228,0.632254602749,0.0131460008627,0.0342578723631
258,0.897914864844,0.792058401525,0.632254602749,0.015016689168,0.0342578723631
259,0.877933053695,0.766492246006,0.632254602749,0.0164258009602,0.0342578723631
260,0.868645665036,0.736053949885,0.632254602749,0.0184315099079,0.0342578723631
261,0.865164295461,0.728063991396,0.632254602749,0.0200855166564,0.0342578723631
262,0.869315558879,0.721593522438,0.632254602749,0.0195691903114,0.0342578723631
263,0.853756152068,0.690957343591,0.632254602749,0.0217553054375,0.0342578723631
264,0.880176988165,0.789140673164,0.624715827345,0.0147691938779,0.0349601582584
265,0.852481464554,0.720625199628,0.624715827345,0.0203382103864,0.0349601582584
266,0.863920935573,0.788532128253,0.537085521691,0.0153215037688,0.0431234904134
267,0.835175397942,0.679328344118,0.537085521691,0.0233694381807,0.0431234904134
268,0.86257366046,0.75832260155,0.523582617021,0.0175783979167,0.0443813736886
269,0.850520175591,0.711803921015,0.523582617021,0.0208059304437,0.0443813736886
270,0.86257366046,0.75832260155,0.523582617021,0.0175783979167,0.0443813736886
271,0.864390273842,0.787166499832,0.599424045306,0.0154341498937,0.0373162520326
272,0.84938732071,0.722855502621,0.599424045306,0.020508378169,0.0373162520326
273,0.870392896182,0.745436727747,0.719605897233,0.0185130649638,0.0261205319108
274,0.867758367078,0.771316449203,0.679836900188,0.0167258854729,0.0298252722963
275,0.878491319059,0.744426668744,0.679836900188,0.0181578169066,0.0298252722963
276,0.858759792945,0.761906248109,0.678915707945,0.0173992382671,0.0299110873371
277,0.858759792945,0.761906248109,0.678915707945,0.0173992382671,0.0299110873371
278,0.850097307459,0.726797024213,0.678915707945,0.0200967057448,0.0299110873371
279,0.83479029943,0.674161633721,0.678915707945,0.0241161133819,0.0299110873371
280,0.877612965882,0.802840265076,0.607332077457,0.01486055727,0.0365795674728
281,0.877838553846,0.780967336393,0.607332077457,0.0161667767815,0.0365795674728
282,0.867524146862,0.755431902782,0.607332077457,0.018607516423,0.0365795674728
283,0.844428068899,0.674867935173,0.607332077457,0.024190983692,0.0365795674728
284,0.836460999841,0.692637058082,0.444902902713,0.0220101640935,0.051710900123
285,0.827542220771,0.660554914118,0.444902902713,0.0250949949224,0.051710900123
286,0.835812546741,0.702892098031,0.42761543858,0.0211794186675,0.053321339694
287,0.79928980418,0.595650570815,0.42761543858,0.028655522845,0.053321339694
288,0.843326192243,0.70959491083,0.440862068118,0.0207656215734,0.052087330112
289,0.824595717997,0.613822693543,0.440862068118,0.026898381209,0.052087330112
290,0.834114792303,0.691667036971,0.372579657173,0.0221227903716,0.0584482802048
291,0.835566637634,0.693786381706,0.40259396065,0.0222326248246,0.0556522528847
292,0.827168846004,0.674703051546,0.40259396065,0.0228801444792,0.0556522528847
293,0.834276465587,0.693459184911,0.531122990455,0.0224111680626,0.0436789389263
294,0.827057235455,0.677432612107,0.531122990455,0.0234020810373,0.0436789389263
295,0.810390536673,0.673893949451,0.531122990455,0.0238470375564,0.0436789389263
296,0.797742762585,0.585686289988,0.531122990455,0.0303136533196,0.0436789389263
297,0.831106532386,0.740232677991,0.470813594508,0.0193454620352,0.0492971508852
298,0.787767909099,0.569388996319,0.470813594508,0.0312844733898,0.0492971508852
299,0.850651503203,0.72805211,0.475006427992,0.0196857358225,0.0489065612126
300,0.79784822759,0.5108984278,0.475006427992,0.0347998084287,0.0489065612126
301,0.834100145675,0.694614427183,0.451645156157,0.0219328182072,0.051082815422
302,0.830241661201,0.700290406813,0.356841572355,0.021493226501,0.0599143850289
303,0.861733068974,0.726510881257,0.562122412803,0.0203320587601,0.0407911413847
304,0.85846000264,0.721569792331,0.562122412803,0.0206788821354,0.0407911413847
305,0.865386163706,0.75268998848,0.492435531047,0.0193017052148,0.0472829270561
306,0.834558215102,0.716661568769,0.492435531047,0.0208792349463,0.0472829270561
307,0.825555811182,0.682992025174,0.492435531047,0.0231481367487,0.0472829270561
308,0.842831482958,0.689348707287,0.533204459076,0.0231378789945,0.0434850366046
309,0.845642132618,0.705117799849,0.578206399541,0.0218721876624,0.0392928135501
310,0.835938189669,0.688676125077,0.578206399541,0.0239084825826,0.0392928135501
311,0.847316739374,0.666466929157,0.578206399541,0.0250883110225,0.0392928135501
312,0.812589577692,0.656954933557,0.578206399541,0.0265671480878,0.0392928135501
313,0.820504456406,0.698842410701,0.651609107209,0.0225547612781,0.0324548745597
314,0.847186089161,0.683609025103,0.651609107209,0.0227134560211,0.0324548745597
315,0.824167699912,0.696001152837,0.582448233617,0.0227369113476,0.038897659154
316,0.834578121446,0.725836709979,0.609243004846,0.0204995376308,0.0364015521745
317,0.834578121446,0.725836709979,0.609243004846,0.0204995376308,0.0364015521745
318,0.81601654981,0.697774301284,0.609243004846,0.0220396526936,0.0364015521745
319,0.816331624363,0.725058595306,0.572486932165,0.0201510269711,0.0398256190857
320,0.816772461893,0.68750430366,0.572486932165,0.0224503690324,0.0398256190857
321,0.805163236872,0.6782564054,0.572486932165,0.0238296850721,0.0398256190857
322,0.843727394514,0.707840181029,0.52913214695,0.0210314602111,0.0438643989299
323,0.827542852775,0.736125729227,0.558924965623,0.0193431427575,0.0410890043578
324,0.840012025427,0.650670849135,0.558924965623,0.0254401629341,0.0410890043578
325,0.826294694886,0.710648185874,0.462079003028,0.0209700641804,0.0501108348152
326,0.838914374091,0.720569779659,0.474811677964,0.020374850023,0.0489247034426
327,0.86294877847,0.70646224526,0.474811677964,0.0209360768926,0.0489247034426
328,0.863757275023,0.731706997393,0.524603739158,0.0194928392866,0.044286249529
329,0.853560444583,0.665114620707,0.524603739158,0.0239590804409,0.044286249529
330,0.839747116509,0.6940881515,0.632211304824,0.0221247151302,0.034261905846
331,0.830218906847,0.660158911327,0.632211304824,0.0250033111103,0.034261905846
332,0.839747116509,0.6940881515,0.632211304824,0.0221247151302,0.034261905846
333,0.851490100585,0.69467036066,0.546060059165,0.0220206755615,0.0422874539556
334,0.859234268152,0.7287557045,0.518482596801,0.0200750800101,0.0448564736982
335,0.862392074762,0.743424032622,0.581268742884,0.0191079466518,0.0390075363769
336,0.849214311162,0.697889733812,0.581268742884,0.0225690133189,0.0390075363769
337,0.864402162546,0.740006234974,0.582160537004,0.0193663355259,0.0389244599622
338,0.86767095281,0.737950964864,0.582160537004,0.0190871900453,0.0389244599622
339,0.845138794873,0.706466388192,0.582160537004,0.0222129004663,0.0389244599622
340,0.867896069552,0.766138419873,0.450947033995,0.0176371633227,0.0511478500359
341,0.869878098822,0.745828715972,0.450947033995,0.0191928976821,0.0511478500359
342,0.849304879529,0.705157078932,0.450947033995,0.0223533620149,0.0511478500359
343,0.867588108115,0.750529208464,0.454911477673,0.0192158870123,0.0507785363571
344,0.853620045427,0.752972531534,0.580084888837,0.0179171828985,0.0391178200708
345,0.858160476732,0.723975440896,0.580084888837,0.0196313476884,0.0391178200708
346,0.841276904084,0.702878122607,0.580084888837,0.0216507799443,0.0391178200708
347,0.858160476732,0.723975440896,0.592584764225,0.0196313476884,0.0379533754883
348,0.782135478302,0.538799766954,0.592584764225,0.0336399964739,0.0379533754883
349,0.82665276587,0.695563266742,0.392339275317,0.022373231732,0.0566075434305
350,0.827298052337,0.726848149283,0.434138138373,0.020010901793,0.0527137078416
351,0.820433072395,0.708606317523,0.434138138373,0.0210036299943,0.0527137078416
352,0.823548939843,0.717736383833,0.370358475772,0.0207425171545,0.0586551976795
353,0.822336132378,0.687737310132,0.370358475772,0.0231302870913,0.0586551976795
354,0.841121413261,0.760598207559,0.422984782991,0.0176809196336,0.0537527153395
355,0.850691356878,0.744337856466,0.422984782991,0.0189590016577,0.0537527153395
356,0.832806601654,0.748738785125,0.422361611701,0.0182968142467,0.0538107677928
357,0.835530367268,0.774088522338,0.622161626927,0.016544229824,0.0351980986176
358,0.8275081115,0.690906178591,0.622161626927,0.0218655028877,0.0351980986176
359,0.792979875176,0.565831257188,0.622161626927,0.0312535427793,0.0351980986176
360,0.845313534681,0.763682207868,0.529632123006,0.017758535419,0.0438178229128
361,0.839327864276,0.729173602092,0.529632123006,0.0196389754154,0.0438178229128
362,0.845769593605,0.734242764344,0.468187375759,0.0199050957718,0.0495418002197
363,0.845620596774,0.741998520642,0.409969376818,0.0192105199841,0.0549651849633
364,0.808442742783,0.708234130743,0.409969376818,0.0216970020069,0.0549651849633
365,0.818015349876,0.676588923454,0.409969376818,0.0242721803363,0.0549651849633
366,0.857383936068,0.759603724778,0.520941471154,0.0182700437237,0.0446274135811
367,0.87460281185,0.792095641105,0.56995716332,0.0154235505442,0.0400612834852
368,0.887632840224,0.830729070155,0.591540178578,0.0124760971603,0.0380506854262
369,0.858904287798,0.766583302038,0.591540178578,0.0172129225984,0.0380506854262
370,0.885357325949,0.829003215691,0.601476371967,0.0126534564489,0.0371250644736
371,0.868134518468,0.782579332168,0.601476371967,0.0156276831933,0.0371250644736
372,0.885357325949,0.829003215691,0.601476371967,0.0126534564489,0.0371250644736
373,0.886693583629,0.82748253107,0.601476371967,0.0125023510689,0.0371250644736
374,0.865999825674,0.834379822352,0.57400431288,0.0122720605698,0.0396842652163
375,0.861794482141,0.836259215069,0.58391342099,0.0123444207974,0.0387611674334
376,0.872319384593,0.824157655772,0.58391342099,0.0129645008604,0.0387611674334
377,0.863613461249,0.799624183198,0.58391342099,0.0149921612674,0.0387611674334
378,0.864889552581,0.808211848799,0.614967430952,0.0144353967979,0.035868284701
379,0.868717600819,0.815752731886,0.595405470234,0.0136012570315,0.0376906084023
380,0.870438521491,0.777863996121,0.595405470234,0.016669081768,0.0376906084023
381,0.88454690684,0.820079444626,0.602263558885,0.0133411552807,0.0370517328993
382,0.878037529562,0.781391716236,0.602263558885,0.0165262935507,0.0370517328993
383,0.876466538263,0.780924410456,0.602263558885,0.016014700041,0.0370517328993
384,0.840915203863,0.722382702764,0.602263558885,0.0204097425137,0.0370517328993
385,0.886770734411,0.796979670495,0.600796808658,0.0148793803307,0.0371883702098
386,0.883785076413,0.819349764726,0.61406668346,0.0135064452654,0.0359521951805
387,0.871700656688,0.804436160502,0.61406668346,0.0147421438312,0.0359521951805
388,0.872399525156,0.784527874418,0.61406668346,0.0159431823429,0.0359521951805
389,0.878341637114,0.800620137325,0.636066135154,0.0146925426294,0.0339028033626
390,0.856808290855,0.742582196909,0.636066135154,0.0190177826357,0.0339028033626
391,0.878491309906,0.776152030047,0.45008243018,0.0170893964374,0.051228393497
392,0.863232619899,0.756533989738,0.45008243018,0.0183188935252,0.051228393497
393,0.849353392683,0.754611962145,0.45008243018,0.0184623509296,0.051228393497
394,0.881451079304,0.797169886477,0.497705387534,0.0153712184371,0.0467920056951
395,0.85963442917,0.752143287248,0.497705387534,0.0187385986289,0.0467920056951
396,0.863343632052,0.757786990345,0.407863323226,0.0182992332013,0.0551613775348
397,0.868547663662,0.787275769578,0.46442689231,0.0158701155456,0.0498921136783
398,0.859332988377,0.777250248606,0.46442689231,0.0166408568445,0.0498921136783
399,0.858377597053,0.768533477064,0.46442689231,0.0174614315005,0.0498921136783
400,0.850401282832,0.735899454161,0.46442689231,0.0198120236648,0.0498921136783
401,0.841118197418,0.753316216473,0.456754156554,0.0185556829747,0.0506068788506
402,0.837356221984,0.75745530409,0.449268950455,0.0184866569857,0.0513041744172
403,0.84361549163,0.733496888674,0.449268950455,0.0197957415307,0.0513041744172
404,0.836777119025,0.760663204915,0.473448396828,0.0183267127143,0.0490517019353
405,0.831859621853,0.750195621511,0.473448396828,0.0194497688934,0.0490517019353
406,0.822356846756,0.723004378077,0.473448396828,0.0209144203812,0.0490517019353
407,0.846207120334,0.742284281757,0.512501840325,0.0194083111465,0.0454136200106
408,0.844815185796,0.736434188248,0.512501840325,0.020005498894,0.0454136200106
409,0.857763215819,0.754137539509,0.495895138873,0.018510261503,0.0469606421159
410,0.83728759787,0.746002130153,0.495895138873,0.0187875314449,0.0469606421159
411,0.878242339505,0.785782671732,0.442750278559,0.0163903750846,0.051911431045
412,0.838343032801,0.721690705706,0.442750278559,0.0207511134744,0.051911431045
413,0.887507451607,0.803661912355,0.531529493002,0.0143741697089,0.0436410705738
414,0.86215383387,0.765723802506,0.531529493002,0.0169302205726,0.0436410705738
415,0.871255105543,0.76582802584,0.506909393155,0.0174975686771,0.0459345927889
416,0.831602838137,0.686773393768,0.506909393155,0.0226503567339,0.0459345927889
417,0.856041055546,0.739098721751,0.613178315452,0.0190762357753,0.0360349524306
418,0.857541157528,0.738367923912,0.613178315452,0.0190019564885,0.0360349524306
419,0.850673963714,0.725610285498,0.613178315452,0.0197304142609,0.0360349524306
420,0.8616777825,0.713824953536,0.613178315452,0.0206361583612,0.0360349524306
421,0.857963487594,0.755785661377,0.60111394548,0.0179833382921,0.037158826855
422,0.867056493229,0.751302611167,0.60111394548,0.018081336153,0.037158826855
423,0.860690960151,0.755221502003,0.557803278581,0.0180003164626,0.0411934967915
424,0.850534706072,0.727128182166,0.557803278581,0.0204318588405,0.0411934967915
425,0.832522457977,0.785403980574,0.570668986497,0.0157737169768,0.0399949725328
426,0.857799042088,0.744197178985,0.570668986497,0.0185595525274,0.0399949725328
427,0.832522457977,0.785403980574,0.570668986497,0.0157737169768,0.0399949725328
428,0.848583753188,0.791807902137,0.5787026114,0.0148958581543,0.0392465881924
429,0.838383902787,0.748169269655,0.5787026114,0.017729233712,0.0392465881924
430,0.833105028183,0.724141153728,0.5787026114,0.0189048956711,0.0392465881924
431,0.841232432837,0.789958493773,0.619522283287,0.0151779875909,0.0354439706209
432,0.85498656751,0.704380279864,0.619522283287,0.0210183733526,0.0354439706209
433,0.841424242329,0.755338116094,0.617578956303,0.0176180316657,0.0356250041519
434,0.862560524811,0.740825199859,0.617578956303,0.0179913071637,0.0356250041519
435,0.86042529929,0.751287941145,0.441400477131,0.0175964135533,0.0520371738152
436,0.822742677985,0.658598556046,0.441400477131,0.02523792789,0.0520371738152
437,0.867000513697,0.742169089468,0.556569499807,0.0192013349337,0.041308431298
438,0.850474734356,0.719514227551,0.556569499807,0.0201624028009,0.041308431298
439,0.858269943566,0.729244955376,0.55689017625,0.0202875001243,0.0412785582045
440,0.84959841919,0.74406779528,0.549754692691,0.0189245864867,0.041943274845
441,0.861383059643,0.734424059184,0.549754692691,0.0193072545446,0.041943274845
442,0.844580817845,0.741311878805,0.583122337656,0.0192515824515,0.0388348619843
443,0.855941418959,0.699957539633,0.583122337656,0.0220539004108,0.0388348619843
444,0.851606741962,0.72586345521,0.58038270892,0.0204279589441,0.0390900761957
445,0.858841971303,0.744157713851,0.637598714076,0.0185084444032,0.0337600336815
446,0.853147346014,0.757448225235,0.49993346505,0.0179567979761,0.0465844458025
447,0.789488330182,0.617342231344,0.49993346505,0.028868001664,0.0465844458025
448,0.794405355459,0.644673752119,0.514866437345,0.026915164843,0.0451933424394
449,0.794926214677,0.612863929039,0.514866437345,0.0293434966597,0.0451933424394
450,0.797287633448,0.661750710526,0.429982241394,0.0255646628617,0.0531008566388
451,0.813155543284,0.673046606359,0.485447678111,0.0246976619027,0.0479338909451
452,0.817562172275,0.678227062998,0.485669884663,0.0247550390155,0.0479131909615
453,0.829534310056,0.67907043028,0.436114083451,0.0243437491255,0.0525296357232
454,0.816728587175,0.676409003668,0.436114083451,0.0243993622157,0.0525296357232
455,0.827556115134,0.690584790129,0.459286534191,0.0237569205439,0.0503709714252
456,0.827556115134,0.690584790129,0.459286534191,0.0237569205439,0.0503709714252
457,0.799565661615,0.635359501246,0.459286534191,0.0275592860566,0.0503709714252
458,0.824772689019,0.63658447245,0.481870304884,0.0278910674013,0.0482671464973
459,0.815016287965,0.639773985023,0.448586796094,0.0272765735306,0.0513677215267
460,0.846574246922,0.680944924934,0.479173091617,0.0235625317828,0.0485184094322
461,0.799393984034,0.610459058193,0.479173091617,0.02882636966,0.0485184094322
462,0.857290404663,0.750590463803,0.51761869801,0.0184959195165,0.0449369514818
463,0.855182987695,0.712280851926,0.51761869801,0.0211122778022,0.0449369514818
464,0.847740959932,0.667323294221,0.51761869801,0.0246257347703,0.0449369514818
465,0.861133366759,0.754325073452,0.531004804815,0.0179639398375,0.0436899486863
466,0.803888198852,0.585872308313,0.531004804815,0.0297016690874,0.0436899486863
467,0.86389700237,0.781163161855,0.50768834205,0.016572051079,0.0458620286399
468,0.871554861782,0.767437499459,0.50768834205,0.0172736807039,0.0458620286399
469,0.872627050524,0.783989490089,0.558084547368,0.0163507374576,0.0411672947771
470,0.873314573989,0.7703186307,0.558084547368,0.0172764919524,0.0411672947771
471,0.86405101946,0.745112165031,0.558084547368,0.0187827270779,0.0411672947771
472,0.826683939974,0.638478663693,0.558084547368,0.0264561946219,0.0411672947771
473,0.863037593306,0.760223259228,0.486243487791,0.0177917773478,0.0478597561044
474,0.841066005207,0.712471845861,0.486243487791,0.0215063545487,0.0478597561044
475,0.863037593306,0.760223259228,0.486243487791,0.0177917773478,0.0478597561044
476,0.849833158881,0.731516412422,0.486243487791,0.019960163509,0.0478597561044
477,0.863436390099,0.755762409639,0.506281937592,0.0181800115436,0.0459930443501
478,0.849773000405,0.705272213282,0.506281937592,0.0214038449805,0.0459930443501
479,0.866562073715,0.755359484377,0.476706925235,0.0185981789488,0.0487481488491
480,0.850837851744,0.728479192781,0.476706925235,0.0204761339279,0.0487481488491
481,0.860366909888,0.784308269004,0.50291654392,0.0167749681429,0.0463065526298
482,0.880818262776,0.795971767459,0.523991445746,0.0159722327632,0.0443432886373
483,0.866844776036,0.735282741974,0.523991445746,0.0196289381359,0.0443432886373
484,0.87077719651,0.733181424033,0.523991445746,0.0201162442635,0.0443432886373
485,0.876705581383,0.743382949565,0.504077693606,0.0198710061971,0.0461983839946
486,0.852542922211,0.729734043167,0.504077693606,0.0200299132438,0.0461983839946
487,0.857605889141,0.725235435344,0.504077693606,0.0207569963544,0.0461983839946
488,0.861643322207,0.743800741236,0.481904739621,0.0198379358608,0.0482639386778
489,0.845460452498,0.738471352024,0.481904739621,0.0199116712474,0.0482639386778
490,0.865703662853,0.732146849306,0.481904739621,0.0204068759758,0.0482639386778
491,0.854254499425,0.716163028257,0.481904739621,0.0216799489988,0.0482639386778
492,0.870830793637,0.732860224402,0.45563687568,0.0206474792549,0.0507109608211
493,0.872924759141,0.722600964545,0.45563687568,0.0204393554983,0.0507109608211
494,0.84702687305,0.686686995658,0.45563687568,0.0245052519427,0.0507109608211
495,0.863085504675,0.742251902701,0.354538459058,0.0202562122686,0.0601289349919
496,0.842344444911,0.754019486514,0.520884419145,0.01924816097,0.0446327283463
497,0.820343027723,0.73815541318,0.520884419145,0.0199981642852,0.0446327283463
498,0.816137202178,0.682506372553,0.520884419145,0.0235439469966,0.0446327283463
499,0.841309297987,0.737035530758,0.538559854358,0.0204553961077,0.0429861467493
