generation,train,validation,test,validmse,testmse
0,0.831447039845,0.670241905298,0.550418043189,0.0238479455801,0.0418814794375
1,0.856011764821,0.748214629007,0.57447250506,0.0181425323868,0.0396406500737
2,0.862014677192,0.784222710827,0.556412081569,0.0162028804341,0.0413230958294
3,0.855164600048,0.759001034,0.556412081569,0.0178388805065,0.0413230958294
4,0.861245935511,0.784314478639,0.603784349501,0.015957316803,0.0369100613753
5,0.862027913063,0.775717440533,0.603784349501,0.0169573586197,0.0369100613753
6,0.852279223515,0.677613227732,0.603784349501,0.0232984731244,0.0369100613753
7,0.86208215366,0.749139260472,0.599282164602,0.0177740296346,0.0373294691417
8,0.874375720245,0.727762176849,0.599282164602,0.0188833519991,0.0373294691417
9,0.86108990791,0.760612523924,0.543485578467,0.017147662164,0.0425272835546
10,0.854807976991,0.742790617377,0.543485578467,0.0183188290424,0.0425272835546
11,0.840182579824,0.714043266442,0.543485578467,0.0209814205521,0.0425272835546
12,0.862061743504,0.764198750821,0.549455806868,0.017295572046,0.0419711180008
13,0.837331799851,0.719388455098,0.549455806868,0.0208493912058,0.0419711180008
14,0.872582312815,0.790387946072,0.608693465489,0.0156764362164,0.036452745335
15,0.879876267798,0.761552831539,0.608693465489,0.0168296723926,0.036452745335
16,0.870897014492,0.745695270942,0.608693465489,0.0189243502729,0.036452745335
17,0.857067846394,0.734805107798,0.608693465489,0.0192410721709,0.036452745335
18,0.877423585122,0.777439549097,0.576181773826,0.0164519372099,0.0394814205859
19,0.881662992869,0.777127629159,0.576181773826,0.0164115722653,0.0394814205859
20,0.870258843137,0.772844147561,0.576181773826,0.0170559313781,0.0394814205859
21,0.84841129371,0.632748042575,0.576181773826,0.0273093097802,0.0394814205859
22,0.874070034713,0.760921105498,0.444151158016,0.0179127305437,0.0517809300244
23,0.868411424617,0.73355393206,0.444151158016,0.0199373760397,0.0517809300244
24,0.850270185778,0.667905171148,0.444151158016,0.023483950133,0.0517809300244
25,0.858327596941,0.640990446985,0.444151158016,0.0255846893516,0.0517809300244
26,0.85587960121,0.64609420888,0.414807197573,0.0271314603542,0.0545145105369
27,0.844308062723,0.678336346096,0.460849082746,0.0238240966261,0.0502254098781
28,0.819300185991,0.632279191162,0.460849082746,0.0280200370328,0.0502254098781
29,0.833143527427,0.670963140485,0.516748358126,0.0247344153187,0.0450180292951
30,0.839744706068,0.678257254054,0.536911587085,0.0243287521779,0.0431396935517
31,0.832929213129,0.690267807127,0.550260734734,0.0230828616382,0.0418961337418
32,0.862853569177,0.75379237128,0.487823640123,0.0180394616328,0.0477125546511
33,0.864255072951,0.704149894743,0.487823640123,0.0215746909987,0.0477125546511
34,0.8678634885,0.774613202089,0.468799840616,0.017316672192,0.0494847451401
35,0.84298443566,0.728211999214,0.468799840616,0.0202083052778,0.0494847451401
36,0.851458514937,0.72830115105,0.404490547288,0.0198828420596,0.0554755735204
37,0.851458514937,0.72830115105,0.404490547288,0.0198828420596,0.0554755735204
38,0.850642703266,0.708128597495,0.404490547288,0.0213143114435,0.0554755735204
39,0.85515648911,0.744615280349,0.365650692521,0.0189239370036,0.0590937582677
40,0.84289238099,0.707713262434,0.365650692521,0.0211570465992,0.0590937582677
41,0.864346478776,0.782741100514,0.324864956377,0.0162424201432,0.0628932145043
42,0.869891692582,0.744499448309,0.324864956377,0.01908348362,0.0628932145043
43,0.870313610558,0.764010278692,0.47904397775,0.0175483766261,0.0485304372276
44,0.855384594634,0.708740311278,0.47904397775,0.0211918887192,0.0485304372276
45,0.877074968025,0.799442276142,0.534959840354,0.0148886052394,0.0433215114369
46,0.863555904343,0.700660844023,0.534959840354,0.021927646745,0.0433215114369
47,0.872337763127,0.800550306165,0.496008277481,0.0149042423946,0.0469501025198
48,0.871251645377,0.772493202577,0.496008277481,0.0166197357299,0.0469501025198
49,0.834752678259,0.70819047988,0.496008277481,0.0212594705647,0.0469501025198
50,0.843666869668,0.733379527281,0.464972585961,0.0197742523292,0.0498412787703
51,0.861836104574,0.750145709577,0.496152600077,0.0181534791721,0.0469366579325
52,0.842404175756,0.714502675148,0.496152600077,0.020852002583,0.0469366579325
53,0.852258322363,0.682971696415,0.496152600077,0.0232012131592,0.0469366579325
54,0.866372713454,0.758827165967,0.426092663084,0.0181383858977,0.0534631961223
55,0.871634410314,0.780768948515,0.557621188995,0.0164686323653,0.0412104596191
56,0.840650793721,0.677603400091,0.557621188995,0.0237173728252,0.0412104596191
57,0.858506866383,0.764628950245,0.557431788629,0.0175522553695,0.0412281034934
58,0.867079796879,0.690046678727,0.557431788629,0.022563476701,0.0412281034934
59,0.857539090211,0.747963719038,0.505737694702,0.0186865763597,0.0460437441104
60,0.852431275592,0.745324315794,0.505737694702,0.0183885264369,0.0460437441104
61,0.854059705985,0.744283656439,0.505737694702,0.0186063621311,0.0460437441104
62,0.854059705985,0.744283656439,0.505737694702,0.0186063621311,0.0460437441104
63,0.8595082927,0.774978760449,0.569080158538,0.0162908216793,0.040142982177
64,0.865737393406,0.750942941995,0.569080158538,0.0176506164818,0.040142982177
65,0.865737393406,0.750942941995,0.569080158538,0.0176506164818,0.040142982177
66,0.855112865709,0.762303220143,0.510669683291,0.0172494373695,0.0455842973386
67,0.818195322575,0.69715541255,0.510669683291,0.0223952040493,0.0455842973386
68,0.848566096459,0.751317704127,0.433615507751,0.0185848881086,0.0527623942786
69,0.851489299103,0.773003362837,0.428535549416,0.0170551963751,0.0532356253933
70,0.862463528998,0.784829084209,0.493522975974,0.0160363724148,0.0471816244979
71,0.842861566746,0.746870460294,0.493522975974,0.0187189570648,0.0471816244979
72,0.849221660955,0.717886395543,0.493522975974,0.0202869852032,0.0471816244979
73,0.870599726673,0.800403013405,0.514154240279,0.0152623032552,0.045259688222
74,0.849131882414,0.642113987871,0.514154240279,0.0250650441233,0.045259688222
75,0.882999829972,0.790028842509,0.477008347422,0.0153507806196,0.0487200694146
76,0.87140095919,0.780486758773,0.477008347422,0.0156034435215,0.0487200694146
77,0.891406690235,0.801219025563,0.528519478371,0.0145545916379,0.0439214729875
78,0.884333710856,0.815034743712,0.550349805975,0.0136900244213,0.0418878361771
79,0.892207640465,0.825061035611,0.49892401577,0.0124446647778,0.0466784825596
80,0.876448861252,0.806498298808,0.49892401577,0.014078357776,0.0466784825596
81,0.890421972438,0.8262709776,0.59957965945,0.0124465771013,0.0373017555643
82,0.872833504833,0.796515457641,0.59957965945,0.0152814779199,0.0373017555643
83,0.89023412622,0.798335562198,0.627676560363,0.0144918425035,0.034684346747
84,0.845327373638,0.758991287534,0.627676560363,0.0175498020649,0.034684346747
85,0.875524953632,0.790424523047,0.562819649357,0.0150201738069,0.040726189271
86,0.875157204118,0.759307204074,0.562819649357,0.0174570060206,0.040726189271
87,0.874728422964,0.765861606751,0.57402579448,0.0165315117506,0.0396822640657
88,0.867064372967,0.775293984787,0.493090461754,0.0163730399818,0.0472219160068
89,0.839100759511,0.679316733248,0.493090461754,0.0235831355598,0.0472219160068
90,0.859972467609,0.717528470776,0.506381848853,0.0208172757433,0.0459837369672
91,0.851799482132,0.717357630989,0.506381848853,0.0212982732625,0.0459837369672
92,0.885237506837,0.689879754436,0.506381848853,0.0216083576656,0.0459837369672
93,0.852358567224,0.678175968188,0.506381848853,0.0231517209396,0.0459837369672
94,0.878934973613,0.741723494354,0.598348985939,0.0181519895342,0.0374164007954
95,0.8890846987,0.739300557962,0.598348985939,0.0188459867574,0.0374164007954
96,0.878605812963,0.780754137573,0.638353800648,0.0159556993594,0.0336896924628
97,0.850963914825,0.682377120901,0.638353800648,0.0228088676507,0.0336896924628
98,0.876771051111,0.759604157318,0.610277613532,0.0173793408305,0.0363051716553
99,0.857977766779,0.747396396189,0.610277613532,0.0183876637017,0.0363051716553
100,0.855927620349,0.726855348251,0.610277613532,0.0195344742382,0.0363051716553
101,0.863630948108,0.765608884858,0.612760746821,0.0171100924476,0.0360738516608
102,0.84777269849,0.776618468561,0.445383368357,0.015973672637,0.0516661416276
103,0.847684313156,0.767522793379,0.445383368357,0.0166569686755,0.0516661416276
104,0.848332259807,0.738064671124,0.445383368357,0.0188215222944,0.0516661416276
105,0.846076029274,0.780983619967,0.517050791863,0.0155623178652,0.044989855628
106,0.846733677469,0.763999391543,0.517050791863,0.0164143444095,0.044989855628
107,0.853835776853,0.7532486826,0.517050791863,0.0176184921222,0.044989855628
108,0.849854123878,0.732596131529,0.517050791863,0.0191486884053,0.044989855628
109,0.849062612887,0.747634606652,0.253814374592,0.0183160594224,0.069512037691
110,0.844940415334,0.756332139403,0.415247748493,0.0182225869829,0.0544734703572
111,0.844940415334,0.756332139403,0.415247748493,0.0182225869829,0.0544734703572
112,0.812730368357,0.750835238994,0.415247748493,0.01870647861,0.0544734703572
113,0.841570985846,0.778805880733,0.148123383438,0.0160411283202,0.0793578400095
114,0.842339708154,0.760922034385,0.148123383438,0.0172520493619,0.0793578400095
115,0.863697385275,0.835840653149,0.531067571327,0.0123691860077,0.0436841015781
116,0.845447457049,0.810647661672,0.531067571327,0.0140992463341,0.0436841015781
117,0.848351577832,0.788528729031,0.531067571327,0.0155197447205,0.0436841015781
118,0.852158669442,0.816898012216,0.478889353558,0.0134740817132,0.0485448414753
119,0.861212392975,0.821918330322,0.518540713951,0.0129593181641,0.0448510597081
120,0.859758199431,0.813122969111,0.518540713951,0.0133957414071,0.0448510597081
121,0.85743364412,0.793162647019,0.518540713951,0.0152634038058,0.0448510597081
122,0.858591128442,0.788877145764,0.518540713951,0.0152741822695,0.0448510597081
123,0.876434276405,0.834547931242,0.509577521963,0.0122320921196,0.0456860392602
124,0.872092990094,0.839296498626,0.560802581077,0.0118234206403,0.0409140922826
125,0.871178613554,0.808666841958,0.560802581077,0.0139316759528,0.0409140922826
126,0.858820215817,0.791873923498,0.560802581077,0.015371653612,0.0409140922826
127,0.884465692683,0.834510322888,0.539765985617,0.0123687511127,0.0428737877883
128,0.85516236325,0.750436220612,0.539765985617,0.0181323061036,0.0428737877883
129,0.884812643834,0.80822206701,0.542303979651,0.0143681408102,0.0426373571591
130,0.877583355608,0.806050421634,0.542303979651,0.0144201451659,0.0426373571591
131,0.8546155505,0.762969049837,0.542303979651,0.0178286099508,0.0426373571591
132,0.878393509826,0.806476905434,0.600315678397,0.014083306466,0.0372331906187
133,0.873595746584,0.732949980606,0.600315678397,0.0188506551705,0.0372331906187
134,0.846528593469,0.725206949332,0.600315678397,0.0202842551329,0.0372331906187
135,0.850046964384,0.704579786168,0.600315678397,0.0209219281366,0.0372331906187
136,0.87363964484,0.796668390171,0.572651573718,0.0147014832383,0.0398102816557
137,0.867646176467,0.769308604917,0.572651573718,0.0164083753085,0.0398102816557
138,0.846033217948,0.721981329249,0.572651573718,0.0196781007737,0.0398102816557
139,0.87363964484,0.796668390171,0.572651573718,0.0147014832383,0.0398102816557
140,0.866493327153,0.7520678866,0.572651573718,0.0178388236778,0.0398102816557
141,0.858451849945,0.736099078254,0.572651573718,0.0184841575047,0.0398102816557
142,0.861581405875,0.774696522691,0.568388795318,0.0165653261986,0.0402073871515
143,0.865539898298,0.776852653549,0.505477754382,0.0164467701069,0.0460679592395
144,0.85495206266,0.769335205762,0.505477754382,0.0173306454713,0.0460679592395
145,0.862237381282,0.770679825523,0.441305755021,0.0172218237741,0.0520459977951
146,0.850828463475,0.737689435488,0.441305755021,0.0195816380993,0.0520459977951
147,0.8688270467,0.770569191363,0.342987981972,0.0170793723236,0.061204936956
148,0.874913529422,0.771896180073,0.332486325769,0.0172987339782,0.0621832344425
149,0.874913529422,0.771896180073,0.332486325769,0.0172987339782,0.0621832344425
150,0.875979625389,0.763520933731,0.332486325769,0.0179712978336,0.0621832344425
151,0.86545765976,0.791994265482,0.429248044719,0.0155512134451,0.0531692518279
152,0.842899113225,0.700609298235,0.429248044719,0.0223290828465,0.0531692518279
153,0.873656179273,0.768398687728,0.485681852237,0.0169506221755,0.0479120761043
154,0.859811421494,0.780291616217,0.582636807805,0.0162623140079,0.0388800922436
155,0.87064532331,0.803879438525,0.594423467683,0.0147701612699,0.0377820883183
156,0.845925556188,0.776361853689,0.594423467683,0.0167310460136,0.0377820883183
157,0.869087743468,0.785462217455,0.50240802071,0.016202196768,0.0463539248698
158,0.87296914199,0.818045344909,0.56768292787,0.0137874944953,0.0402731432892
159,0.787306073564,0.61794849794,0.56768292787,0.0283454410076,0.0402731432892
160,0.864199235126,0.786185347096,0.466998859866,0.0162025659187,0.0496525181949
161,0.861902720238,0.749639006243,0.466998859866,0.0189728859307,0.0496525181949
162,0.84561123038,0.768021088988,0.498659939464,0.0176883541126,0.0467030829828
163,0.84561123038,0.768021088988,0.498659939464,0.0176883541126,0.0467030829828
164,0.830255834041,0.706426000166,0.498659939464,0.0221859277605,0.0467030829828
165,0.845459927015,0.749880569756,0.409249289195,0.0188115861599,0.0550322658024
166,0.823238024624,0.678640616744,0.409249289195,0.0235927012671,0.0550322658024
167,0.846995410315,0.747402518041,0.378693547849,0.0191872565841,0.0578787315769
168,0.842908200673,0.742375104762,0.378693547849,0.0190291785271,0.0578787315769
169,0.840970586931,0.718956076037,0.378693547849,0.020922896932,0.0578787315769
170,0.844497126269,0.720361706616,0.49265517605,0.0209537766733,0.0472624656974
171,0.838868092735,0.707344946445,0.49265517605,0.0217913444103,0.0472624656974
172,0.85570219991,0.741533586197,0.517362325997,0.0195818702806,0.0449608342
173,0.862682461105,0.725015534355,0.517362325997,0.0203007655921,0.0449608342
174,0.852064086434,0.731381204146,0.510200697095,0.0202054975382,0.0456279864489
175,0.848896295289,0.753021458816,0.380729768814,0.0184273865417,0.0576890443682
176,0.812161655994,0.686732231398,0.380729768814,0.0231428838038,0.0576890443682
177,0.852463296393,0.756097251795,0.578130720104,0.0178118616865,0.0392998635812
178,0.842031394891,0.730536716748,0.578130720104,0.0197901572455,0.0392998635812
179,0.853733757647,0.742160906268,0.611501392025,0.0186613900686,0.0361911687399
180,0.854160578813,0.723182016334,0.611501392025,0.0203456627543,0.0361911687399
181,0.851803759452,0.763026179939,0.587242828836,0.0175973134968,0.0384510114672
182,0.87140045936,0.808557717368,0.588187385174,0.0144225211022,0.038363019909
183,0.871687584849,0.807775856066,0.588187385174,0.0143012176453,0.038363019909
184,0.864468186219,0.713649223651,0.588187385174,0.0207390656872,0.038363019909
185,0.849061763867,0.701082196567,0.588187385174,0.0217436479549,0.038363019909
186,0.848627783058,0.753718172561,0.602697328692,0.0180167539383,0.0370113244242
187,0.841025408329,0.752576913603,0.602697328692,0.0186608503282,0.0370113244242
188,0.868847377963,0.809344268458,0.652971631146,0.0142066639029,0.032327946605
189,0.884969928504,0.817415022122,0.699388272273,0.0127780059494,0.028003934995
190,0.845031765904,0.775955821999,0.699388272273,0.0165881646175,0.028003934995
191,0.881118902975,0.820546160892,0.69945016625,0.012630226628,0.027998169169
192,0.878336170051,0.771897611528,0.69945016625,0.0162765854842,0.027998169169
193,0.853290929248,0.821593577446,0.629381481813,0.0133487548962,0.03452552224
194,0.868455520572,0.822045882681,0.631274227118,0.0133101856768,0.0343492007209
195,0.85410302185,0.80793444596,0.631274227118,0.0141255986153,0.0343492007209
196,0.825552654493,0.653977396975,0.631274227118,0.0249373581475,0.0343492007209
197,0.847944884742,0.745504342007,0.661245899377,0.0188394301446,0.0315571447756
198,0.853068752983,0.702232411498,0.661245899377,0.021672423795,0.0315571447756
199,0.849230810549,0.747497373252,0.654594513396,0.0182012088433,0.0321767645823
200,0.84762345744,0.770718749622,0.636563459877,0.0167280390746,0.0338564743344
201,0.821709166999,0.678546930854,0.636563459877,0.0230802357505,0.0338564743344
202,0.829210447233,0.709233245409,0.594743450889,0.0208253030137,0.0377522798042
203,0.832212498302,0.732452057998,0.566679311716,0.0189909620223,0.0403666366527
204,0.833963857201,0.726877298325,0.566679311716,0.0197379884818,0.0403666366527
205,0.83061561338,0.683097482599,0.566679311716,0.0227231193167,0.0403666366527
206,0.826453032067,0.740239139078,0.586118547747,0.0184165506119,0.038555745553
207,0.868351008437,0.785353784129,0.664602049037,0.0149738910082,0.0312444976356
208,0.871155640546,0.759445270472,0.664602049037,0.0165021017842,0.0312444976356
209,0.837732727673,0.725376799279,0.664602049037,0.0195355683873,0.0312444976356
210,0.834877793201,0.668939760953,0.664602049037,0.0240457022667,0.0312444976356
211,0.864118033392,0.787726415611,0.622553634719,0.0151009965882,0.0351615805456
212,0.880884789146,0.755483649863,0.622553634719,0.0165805113004,0.0351615805456
213,0.839881465546,0.760979402004,0.565538561038,0.0173665258178,0.0404729049878
214,0.821697799931,0.662083712099,0.565538561038,0.0245653368911,0.0404729049878
215,0.840467706411,0.721601400891,0.50061603924,0.0209749245252,0.0465208595832
216,0.83131786234,0.679590967453,0.50061603924,0.0230806231964,0.0465208595832
217,0.83965645495,0.754246360527,0.594485271442,0.0179172926827,0.0377763308967
218,0.842599092982,0.759881519573,0.568075061046,0.01758051132,0.0402366135368
219,0.840293455948,0.733063196428,0.568075061046,0.0191171160976,0.0402366135368
220,0.823908057589,0.71445614975,0.568075061046,0.0205500410528,0.0402366135368
221,0.82791127952,0.668843043191,0.568075061046,0.0244006459794,0.0402366135368
222,0.849623061226,0.707061235267,0.515966205764,0.0214832837323,0.0450908918679
223,0.848548875475,0.685507857248,0.515966205764,0.022612916242,0.0450908918679
224,0.859374671035,0.750391342148,0.515885507293,0.0185676061559,0.0450984094546
225,0.84450010249,0.705126235339,0.515885507293,0.0216110937678,0.0450984094546
226,0.858001172548,0.730974079159,0.518655033317,0.0204466326893,0.0448404101167
227,0.857453007536,0.742024206468,0.572379646096,0.0198203923004,0.0398356134799
228,0.86296099048,0.791103146204,0.548504738965,0.0160835926158,0.0420597161534
229,0.848336687405,0.711561352963,0.548504738965,0.0218912373581,0.0420597161534
230,0.853646645433,0.720015406912,0.520819678828,0.0211333809899,0.0446387593273
231,0.865483705151,0.740655041168,0.584483269731,0.0194191045694,0.0387080823219
232,0.869648386263,0.725196446871,0.584483269731,0.020434750237,0.0387080823219
233,0.760656351015,0.529820252295,0.584483269731,0.0342205180035,0.0387080823219
234,0.863281194851,0.725610636139,0.591970210463,0.0205092572384,0.0380106251629
235,0.817625454491,0.669845475397,0.591970210463,0.0242016276207,0.0380106251629
236,0.852243831357,0.674287202185,0.540701711829,0.02467664676,0.0427866188139
237,0.847356027337,0.649323338682,0.540701711829,0.0256273981076,0.0427866188139
238,0.853794331947,0.722380307887,0.556886426061,0.0211419928429,0.0412789075589
239,0.853794331947,0.722380307887,0.556886426061,0.0211419928429,0.0412789075589
240,0.856104240473,0.713040183548,0.556886426061,0.0217061196628,0.0412789075589
241,0.8576566108,0.766615798741,0.570547619225,0.0180089966689,0.0400062786824
242,0.871185554779,0.708166976852,0.570547619225,0.0216107145858,0.0400062786824
243,0.865185007381,0.728905502005,0.562667098597,0.0205073116032,0.0407404003651
244,0.826498731334,0.6700503606,0.562667098597,0.0238199552025,0.0407404003651
245,0.866547062338,0.747334608785,0.461419938081,0.0190996616269,0.0501722309958
246,0.872712556312,0.754176089112,0.486467273989,0.0187475661648,0.0478389089665
247,0.847498040509,0.695420802959,0.486467273989,0.0220635882094,0.0478389089665
248,0.889935393358,0.746082441048,0.692104597582,0.017678558865,0.0286824566019
249,0.863327065971,0.721322382957,0.692104597582,0.0207872948521,0.0286824566019
250,0.868885564125,0.705769221082,0.692104597582,0.0223503259382,0.0286824566019
251,0.88034334025,0.780464306162,0.661804836736,0.0155482449682,0.0315050761301
252,0.869289942279,0.724068428511,0.661804836736,0.0192124379812,0.0315050761301
253,0.871502778548,0.765755358862,0.660077691507,0.0163854189433,0.0316659709266
254,0.867265073326,0.777206571791,0.647406038254,0.0157858803452,0.032846417733
255,0.867024999737,0.777443851173,0.658565552889,0.0158246686026,0.0318068364606
256,0.853579450081,0.75618438413,0.658565552889,0.0181967173539,0.0318068364606
257,0.855068063062,0.777309217281,0.596776556653,0.0162383852402,0.0375628827967
258,0.834842385396,0.709136812979,0.596776556653,0.0206331713738,0.0375628827967
259,0.830365998344,0.74861305165,0.523259242099,0.0183845925508,0.044411498163
260,0.830365998344,0.74861305165,0.523259242099,0.0183845925508,0.044411498163
261,0.827106693176,0.729738255815,0.523259242099,0.0196914545478,0.044411498163
262,0.871978677362,0.789578099235,0.666535692286,0.0149786333161,0.0310643662074
263,0.855125419769,0.720874515805,0.666535692286,0.0196494290731,0.0310643662074
264,0.870641726938,0.787140355817,0.67857344839,0.0152669272254,0.0299429710378
265,0.863941489215,0.767985601494,0.67857344839,0.0167446810924,0.0299429710378
266,0.85733136483,0.68555525186,0.67857344839,0.0221664706885,0.0299429710378
267,0.843182235587,0.741395851381,0.634402267955,0.0188248270771,0.0340578033995
268,0.864418944787,0.768287319715,0.648473941207,0.0174414984503,0.0327469356366
269,0.850390116318,0.710881000104,0.648473941207,0.021001210416,0.0327469356366
270,0.865532909206,0.782357105162,0.572758556478,0.0161253365758,0.0398003155167
271,0.864975086846,0.768900689432,0.572758556478,0.0169071326242,0.0398003155167
272,0.841668321388,0.704962011846,0.572758556478,0.0220226352753,0.0398003155167
273,0.855067590382,0.688151368152,0.572758556478,0.0236132960009,0.0398003155167
274,0.864535786168,0.772929558385,0.610407584796,0.0173921140918,0.0362930639878
275,0.844529907383,0.725016601957,0.610407584796,0.0211035692003,0.0362930639878
276,0.831002626186,0.70498302184,0.610407584796,0.0218068888091,0.0362930639878
277,0.841280044654,0.744958115829,0.474556843308,0.0191516375112,0.048948442946
278,0.854470296752,0.720910947206,0.474556843308,0.0202173030851,0.048948442946
279,0.825425413903,0.698406564799,0.474556843308,0.0227740596938,0.048948442946
280,0.84168520947,0.748811592897,0.41107763319,0.0188371033468,0.0548619436838
281,0.840501744158,0.713577912109,0.41107763319,0.0219457388138,0.0548619436838
282,0.842492300356,0.761754139488,0.476493684822,0.0178981731304,0.0487680135787
283,0.864378231765,0.767491688016,0.463319500909,0.0172669639332,0.0499952743802
284,0.864378231765,0.767491688016,0.463319500909,0.0172669639332,0.0499952743802
285,0.888590465226,0.787106902207,0.445476648043,0.0154813666369,0.0516574520189
286,0.893105843849,0.799681135072,0.550708427883,0.0149180502312,0.0418544282171
287,0.865019570724,0.724817860788,0.550708427883,0.0208130580866,0.0418544282171
288,0.876495894958,0.771238458008,0.545664285971,0.0173672454861,0.0423243227992
289,0.858143183132,0.65390605457,0.545664285971,0.0254309519489,0.0423243227992
290,0.864687639058,0.752780521469,0.365453959966,0.0190248298458,0.059112085183
291,0.871833348403,0.75280878462,0.424019564464,0.0186430151162,0.0536563187241
292,0.860993679416,0.738760589713,0.424019564464,0.0194976257372,0.0536563187241
293,0.86310375555,0.716630934067,0.424019564464,0.0215458916182,0.0536563187241
294,0.86589605932,0.755647582245,0.441123569635,0.0180117933674,0.0520629695471
295,0.835257200696,0.72919735494,0.441123569635,0.0195599900664,0.0520629695471
296,0.864523171721,0.723449465172,0.441123569635,0.0203136200576,0.0520629695471
297,0.871441301153,0.756057712061,0.497970081777,0.0180353382748,0.0467673477071
298,0.860621135902,0.739151407552,0.497970081777,0.0190582085573,0.0467673477071
299,0.864906551921,0.775707870235,0.50987678532,0.0164590761506,0.0456581609347
300,0.863536543548,0.779313264238,0.504293758991,0.01646090691,0.0461782561006
301,0.861068828246,0.734906605116,0.504293758991,0.0192716369352,0.0461782561006
302,0.862575799182,0.740693508957,0.486107780332,0.0190270641505,0.0478723981357
303,0.866198425399,0.813232870569,0.449680309259,0.0139785492022,0.0512658536727
304,0.833267676728,0.681117382965,0.449680309259,0.0239738158464,0.0512658536727
305,0.853537151642,0.761049678658,0.480490261226,0.0179375308977,0.0483957065278
306,0.84869588649,0.743660470366,0.480490261226,0.0192459398657,0.0483957065278
307,0.857199081414,0.771951896236,0.49343090888,0.0173761567054,0.0471902011457
308,0.817061680872,0.652444925102,0.49343090888,0.0265187763881,0.0471902011457
309,0.856114288771,0.781303054611,0.497897797774,0.0163905769058,0.0467740814315
310,0.820118883547,0.729804843149,0.497897797774,0.0191786819813,0.0467740814315
311,0.819338941763,0.551376381989,0.497897797774,0.0314941262055,0.0467740814315
312,0.840076473371,0.749930576141,0.521511555924,0.0182778067272,0.0445743064819
313,0.843615923052,0.75355249165,0.432199230974,0.0180440914734,0.0528943296595
314,0.842364018667,0.742504888198,0.432199230974,0.0185767947032,0.0528943296595
315,0.843615923052,0.75355249165,0.432199230974,0.0180440914734,0.0528943296595
316,0.843556229059,0.736524553486,0.432199230974,0.0192417125517,0.0528943296595
317,0.826015285862,0.756463507972,0.569456783965,0.0180067552524,0.0401078970721
318,0.83919285216,0.801615142366,0.552090386316,0.0149915227777,0.0417256898128
319,0.830789044056,0.76737137409,0.552090386316,0.0172084476189,0.0417256898128
320,0.844948054836,0.780872318014,0.507787623489,0.0163480590329,0.045852779929
321,0.836312774622,0.764380125233,0.507787623489,0.0173945015319,0.045852779929
322,0.833407654209,0.779004743816,0.487688183922,0.0164846930991,0.0477251732761
323,0.863213762022,0.759579167708,0.487688183922,0.0172002679513,0.0477251732761
324,0.862465519089,0.742346891277,0.487688183922,0.0184910282927,0.0477251732761
325,0.817276002545,0.74710069776,0.511149774364,0.0186944731396,0.0455395737369
326,0.830210786702,0.767205619923,0.477143860558,0.0172810240712,0.0487074454858
327,0.834644584006,0.738059671913,0.477143860558,0.0193964967707,0.0487074454858
328,0.83426598368,0.747175215169,0.422138316346,0.0187789310798,0.0538315692055
329,0.843654686921,0.716016847775,0.422138316346,0.021328626308,0.0538315692055
330,0.839751945859,0.750749720663,0.448291727031,0.0187923572558,0.0513952091265
331,0.846746942648,0.763289647244,0.381867150772,0.0177486010309,0.0575830898512
332,0.858834252143,0.729313987319,0.381867150772,0.020456066732,0.0575830898512
333,0.839931672782,0.741708932659,0.395483095075,0.0194674694274,0.0563146762001
334,0.779414654546,0.58379058749,0.395483095075,0.0311838009133,0.0563146762001
335,0.837835961933,0.73395112723,0.47656539601,0.0197086644898,0.0487613332157
336,0.841920944289,0.752314042704,0.473152293253,0.0184592689242,0.0490792859066
337,0.826536107862,0.705283892332,0.473152293253,0.0219474202488,0.0490792859066
338,0.845162281448,0.78546629058,0.472342459654,0.0160966431638,0.0491547271664
339,0.845162281448,0.78546629058,0.472342459654,0.0160966431638,0.0491547271664
340,0.848940255968,0.770413382328,0.472342459654,0.0172367660707,0.0491547271664
341,0.819605470751,0.770689629079,0.550134619445,0.0175953631483,0.0419078822001
342,0.819137263847,0.708486817202,0.550134619445,0.0221436978546,0.0419078822001
343,0.829280464394,0.693832554295,0.550134619445,0.0226838057595,0.0419078822001
344,0.827198065873,0.757712070269,0.535031276461,0.0184527299201,0.0433148566995
345,0.830271583088,0.75083344844,0.535031276461,0.0184714553965,0.0433148566995
346,0.826975027485,0.69906577155,0.535031276461,0.0218806804309,0.0433148566995
347,0.823026928885,0.753108630922,0.508050082765,0.0188785376894,0.0458283301427
348,0.823967514906,0.743045720229,0.508050082765,0.0192755042294,0.0458283301427
349,0.824580163729,0.736127733168,0.508050082765,0.0195095379092,0.0458283301427
350,0.805619409389,0.750225881932,0.487798866861,0.0184496351213,0.0477148624414
351,0.803830227245,0.734171363786,0.487798866861,0.0196004825073,0.0477148624414
352,0.820939484966,0.77210636522,0.510166104625,0.0168387440244,0.0456312089622
353,0.815001852829,0.761572925354,0.510166104625,0.0176060708728,0.0456312089622
354,0.844067929426,0.780525485708,0.45239076664,0.0160659672728,0.0510133569625
355,0.858209190918,0.761822159065,0.45239076664,0.0175980516567,0.0510133569625
356,0.79266591905,0.571929686,0.45239076664,0.0325163314812,0.0510133569625
357,0.809599498109,0.753359965309,0.412791017234,0.0181937975516,0.0547023308311
358,0.82626254026,0.727575630033,0.412791017234,0.0201537693056,0.0547023308311
359,0.817060911994,0.748345023617,0.360696934466,0.0185729994794,0.0595552330066
360,0.759991162688,0.564202281944,0.360696934466,0.0317214986092,0.0595552330066
361,0.824683322005,0.772621841272,0.305762708178,0.0167941426774,0.0646727129985
362,0.839804958727,0.762712882239,0.305762708178,0.0173803779671,0.0646727129985
363,0.80635418357,0.732045310368,0.305762708178,0.0196157876332,0.0646727129985
364,0.802888285204,0.724890715991,0.305762708178,0.0202154579524,0.0646727129985
365,0.817898778917,0.780292038194,0.477406991385,0.0162356494926,0.0486829331402
366,0.819517633922,0.760571964379,0.477406991385,0.0176497095487,0.0486829331402
367,0.813724505864,0.771706321238,0.410488221849,0.0168968780213,0.0549168511785
368,0.81457822419,0.763951544791,0.410488221849,0.0172390831843,0.0549168511785
369,0.805600691794,0.772128669129,0.496296877523,0.0169502024522,0.0469232175513
370,0.82720485252,0.780108018993,0.444138076826,0.0166239070774,0.0517821486222
371,0.853784073384,0.754088416971,0.444138076826,0.0179940219349,0.0517821486222
372,0.813394006712,0.72339323165,0.444138076826,0.020116761375,0.0517821486222
373,0.825713575774,0.756022773305,0.546846164812,0.0180799643385,0.0422142231086
374,0.84447272408,0.754744288065,0.546846164812,0.0176050807165,0.0422142231086
375,0.829790143831,0.67658852849,0.546846164812,0.0231700755849,0.0422142231086
376,0.800224206278,0.710387177934,0.504766681469,0.0206260766684,0.0461342003
377,0.832011867091,0.76559689641,0.538908730864,0.0170230530961,0.0429536466367
378,0.826068816714,0.699331602743,0.538908730864,0.0216228434363,0.0429536466367
379,0.832011867091,0.76559689641,0.538908730864,0.0170230530961,0.0429536466367
380,0.837695311968,0.774523191943,0.602934704942,0.0166805809197,0.0369892112847
381,0.834670864435,0.71469606556,0.602934704942,0.0208081013643,0.0369892112847
382,0.830165435776,0.733363910579,0.530203037802,0.0201765373627,0.0437646384914
383,0.826051125797,0.742839874532,0.429560375794,0.0189064860257,0.0531401561596
384,0.829289147022,0.746626068985,0.458734294435,0.018405394154,0.0504224161454
385,0.843503724075,0.719455603042,0.458734294435,0.0203246530477,0.0504224161454
386,0.843503957196,0.729155078303,0.468830547139,0.019763571907,0.0494818846281
387,0.802510053423,0.644341451854,0.468830547139,0.0253410748062,0.0494818846281
388,0.850311281182,0.759211948694,0.458005028883,0.0175132712572,0.0504903519684
389,0.832601929309,0.722912241073,0.458005028883,0.0196418417848,0.0504903519684
390,0.826793869341,0.708610233477,0.458005028883,0.0215824326362,0.0504903519684
391,0.829132914097,0.716949870921,0.526676414963,0.0204558327548,0.0440931663152
392,0.827526191541,0.714633099954,0.526676414963,0.0207181902331,0.0440931663152
393,0.831370554346,0.741599402976,0.460780341152,0.0189820608308,0.0502318136041
394,0.827676369229,0.748974650159,0.503541254426,0.0180420780376,0.0462483567886
395,0.838515681376,0.755139220085,0.392656591406,0.0177423025242,0.0565779833757
396,0.82545283445,0.718013716996,0.392656591406,0.0197749646136,0.0565779833757
397,0.840031238161,0.6922111968,0.392656591406,0.0218870214488,0.0565779833757
398,0.847441558138,0.763076686565,0.472677171758,0.0170995432297,0.0491235465599
399,0.83995693794,0.71677014483,0.472677171758,0.0205638683848,0.0491235465599
400,0.822992600347,0.564141747983,0.472677171758,0.0305281174384,0.0491235465599
401,0.845091406819,0.744119393314,0.380487313265,0.0188210278456,0.0577116306774
402,0.842860480705,0.704160115013,0.380487313265,0.0215263181462,0.0577116306774
403,0.858504032085,0.749335780437,0.531990515316,0.0178979198068,0.0435981233507
404,0.845517602888,0.750052698603,0.438936671638,0.0180399781224,0.0522666933
405,0.851613344937,0.763743125489,0.469661172731,0.0167544632524,0.049404506459
406,0.818724377921,0.660292997105,0.469661172731,0.0241871622147,0.049404506459
407,0.862263775864,0.760078169357,0.536340569826,0.0171674839895,0.0431928875183
408,0.874867777042,0.779565531217,0.566597173477,0.015746874565,0.0403742883631
409,0.873043193076,0.785270935278,0.51290587342,0.0155133938272,0.0453759817034
410,0.839237555277,0.722327093296,0.51290587342,0.020246423159,0.0453759817034
411,0.84737892509,0.741449846357,0.536042879425,0.0186856944786,0.0432206193127
412,0.833495928645,0.750668552313,0.555260856594,0.0179632502935,0.0414303399134
413,0.796309237732,0.645820027974,0.555260856594,0.0254984426606,0.0414303399134
414,0.826277433946,0.747828174254,0.527027737487,0.018491359994,0.0440604383402
415,0.843050597234,0.723241664589,0.527027737487,0.0194331818911,0.0440604383402
416,0.781777563595,0.629809922906,0.527027737487,0.0266054539929,0.0440604383402
417,0.841378399784,0.73318548796,0.51682287812,0.0194278320474,0.0450110872736
418,0.841978028884,0.716430804771,0.51682287812,0.0207162107366,0.0450110872736
419,0.844994722597,0.733748199379,0.557700079015,0.0192638063063,0.0412031105014
420,0.865487832102,0.766080599711,0.472062769049,0.0173623749475,0.049180782163
421,0.870518367535,0.753238805339,0.472062769049,0.0192348423939,0.049180782163
422,0.863764840994,0.74894852657,0.472062769049,0.0186417107927,0.049180782163
423,0.860342453571,0.774051032453,0.515220451564,0.0168900941129,0.0451603637155
424,0.859271084865,0.757871733038,0.515220451564,0.0179959829361,0.0451603637155
425,0.870947350709,0.721883488483,0.515220451564,0.0202430599636,0.0451603637155
426,0.854902630628,0.755390189713,0.468391060513,0.0182762577273,0.0495228256618
427,0.870609995888,0.739864998811,0.468391060513,0.018615651485,0.0495228256618
428,0.832186238793,0.763244759039,0.470542262662,0.0173095027021,0.049322427209
429,0.838706970502,0.721348272571,0.470542262662,0.0205955347641,0.049322427209
430,0.825864240343,0.735866362002,0.524804062049,0.019563438861,0.0442675881506
431,0.826614334274,0.746754377353,0.543269874229,0.018946709908,0.0425473778054
432,0.848001570863,0.739662820222,0.543269874229,0.0200695715034,0.0425473778054
433,0.781768156715,0.598180601167,0.543269874229,0.0289175740994,0.0425473778054
434,0.84510661875,0.742465831366,0.560397018962,0.019158994263,0.0409518730279
435,0.850524586395,0.757649016021,0.598643467095,0.017984533271,0.037388967963
436,0.839472318604,0.702722388118,0.598643467095,0.0218679293036,0.037388967963
437,0.853033979474,0.716893550119,0.497307515376,0.0204792343555,0.0468290700709
438,0.851354543621,0.698735152183,0.497307515376,0.0214755923342,0.0468290700709
439,0.818999617195,0.605702657192,0.497307515376,0.0293192050382,0.0468290700709
440,0.851561684417,0.733341766484,0.55739906351,0.0192842761314,0.0412311520508
441,0.850682453627,0.700392468754,0.55739906351,0.0215177217881,0.0412311520508
442,0.868889728953,0.75736565307,0.650858819251,0.0174444103752,0.0325247687564
443,0.870391637898,0.738044276459,0.650858819251,0.0188132177678,0.0325247687564
444,0.86776781795,0.765276465725,0.663764040205,0.0169623495498,0.0313225636015
445,0.860811256749,0.743541737369,0.663764040205,0.018567354759,0.0313225636015
446,0.86776781795,0.765276465725,0.663764040205,0.0169623495498,0.0313225636015
447,0.860487254719,0.720494899617,0.663764040205,0.0199526017179,0.0313225636015
448,0.852064360588,0.75994173827,0.582423159199,0.0173618213532,0.0388999949989
449,0.856067063707,0.76136341006,0.621434352874,0.0176000721561,0.0352658489194
450,0.86684497246,0.751525454565,0.621434352874,0.0178835555619,0.0352658489194
451,0.862738601662,0.742514596603,0.621434352874,0.0186700161853,0.0352658489194
452,0.858108350101,0.765915512336,0.645837942251,0.0170398871651,0.0329924960609
453,0.868247431367,0.760584359564,0.645837942251,0.0175645181818,0.0329924960609
454,0.863254159937,0.786595377722,0.644120025394,0.0156462829309,0.0331525311745
455,0.868283364323,0.786033030372,0.644120025394,0.0154985662799,0.0331525311745
456,0.832855647525,0.777556879647,0.644120025394,0.0166473940531,0.0331525311745
457,0.864984419489,0.766995107587,0.644120025394,0.016996804094,0.0331525311745
458,0.855441267514,0.738408689514,0.644120025394,0.0188604184587,0.0331525311745
459,0.852756223871,0.743942800708,0.60154825392,0.01859208394,0.0371183682028
460,0.83886412793,0.755445230461,0.485517416309,0.0184085867791,0.047927394379
461,0.846359899251,0.745778513371,0.485517416309,0.019058363929,0.047927394379
462,0.842613931342,0.738272858273,0.485517416309,0.0193817696604,0.047927394379
463,0.83886412793,0.755445230461,0.485517416309,0.0184085867791,0.047927394379
464,0.837608427763,0.72236775888,0.485517416309,0.0209690336716,0.047927394379
465,0.852753027126,0.770723893915,0.507731839636,0.0175348513245,0.0458579765572
466,0.849760027903,0.784080333509,0.458048134354,0.0167141249262,0.0504863364138
467,0.818710039406,0.688776177982,0.458048134354,0.0229395316654,0.0504863364138
468,0.845110432697,0.683920068599,0.458048134354,0.0230930930276,0.0504863364138
469,0.821573360841,0.678331774677,0.458048134354,0.0247802157533,0.0504863364138
470,0.816295114195,0.732183587126,0.518236756871,0.0201013749765,0.0448793752844
471,0.770550404028,0.551640636464,0.518236756871,0.0341151975703,0.0448793752844
472,0.792476495671,0.655158089303,0.484392348496,0.0259353121163,0.0480322017534
473,0.796475171095,0.674768036122,0.460685238238,0.0247350436691,0.0502406730582
474,0.798330676065,0.67126389676,0.460685238238,0.0249610248339,0.0502406730582
475,0.749624061915,0.555670498456,0.460685238238,0.0334943227831,0.0502406730582
476,0.804215963763,0.698300720195,0.385899309353,0.0225389584769,0.0572074680894
477,0.804215963763,0.698300720195,0.385899309353,0.0225389584769,0.0572074680894
478,0.810771524702,0.712044004482,0.446859628988,0.0216868160594,0.0515286183611
479,0.81122380257,0.641410648037,0.446859628988,0.0276361209705,0.0515286183611
480,0.821708327423,0.750424466067,0.54368759652,0.0188491793528,0.0425084642607
481,0.858940493141,0.778437303141,0.610154429167,0.0163323757796,0.036316647079
482,0.832739126317,0.691645693992,0.610154429167,0.0233142664685,0.036316647079
483,0.858475706069,0.685969114145,0.610154429167,0.0215420163727,0.036316647079
484,0.867601774276,0.799218585718,0.646047747966,0.0151060380819,0.0329729512958
485,0.864490881808,0.796872852457,0.646047747966,0.0150810723704,0.0329729512958
486,0.844826475878,0.735345414221,0.646047747966,0.0190779584962,0.0329729512958
487,0.861533709142,0.740637724236,0.580682088661,0.0192229235,0.0390621870283
488,0.851108706738,0.727540205023,0.580682088661,0.0204222683088,0.0390621870283
489,0.819326394742,0.639278790219,0.580682088661,0.0271215406565,0.0390621870283
490,0.868140831432,0.744986447659,0.6235051903,0.0188855376598,0.0350729369626
491,0.858827431963,0.751577565486,0.606774273099,0.0183370529299,0.0366315305718
492,0.851035587217,0.706446560872,0.606774273099,0.0219174396474,0.0366315305718
493,0.859476977429,0.70765724933,0.592192943422,0.0215269583326,0.037989876141
494,0.86437969854,0.688955311487,0.592192943422,0.0228973345953,0.037989876141
495,0.857075887409,0.709356032946,0.614374835236,0.0216219572984,0.035923488841
496,0.832955021129,0.676747931308,0.614374835236,0.0239546701824,0.035923488841
497,0.853624804527,0.699204145721,0.60117337484,0.0227324138088,0.0371532906241
498,0.844250819556,0.713057060976,0.595762944296,0.0213825424631,0.0376573073715
499,0.848002243373,0.770978142256,0.548955410963,0.0175389849182,0.0420177331294
