generation,train,validation,test
0,0.638537237409,0.410701359034,0.162398919888,0.0451686196897,0.0780279810656
1,0.607551969525,0.391491334632,0.353880414232,0.0463260874999,0.0601902361416
2,0.656986476098,0.43861088433,0.0908229897327,0.0372905025781,0.0846957438652
3,0.642158930597,0.435597035427,0.0930845866941,0.0484698232964,0.0844850614186
4,0.662495804042,0.486645164352,0.026990553056,0.0367623548269,0.0906421499512
5,0.676912991917,0.541202915041,-0.132377949417,0.0311155944381,0.1054883611
6,0.677603756012,0.530172906749,-0.00208849705382,0.0311155944381,0.0933510523455
7,0.670073806148,0.522198175465,-0.0172036471654,0.0382175778954,0.0947591267555
8,0.676912991917,0.541202915041,-0.132377949417,0.0311155944381,0.1054883611
9,0.671097082375,0.522095219601,0.102713885798,0.0330750830384,0.0835880296621
10,0.670073806148,0.522198175465,-0.0172036471654,0.0311155944381,0.0947591267555
11,0.670073806148,0.522198175465,-0.0172036471654,0.0382175778954,0.0947591267555
12,0.676912991917,0.541202915041,-0.132377949417,0.0311155944381,0.1054883611
13,0.670073806148,0.522198175465,-0.0172036471654,0.0311155944381,0.0947591267555
14,0.66510653343,0.507890708021,-0.0387855608742,0.0311155944381,0.096769622198
15,0.652256420257,0.492743819124,-0.0277726486962,0.0311155944381,0.0957436978967
16,0.600651058117,0.435973838797,0.260076705179,0.0475592280206,0.0689286609212
17,0.651288347957,0.471087409101,0.183873584364,0.0382175778954,0.0760274765856
18,0.665105001606,0.498754577733,0.104158893035,0.0382175778954,0.0834534178522
19,0.660136197064,0.47531098,0.225521433236,0.0387280433076,0.0721477089489
20,0.656395434608,0.484188696314,0.213144957338,0.0382175778954,0.0733006580674
21,0.656395434608,0.484188696314,0.213144957338,0.0382175778954,0.0733006580674
22,0.663234620378,0.503193435889,0.0979706550864,0.0382175778954,0.0840298924114
23,0.656395434608,0.484188696314,0.213144957338,0.0382175778954,0.0733006580674
24,0.656395434608,0.484188696314,0.213144957338,0.0382175778954,0.0733006580674
25,0.663234620378,0.503193435889,0.0979706550864,0.0382175778954,0.0840298924114
26,0.676912991917,0.541202915041,-0.132377949417,0.0311155944381,0.1054883611
27,0.676912991917,0.541202915041,-0.132377949417,0.0311155944381,0.1054883611
28,0.666519860035,0.521059497245,-0.00779945360419,0.0311155944381,0.0938830650424
29,0.666519860035,0.521059497245,-0.00779945360419,0.0383050848487,0.0938830650424
30,0.670073806148,0.522198175465,-0.0172036471654,0.0382175778954,0.0947591267555
31,0.683176972321,0.549563888506,0.0033798405717,0.0311155944381,0.0928416411773
32,0.676912991917,0.541202915041,-0.132377949417,0.0311155944381,0.1054883611
33,0.670073806148,0.522198175465,-0.0172036471654,0.0311155944381,0.0947591267555
34,0.670193414037,0.516750131299,-0.0387583825021,0.0382175778954,0.0967670903561
35,0.689518196074,0.574920351762,-0.187345062843,0.0311155944381,0.110608904742
36,0.679251857992,0.557301422105,-0.108301637041,0.0311155944381,0.103245496219
37,0.667802361031,0.523351888323,-0.158302865548,0.0311155944381,0.107903435427
38,0.677317624236,0.54690882974,-0.0516728649973,0.0298040500486,0.0979701582837
39,0.684504216724,0.570709353952,-0.264030702503,0.0311155944381,0.117752670171
40,0.69135124299,0.586922713172,-0.217371951085,0.0277893180074,0.113406104415
41,0.696694191183,0.582132673721,-0.137756297997,0.0298108720392,0.105989389204
42,0.696694191183,0.582132673721,-0.137756297997,0.0298108720392,0.105989389204
43,0.696694191183,0.582132673721,-0.137756297997,0.0311155944381,0.105989389204
44,0.696694191183,0.582132673721,-0.137756297997,0.0298108720392,0.105989389204
45,0.689847164917,0.565919314501,-0.184415049416,0.0311155944381,0.11033595496
46,0.692634428087,0.574410028424,-0.0622619425358,0.0309430465519,0.0989565996354
47,0.688044582406,0.579934847751,0.0375343394681,0.0298108720392,0.089659927762
48,0.688115287562,0.583842789229,0.0885798204884,0.0298108720392,0.0849047096503
49,0.683214199001,0.570456895889,0.031417782917,0.0298108720392,0.0902297247335
50,0.679487824886,0.582729462759,0.187903527526,0.0298108720392,0.0756520612046
51,0.672787576038,0.569311270391,0.259439460218,0.025853733511,0.0689880244284
52,0.705716194271,0.608780933149,0.149687488701,0.0287622720742,0.0792121334449
53,0.687478980137,0.581979808507,0.260392730014,0.0322479607085,0.0688992211551
54,0.688621440486,0.573359033787,0.403137462521,0.025853733511,0.0556016221552
55,0.678101016432,0.543992852514,0.325535502349,0.0346355753481,0.0628307487916
56,0.663559256334,0.540854367772,0.404075533075,0.0312342539611,0.05551423479
57,0.675878176463,0.551200776386,0.402499315314,0.0346355753481,0.0556610697125
58,0.675878176463,0.551200776386,0.402499315314,0.0312342539611,0.0556610697125
59,0.690970894377,0.559604347278,0.259310139194,0.0224549197667,0.0690000715218
60,0.674336766209,0.538093257536,0.392563952138,0.0346355753481,0.0565866133252
61,0.680468077279,0.574927276068,0.412893944706,0.0312342539611,0.0546927424685
62,0.685057978095,0.598653775751,0.423288574099,0.0273080071681,0.0537244152246
63,0.696438283933,0.606454029197,0.3166602241,0.0312342539611,0.0636575386079
64,0.708941727466,0.606244784289,0.215635475815,0.0312342539611,0.0730686500947
65,0.737676571863,0.640542253953,0.00061137382786,0.0240762927698,0.0930995418364
66,0.71609557388,0.621614199625,0.090253866075,0.0248723783086,0.0847487614305
67,0.695383063475,0.627183170813,0.301052165,0.0273080071681,0.0651115306918
68,0.697243635348,0.632925018935,0.225488068486,0.0273080071681,0.072150817092
69,0.710295075262,0.635360785099,0.01989136114,0.0253410009649,0.0913034857894
70,0.729318050533,0.640532412492,-0.0631626078845,0.0277802334827,0.0990405024628
71,0.742870368358,0.650236425217,-0.0268778333818,0.0277802334827,0.0956603400381
72,0.753562580886,0.659327286255,0.0147538747731,0.0253769276242,0.0917820760139
73,0.74512848298,0.652775214902,-0.00803554944493,0.0253769276242,0.0939050589035
74,0.731248250626,0.616373693874,0.0907953776443,0.0406146859979,0.0846983161106
75,0.742870368358,0.650236425217,-0.0268778333818,0.0253769276242,0.0956603400381
76,0.742870368358,0.650236425217,-0.0268778333818,0.0253769276242,0.0956603400381
77,0.753562580886,0.659327286255,0.0147538747731,0.0253769276242,0.0917820760139
78,0.753562580886,0.659327286255,0.0147538747731,0.0253769276242,0.0917820760139
79,0.753562580886,0.659327286255,0.0147538747731,0.0253769276242,0.0917820760139
80,0.753562580886,0.659327286255,0.0147538747731,0.0253769276242,0.0917820760139
81,0.753562580886,0.659327286255,0.0147538747731,0.0253769276242,0.0917820760139
82,0.753562580886,0.659327286255,0.0147538747731,0.0253769276242,0.0917820760139
83,0.753562580886,0.659327286255,0.0147538747731,0.0253769276242,0.0917820760139
84,0.76026834271,0.669252882885,0.0267028470094,0.0253769276242,0.0906689516381
85,0.753562580886,0.659327286255,0.0147538747731,0.0253769276242,0.0917820760139
86,0.753562580886,0.659327286255,0.0147538747731,0.0253769276242,0.0917820760139
87,0.753562580886,0.659327286255,0.0147538747731,0.0253769276242,0.0917820760139
88,0.753562580886,0.659327286255,0.0147538747731,0.0253769276242,0.0917820760139
89,0.753562580886,0.659327286255,0.0147538747731,0.0253769276242,0.0917820760139
90,0.753562580886,0.659327286255,0.0147538747731,0.0253769276242,0.0917820760139
91,0.753562580886,0.659327286255,0.0147538747731,0.0253769276242,0.0917820760139
92,0.753562580886,0.659327286255,0.0147538747731,0.0253769276242,0.0917820760139
93,0.736628902725,0.651445696431,-0.0197823691082,0.0253769276242,0.094999351454
94,0.702761546402,0.635682516785,-0.0888548568708,0.0253769276242,0.101433902334
95,0.668894190079,0.619919337139,-0.157927344633,0.0271546461322,0.107868453214
96,0.668894190079,0.619919337139,-0.157927344633,0.0271546461322,0.107868453214
97,0.668894190079,0.619919337139,-0.157927344633,0.0271546461322,0.107868453214
98,0.675456930641,0.628986641354,-0.105119086594,0.0271546461322,0.102949020974
99,0.689001126132,0.643319271202,-0.0459434418711,0.0247696030926,0.0974364253053
100,0.682019671203,0.638053945569,-0.0523108285552,0.0271546461322,0.0980295887329
101,0.682019671203,0.638053945569,-0.0523108285552,0.0247696030926,0.0980295887329
102,0.682019671203,0.638053945569,-0.0523108285552,0.0271546461322,0.0980295887329
103,0.682019671203,0.638053945569,-0.0523108285552,0.0271546461322,0.0980295887329
104,0.695145152327,0.656188553999,0.0533056875231,0.0247696030926,0.0881907242514
105,0.695145152327,0.656188553999,0.0533056875231,0.0247696030926,0.0881907242514
106,0.695145152327,0.656188553999,0.0533056875231,0.0247696030926,0.0881907242514
107,0.701707892889,0.665255858214,0.106113945562,0.0247696030926,0.0832712920107
108,0.691671440015,0.649938375485,0.120402306226,0.0305657401316,0.0819402384079
109,0.707997897532,0.671303815162,0.10758144805,0.0247696030926,0.083134584622
110,0.701707892889,0.665255858214,0.106113945562,0.0247696030926,0.0832712920107
111,0.700385213773,0.664042581472,0.111651956318,0.0247696030926,0.0827553903378
112,0.699062534658,0.662829304731,0.117189967075,0.0245824014247,0.0822394886649
113,0.701707892889,0.665255858214,0.106113945562,0.0247696030926,0.0832712920107
114,0.701707892889,0.665255858214,0.106113945562,0.0247696030926,0.0832712920107
115,0.706238593418,0.669776546462,0.114966055447,0.0247696030926,0.082446660478
116,0.71285024819,0.669519826826,0.114886453674,0.0247696030926,0.0824540759001
117,0.719830695006,0.683338611206,0.141522385101,0.0229768764432,0.0799727658799
118,0.710771487518,0.669231841767,0.10410559083,0.0229768764432,0.0834583832988
119,0.703999228204,0.669135954896,0.114490262813,0.0247696030926,0.0824909836523
120,0.70793743276,0.658616658905,0.0987537302381,0.0247696030926,0.0839569438748
121,0.699941847376,0.656759419742,0.0802054434977,0.0287968634124,0.0856848372609
122,0.713065016405,0.668046545504,0.0927693335792,0.0247754803726,0.0845144292939
123,0.717593523363,0.677632626696,0.121334017966,0.0229768764432,0.0818534434077
124,0.708532122304,0.6685912502,0.103629798196,0.0229768764432,0.0835027064731
125,0.710825651191,0.667405953938,0.0922935409449,0.0247754803726,0.0845587524682
126,0.724367976249,0.672663120624,0.0912367714816,0.0244720360027,0.0846571974077
127,0.724365782677,0.677728513567,0.110949345983,0.0229768764432,0.0828208430542
128,0.719832888577,0.678273218263,0.1218098106,0.0229768764432,0.0818091202334
129,0.70818478948,0.649215370708,0.173698276382,0.0310686780154,0.0769753726157
130,0.717593523363,0.677632626696,0.121334017966,0.0247754803726,0.0818534434077
131,0.721927991811,0.676541357643,0.142126351698,0.0271171495193,0.0799165024685
132,0.70910413599,0.658857780364,0.189941885111,0.03211434546,0.0754621749558
133,0.728759774592,0.690112537493,0.137445585533,0.0229768764432,0.0803525462396
134,0.733158153648,0.692365775532,0.124516676081,0.0215122964646,0.081556958132
135,0.733158153648,0.692365775532,0.124516676081,0.0229768764432,0.081556958132
136,0.737556532704,0.694619013571,0.111587766628,0.0229768764432,0.0827613700244
137,0.737556532704,0.694619013571,0.111587766628,0.0215122964646,0.0827613700244
138,0.733158153648,0.692365775532,0.124516676081,0.0229768764432,0.081556958132
139,0.737509046853,0.694886067804,0.114643458573,0.0222604192483,0.0824767124721,√
140,0.741954911761,0.69687225161,0.0986588571753,0.0215122964646,0.0839657819168
141,0.746353290817,0.699125489649,0.0857299477226,0.0215122964646,0.0851701938092
142,0.744534437753,0.695601259127,0.0419719611777,0.0215122964646,0.0892465344762
143,0.742715584689,0.692077028605,-0.00178602536724,0.0215122964646,0.0933228751432
144,0.742715584689,0.692077028605,-0.00178602536724,0.0226071614208,0.0933228751432
145,0.746353290817,0.699125489649,0.0857299477226,0.0215122964646,0.0851701938092
146,0.746353290817,0.699125489649,0.0857299477226,0.0215122964646,0.0851701938092
147,0.746353290817,0.699125489649,0.0857299477226,0.0215122964646,0.0851701938092
148,0.746353290817,0.699125489649,0.0857299477226,0.0215122964646,0.0851701938092
149,0.745768226246,0.694394067468,0.099238467418,0.0236165156046,0.0839117874579
150,0.746353290817,0.699125489649,0.0857299477226,0.0215122964646,0.0851701938092
151,0.746353290817,0.699125489649,0.0857299477226,0.0215122964646,0.0851701938092
152,0.746634720655,0.695542055254,0.0583819327848,0.0215122964646,0.0877178390336
153,0.746353290817,0.699125489649,0.0857299477226,0.0215122964646,0.0851701938092
154,0.730906242319,0.671275235609,0.133045466564,0.031316696052,0.0807624459016
155,0.746353290817,0.699125489649,0.0857299477226,0.0215122964646,0.0851701938092
156,0.746353290817,0.699125489649,0.0857299477226,0.0215122964646,0.0851701938092
157,0.746353290817,0.699125489649,0.0857299477226,0.0215122964646,0.0851701938092
158,0.746353290817,0.699125489649,0.0857299477226,0.0215122964646,0.0851701938092
159,0.746353290817,0.699125489649,0.0857299477226,0.0215122964646,0.0851701938092
160,0.746353290817,0.699125489649,0.0857299477226,0.0215122964646,0.0851701938092
161,0.746353290817,0.699125489649,0.0857299477226,0.0215122964646,0.0851701938092
162,0.742083975106,0.69297476488,0.0805320637161,0.0215122964646,0.0856544104661
163,0.746353290817,0.699125489649,0.0857299477226,0.0215122964646,0.0851701938092
164,0.746353290817,0.699125489649,0.0857299477226,0.0215122964646,0.0851701938092
165,0.735920652621,0.690003951832,0.0685421849365,0.0250624863442,0.086771345552
166,0.746353290817,0.699125489649,0.0857299477226,0.0215122964646,0.0851701938092
167,0.742695045597,0.699648063411,0.0770775821804,0.0215122964646,0.085976217859
168,0.734765421503,0.68004823959,0.0709181770803,0.0215122964646,0.0865500064511
169,0.742695045597,0.699648063411,0.0770775821804,0.0215122964646,0.085976217859
170,0.737452522276,0.690479227415,0.0374250650321,0.0215122964646,0.0896701073855
171,0.737452522276,0.690479227415,0.0374250650321,0.0215198377223,0.0896701073855
172,0.743184734613,0.679742670131,0.0237296445104,0.0215122964646,0.0909459247627
173,0.74029074565,0.676017296348,0.10648120183,0.0215122964646,0.0832370797039
174,0.744769012715,0.68943407989,0.0547297961165,0.0215122964646,0.0880580592859
175,0.743306046524,0.694666434305,0.0752456636073,0.0215122964646,0.0861468729729
176,0.746353290817,0.699125489649,0.0857299477226,0.0215122964646,0.0851701938092
177,0.746353290817,0.699125489649,0.0857299477226,0.0215122964646,0.0851701938092
178,0.746353290817,0.699125489649,0.0857299477226,0.0215122964646,0.0851701938092
179,0.733496025404,0.661605762166,0.122418401668,0.0215122964646,0.0817524260224
180,0.740752687079,0.696827940727,0.0726066358304,0.0215122964646,0.0863927155515
181,0.740752687079,0.696827940727,0.0726066358304,0.0215122964646,0.0863927155515
182,0.729551479602,0.692232842884,0.046360012046,0.0215122964646,0.0888377590362
183,0.723950875863,0.689935293962,0.0332367001538,0.0231343665296,0.0900602807785
184,0.73515208334,0.694530391805,0.0594833239382,0.0231343665296,0.0876152372939
185,0.740752687079,0.696827940727,0.0726066358304,0.0215122964646,0.0863927155515
186,0.745550079156,0.690627715521,0.0963074328789,0.0215122964646,0.0841848323632
187,0.745550079156,0.690627715521,0.0963074328789,0.0240338358648,0.0841848323632
188,0.741407807986,0.69774535288,0.116601530479,0.0215122964646,0.0822943053558
189,0.746353290817,0.699125489649,0.0857299477226,0.0215122964646,0.0851701938092
190,0.746353290817,0.699125489649,0.0857299477226,0.0215122964646,0.0851701938092
191,0.746353290817,0.699125489649,0.0857299477226,0.0215122964646,0.0851701938092
192,0.74818638863,0.698391443624,0.120469166969,0.0215122964646,0.0819340098954
193,0.750019486443,0.6976573976,0.155208386216,0.0220855416462,0.0786978259816
194,0.74818638863,0.698391443624,0.120469166969,0.0215122964646,0.0819340098954
195,0.746353290817,0.699125489649,0.0857299477226,0.0215122964646,0.0851701938092
196,0.746353290817,0.699125489649,0.0857299477226,0.0215122964646,0.0851701938092
197,0.746353290817,0.699125489649,0.0857299477226,0.0215122964646,0.0851701938092
198,0.746353290817,0.699125489649,0.0857299477226,0.0215122964646,0.0851701938092
199,0.746353290817,0.699125489649,0.0857299477226,0.0215122964646,0.0851701938092
200,0.746353290817,0.699125489649,0.0857299477226,0.0215122964646,0.0851701938092
201,0.743910184611,0.694644084886,0.0611966299398,0.0233480610833,0.0874556317114
202,0.746353290817,0.699125489649,0.0857299477226,0.0215122964646,0.0851701938092
203,0.746353290817,0.699125489649,0.0857299477226,0.0215122964646,0.0851701938092
204,0.746353290817,0.699125489649,0.0857299477226,0.0215122964646,0.0851701938092
205,0.741199812606,0.677405326106,0.0558551840007,0.0215122964646,0.0879532220948
206,0.733868460447,0.665701926246,0.0761141822284,0.0215122964646,0.0860659648221
207,0.746353290817,0.699125489649,0.0857299477226,0.0215122964646,0.0851701938092
208,0.746353290817,0.699125489649,0.0857299477226,0.0215122964646,0.0851701938092
209,0.746353290817,0.699125489649,0.0857299477226,0.0215122964646,0.0851701938092
210,0.746353290817,0.699125489649,0.0857299477226,0.0215122964646,0.0851701938092
211,0.746353290817,0.699125489649,0.0857299477226,0.0215122964646,0.0851701938092
212,0.746974532892,0.69352019912,0.108244901708,0.0215122964646,0.0830727796045
213,0.746353290817,0.699125489649,0.0857299477226,0.0215122964646,0.0851701938092
214,0.746353290817,0.699125489649,0.0857299477226,0.0215122964646,0.0851701938092
215,0.746353290817,0.699125489649,0.0857299477226,0.0215122964646,0.0851701938092
216,0.746353290817,0.699125489649,0.0857299477226,0.0215122964646,0.0851701938092
217,0.746353290817,0.699125489649,0.0857299477226,0.0215122964646,0.0851701938092
218,0.746353290817,0.699125489649,0.0857299477226,0.0215122964646,0.0851701938092
219,0.746353290817,0.699125489649,0.0857299477226,0.0215122964646,0.0851701938092
220,0.746353290817,0.699125489649,0.0857299477226,0.0215122964646,0.0851701938092
221,0.746353290817,0.699125489649,0.0857299477226,0.0215122964646,0.0851701938092
222,0.742401258928,0.685611178175,0.0845223313349,0.0215122964646,0.0852826911195
223,0.738449227038,0.672096866701,0.0833147149472,0.0215122964646,0.0853951884298
224,0.734497195149,0.658582555227,0.0821070985595,0.0215122964646,0.0855076857402
225,0.727198839366,0.631741407404,0.0570317876671,0.0265429924832,0.0878436138209
226,0.727198839366,0.631741407404,0.0570317876671,0.0265429924832,0.0878436138209
227,0.727198839366,0.631741407404,0.0570317876671,0.0265429924832,0.0878436138209
228,0.727804547361,0.631928882529,0.0343717095501,0.0265429924832,0.0899545472811
229,0.727804547361,0.631928882529,0.0343717095501,0.0267508615469,0.0899545472811
230,0.7053212305,0.582688268814,0.126948208639,0.0265429924832,0.0813304450807
231,0.705926938495,0.582875743939,0.104288130522,0.0265429924832,0.0834413785408
232,0.729015963351,0.632303832779,-0.0109484466839,0.0267508615469,0.0941764142013
233,0.710434528047,0.586338704754,0.062775353849,0.0267508615469,0.087308563325
234,0.728410255356,0.632116357654,0.0117116314331,0.0267508615469,0.0920654807412
235,0.734282885283,0.640523363826,-0.0770824826801,0.024458819519,0.100337229213
236,0.739749669443,0.64628302949,-0.130522148783,0.024458819519,0.105315481217
237,0.732878008916,0.642150023281,-0.112152851194,0.0248552907618,0.103604261832
238,0.725482024023,0.643480599245,-0.11587468689,0.024458819519,0.103950975002
239,0.726006348388,0.638017017073,-0.0937835536041,0.0280740054865,0.101893042448
240,0.731816678361,0.646695948947,-0.180928864467,0.024458819519,0.110011194188
241,0.732278702772,0.641504292477,-0.157188927932,0.0248552907618,0.107799664902
242,0.702805218824,0.58580108058,-0.125212263849,0.0280740054865,0.104820830946
243,0.709846145179,0.557329530896,0.0102584698881,0.0403631940582,0.0922008521778
244,0.74461714746,0.651396964349,-0.228997891625,0.0248552907618,0.11448913629
245,0.74461714746,0.651396964349,-0.228997891625,0.0248552907618,0.11448913629
246,0.74461714746,0.651396964349,-0.228997891625,0.0248552907618,0.11448913629
247,0.74461714746,0.651396964349,-0.228997891625,0.0248552907618,0.11448913629
248,0.747138099086,0.660581991196,-0.282624176596,0.0248552907618,0.119484773052
249,0.747138099086,0.660581991196,-0.282624176596,0.0248552907618,0.119484773052
250,0.747138099086,0.660581991196,-0.282624176596,0.0248552907618,0.119484773052
251,0.756955592148,0.661289636221,-0.300806855318,0.0248552907618,0.121178607677
252,0.756955592148,0.661289636221,-0.300806855318,0.0248552907618,0.121178607677
253,0.756955592148,0.661289636221,-0.300806855318,0.0248552907618,0.121178607677
254,0.756370501796,0.659353974196,-0.295946180301,0.0252270073092,0.120725804228
255,0.756955592148,0.661289636221,-0.300806855318,0.0248552907618,0.121178607677
256,0.756955592148,0.661289636221,-0.300806855318,0.0248552907618,0.121178607677
257,0.756955592148,0.661289636221,-0.300806855318,0.0248552907618,0.121178607677
258,0.756955592148,0.661289636221,-0.300806855318,0.0248552907618,0.121178607677
259,0.756955592148,0.661289636221,-0.300806855318,0.0248552907618,0.121178607677
260,0.756955592148,0.661289636221,-0.300806855318,0.0248552907618,0.121178607677
261,0.756955592148,0.661289636221,-0.300806855318,0.0248552907618,0.121178607677
262,0.756955592148,0.661289636221,-0.300806855318,0.0248552907618,0.121178607677
263,0.756955592148,0.661289636221,-0.300806855318,0.0248552907618,0.121178607677
264,0.749793607786,0.653774291274,-0.241499181468,0.0248552907618,0.115653712638
265,0.742631623425,0.646258946326,-0.182191507618,0.0248552907618,0.110128817599
266,0.728307654703,0.631228256432,-0.0635761599178,0.0274431880761,0.0990790275208
267,0.728307654703,0.631228256432,-0.0635761599178,0.0274431880761,0.0990790275208
268,0.727165953725,0.631098798717,-0.0590521123159,0.0267750511792,0.0986575831017
269,0.721145670342,0.623712911485,-0.00426848606781,0.0274431880761,0.0935541324817
270,0.72208239935,0.624703458503,-0.0106994995006,0.0274431880761,0.0941532231542
271,0.723019128358,0.62569400552,-0.0171305129334,0.0274431880761,0.0947523138267
272,0.724892586373,0.627675099556,-0.029992539799,0.0263698441725,0.0959504951717
273,0.725829315381,0.628665646574,-0.0364235532318,0.0263698441725,0.0965495858442
274,0.725829315381,0.628665646574,-0.0364235532318,0.0263698441725,0.0965495858442
275,0.725829315381,0.628665646574,-0.0364235532318,0.0263698441725,0.0965495858442
276,0.728402273351,0.624850715946,-0.0309992653493,0.0263698441725,0.0960442781957
277,0.727846705042,0.625017476789,-0.0295997429855,0.0267834904408,0.0959139035972
278,0.736315941371,0.625759418964,-0.0421441135315,0.0244289447254,0.0970824931928
279,0.728402273351,0.624850715946,-0.0309992653493,0.0263698441725,0.0960442781957
280,0.730975231322,0.621035785318,-0.0255749774669,0.027632134746,0.0955389705472
281,0.728402273351,0.624850715946,-0.0309992653493,0.0263698441725,0.0960442781957
282,0.734650159136,0.627065782991,-0.0306836942225,0.0263698441725,0.0960148806955
283,0.739796075077,0.619435921735,-0.0198351184576,0.027632134746,0.0950042653985
284,0.733548189292,0.61722085469,-0.0201506895844,0.027632134746,0.0950336628987
285,0.733548189292,0.61722085469,-0.0201506895844,0.027632134746,0.0950336628987
286,0.73624740069,0.623408135412,0.00616122341206,0.0263698441725,0.0925825372998
287,0.754691646494,0.641333930484,0.0274186467894,0.0208091821138,0.0906022702393
288,0.743211475142,0.631383228647,0.0536750532749,0.0263698441725,0.0881563154325
289,0.746791739428,0.6281528356,0.0696336251699,0.0252444818783,0.0866696708051
290,0.746769610902,0.632858024538,0.041252115109,0.0242742888876,0.0893135928131
291,0.749490950827,0.634340116322,0.0959455381664,0.0252444818783,0.0842185452062
292,0.749490950827,0.634340116322,0.0959455381664,0.0252444818783,0.0842185452062
293,0.750709882464,0.639512703256,0.0747393506806,0.0231278206315,0.0861940393107
294,0.749490950827,0.634340116322,0.0959455381664,0.0252444818783,0.0842185452062
295,0.749490950827,0.634340116322,0.0959455381664,0.0252444818783,0.0842185452062
296,0.749490950827,0.634340116322,0.0959455381664,0.0252444818783,0.0842185452062
297,0.749490950827,0.634340116322,0.0959455381664,0.0252444818783,0.0842185452062
298,0.749490950827,0.634340116322,0.0959455381664,0.0252444818783,0.0842185452062
299,0.751871284802,0.64119595275,0.125317585649,0.0252444818783,0.0814823482036
