generation,train,validation,test,validmse,testmse
0,0.676648547508,0.283831907531,0.453474206455,0.0426246794585,0.0509124275066
1,0.647037247357,0.294046114532,0.374242257869,0.0408961651169,0.0582933981509
2,0.652131782704,0.196256542864,0.374242257869,0.0446262628651,0.0582933981509
3,0.723654153938,0.118954126873,0.374242257869,0.0441530932656,0.0582933981509
4,0.652682685365,0.419274725439,0.442429240327,0.0351122979363,0.0519413378415
5,0.731086036881,0.342422321815,0.442429240327,0.035812495063,0.0519413378415
6,0.679119591322,-0.296626995492,0.442429240327,0.057281401646,0.0519413378415
7,0.655217219896,-0.0444060469142,0.433548901471,0.0496140670436,0.0527685990862
8,0.663952171132,0.0132583346779,0.480078709568,0.0540338504099,0.0484340452378
9,0.663952171132,0.0132583346779,0.480078709568,0.0540338504099,0.0484340452378
10,0.685577000814,0.20077708511,0.490497481225,0.0379095080783,0.0474634689852
11,0.698475039365,-0.0124915184951,0.490497481225,0.053499692904,0.0474634689852
12,0.665921446184,-0.193112699344,0.490497481225,0.0562281934034,0.0474634689852
13,0.660057503244,-0.340138609909,0.490497481225,0.06362986858,0.0474634689852
14,0.685577000814,0.20077708511,0.490497481225,0.0379095080783,0.0474634689852
15,0.612962409085,0.0508169116257,0.490497481225,0.0519616809918,0.0474634689852
16,0.679867076347,0.31935264598,0.559935228996,0.0356400610883,0.0409948917627
17,0.711013320086,0.152397648448,0.559935228996,0.0426165306144,0.0409948917627
18,0.651697354092,0.295802038216,0.40610038041,0.0419245309037,0.0553256071089
19,0.6725424836,0.108307567283,0.40610038041,0.0509380324073,0.0553256071089
20,0.512798148493,-0.424450000551,0.40610038041,0.0737784530225,0.0553256071089
21,0.633547530628,0.320106758274,0.443436215489,0.0420154632306,0.0518475315646
22,0.584655383142,-1.68491427014,0.443436215489,0.114426045366,0.0518475315646
23,0.628629163205,0.225310024164,0.468305922612,0.043592768423,0.0495307568103
24,0.591950124521,-0.0485263895826,0.468305922612,0.0524124056305,0.0495307568103
25,0.629720655632,0.149870909121,0.468733397934,0.047059326643,0.0494909347075
26,0.67267888684,0.127661784006,0.468733397934,0.0528144179179,0.0494909347075
27,0.595762140951,0.16331064169,0.460471103983,0.0458103411771,0.050260621055
28,0.571261538606,-0.222656577739,0.460471103983,0.067615462272,0.050260621055
29,0.607607908707,0.0969432959745,0.301264325413,0.0483189456569,0.0650917665713
30,0.650183341709,-0.208764629032,0.301264325413,0.060485601959,0.0650917665713
31,0.590255458784,0.109063078558,0.385386329798,0.0453959908463,0.0572552554669
32,0.635172090342,0.146826018734,0.455914759388,0.0430198456131,0.0506850741487
33,0.723579456336,-1.1205897745,0.455914759388,0.0848226408471,0.0506850741487
34,0.643566653631,0.00548119924738,0.385453561929,0.0511584137834,0.0572489923572
35,0.574556515275,-0.189468550769,0.385453561929,0.060742863068,0.0572489923572
36,0.682766734013,-0.0608465163774,0.406762033406,0.0508539602559,0.0552639698346
37,0.697586573942,0.0666063341925,0.408130661507,0.0604692506696,0.0551364732374
38,0.658361452201,-0.464028834611,0.408130661507,0.0597305108651,0.0551364732374
39,0.69231675857,-0.364122191594,0.510853393277,0.0644759310072,0.0455671835602
40,0.72900999567,-1.39830624052,0.510853393277,0.105721566715,0.0455671835602
41,0.647095676776,-0.266440825614,0.517339001524,0.073973044821,0.0449630070262
42,0.683072735742,0.305773216213,0.339888261308,0.0391099539838,0.0614936960694
43,0.688460983763,0.415274793686,0.465173401865,0.0372321254879,0.0498225714646
44,0.804817467852,0.420446291756,0.616024718925,0.0298783356484,0.0357697914589
45,0.602189903654,-0.481295043727,0.616024718925,0.0822882589661,0.0357697914589
46,0.801236542903,0.325960710594,0.565449407058,0.0338634199343,0.0404812102601
47,0.796514870164,0.111422845464,0.565449407058,0.0435725497282,0.0404812102601
48,0.797318883012,-0.378309461826,0.565449407058,0.0575948228093,0.0404812102601
49,0.68193466009,-0.166327466082,0.410999161824,0.0557576215049,0.0548692538012
50,0.602182107113,-0.211539375124,0.410999161824,0.0595131139435,0.0548692538012
51,0.663873215341,-0.0564837760689,0.472950648345,0.0542461497125,0.0490980704395
52,0.639865117085,-0.123607950477,0.472950648345,0.0556802025243,0.0490980704395
53,0.723865832124,0.306737397619,0.451048616327,0.0392392345511,0.0511383869819
54,0.645342934266,0.372004108784,0.310035972296,0.0373086726939,0.0642746306899
55,0.725353425823,0.39738450091,0.471336879664,0.0329188778773,0.049248403474
56,0.596603055762,0.38171899033,0.471336879664,0.0376226968498,0.049248403474
57,0.729181092433,-0.0953746681263,0.471336879664,0.0675385657567,0.049248403474
58,0.660827469892,0.169574353153,0.344316971414,0.0476896368825,0.0610811329573
59,0.722095839823,-1.75666000923,0.344316971414,0.114899005436,0.0610811329573
60,0.657538974991,0.128726396138,0.374937002921,0.050785623715,0.0582286781368
61,0.61165450649,-0.35522985732,0.374937002921,0.0781330294853,0.0582286781368
62,0.69246257496,-0.672726462314,0.374937002921,0.0722002322258,0.0582286781368
63,0.678029451665,0.213316888527,0.28154081361,0.0451244970677,0.0669291398055
64,0.576454054115,-1.25948296398,0.28154081361,0.124612165157,0.0669291398055
65,0.646692997129,0.213970768546,0.335905343211,0.045192105604,0.0618647307603
66,0.646692997129,0.213970768546,0.335905343211,0.045192105604,0.0618647307603
67,0.596361925679,0.0486213862266,0.335905343211,0.0552891464689,0.0618647307603
68,0.682056224515,0.336917209228,0.361637178702,0.0407782563226,0.0594676431488
69,0.767416807717,0.216434372487,0.361637178702,0.0443872814487,0.0594676431488
70,0.705325521561,0.445845469204,0.443869741073,0.0347799400996,0.0518071458406
71,0.6638661189,0.351652185172,0.443869741073,0.0386408141207,0.0518071458406
72,0.696176588897,0.397307916364,0.432714761886,0.0349535262271,0.0528463046065
73,0.663261053612,-0.447735474326,0.432714761886,0.0653506296711,0.0528463046065
74,0.688379500913,0.384328110584,0.390828180276,0.0357724482444,0.0567483117485
75,0.612448979237,-0.0133550954476,0.390828180276,0.0587516990637,0.0567483117485
76,0.665398100576,-0.096219792492,0.390828180276,0.0560082334254,0.0567483117485
77,0.57185831542,-0.128083387375,0.390828180276,0.0593725996191,0.0567483117485
78,0.634431415818,-0.211183426561,0.390828180276,0.064631309281,0.0567483117485
79,0.677998570278,0.18240030383,0.388779552739,0.0457870012098,0.0569391547101
80,0.675042370255,0.189799583357,0.41180204941,0.0500207802274,0.0547944596075
81,0.5698410795,-0.625457500344,0.41180204941,0.077935118727,0.0547944596075
82,0.643085826321,0.355527721548,0.419252827544,0.0407980221696,0.0541003712295
83,0.567726874281,-0.239618462336,0.419252827544,0.0616242523009,0.0541003712295
84,0.676840749832,0.072867950985,0.353287984082,0.0494120682512,0.0602454248581
85,0.649386950781,-0.125747478114,0.353287984082,0.065477708687,0.0602454248581
86,0.694209006501,0.0426825747538,0.338007182807,0.0525638278694,0.06166893075
87,0.597359380344,-0.108427942831,0.338007182807,0.0599385998036,0.06166893075
88,0.684305057597,-0.754130066345,0.338007182807,0.0797945927132,0.06166893075
89,0.546156630953,-0.52081370224,0.370888790569,0.078575136165,0.0586057954116
90,0.546165553129,-0.379005837958,0.304807925797,0.068479752406,0.0647616571789
91,0.699637512731,-0.053593464147,0.363670310162,0.0596762351368,0.0592782437477
92,0.625624860357,0.0942975706371,0.442601063347,0.0482040674104,0.0519253314111
93,0.644236420968,0.122493318638,0.354846767214,0.0548465095627,0.0601002140846
94,0.668074762474,0.257854867967,0.483398234899,0.0437793196745,0.048124809892
95,0.614983779819,0.0650396661646,0.483398234899,0.05335953625,0.048124809892
96,0.67500792083,0.0845935812655,0.429964767699,0.0477553510132,0.053102484427
97,0.699067603661,0.213006463875,0.466594495687,0.0400204922232,0.0496901873446
98,0.675222696577,-0.250980837106,0.466594495687,0.0637024605737,0.0496901873446
99,0.675222696577,-0.250980837106,0.466594495687,0.0637024605737,0.0496901873446
100,0.672458703943,-0.195873835829,0.38600810324,0.0629646688777,0.0571973332322
101,0.670633839297,-0.26737333301,0.38600810324,0.0688075682072,0.0571973332322
102,0.631773665919,-0.412632827372,0.38600810324,0.0702383015107,0.0571973332322
103,0.596287097772,-0.134647375711,0.310599862399,0.0616669589895,0.0642221006641
104,0.58410854695,0.086448388814,0.289406328365,0.0557411994184,0.0661964160174
105,0.670052947463,-0.0916523439892,0.289406328365,0.0581284652327,0.0661964160174
106,0.578216969437,-0.520098556548,0.289406328365,0.0837493015142,0.0661964160174
107,0.593568667637,-0.330194029295,0.339738421745,0.0672189166013,0.061507654598
108,0.590463282082,-1.12617032617,0.339738421745,0.0919316036045,0.061507654598
109,0.67177703448,-0.666665238572,0.334749148549,0.0787605446666,0.0619724378029
110,0.614305773251,-0.402095362749,0.384768851516,0.0721246086925,0.0573127775796
111,0.645661144781,-0.352925608076,0.430871839582,0.069433074102,0.0530179847894
112,0.598000874421,-0.887162363284,0.430871839582,0.0894134322358,0.0530179847894
113,0.693318827037,-0.364717156561,0.431021438715,0.0618981648798,0.0530040486585
114,0.720051328919,-0.219600630635,0.464463607664,0.0571703909462,0.0498886934047
115,0.707401530904,-0.52876139587,0.464463607664,0.0633782001653,0.0498886934047
116,0.7303174894,-0.499008856781,0.421983463596,0.0614799341369,0.053845994745
117,0.747487528844,0.176792435161,0.397078941058,0.0405694143813,0.0561660127813
118,0.689531739049,-0.0784877108341,0.397078941058,0.0559986813523,0.0561660127813
119,0.700045364127,0.215117381431,0.260302407037,0.0451465489575,0.0689076353272
120,0.682377893255,0.358816463903,0.421472000962,0.038561566232,0.0538936408114
121,0.689934960595,0.241199785673,0.421472000962,0.0427283555189,0.0538936408114
122,0.694376606893,0.214923313959,0.421472000962,0.0410299207939,0.0538936408114
123,0.664891500492,-0.573923026785,0.421472000962,0.0675715196147,0.0538936408114
124,0.738473940255,-0.0632117098758,0.28474647668,0.0457843080906,0.0666305114688
125,0.66111106808,-0.0396531261843,0.387996786195,0.0488569654861,0.0570120744978
126,0.760703095163,-0.105743057404,0.387996786195,0.0497138849546,0.0570120744978
127,0.609656099833,0.0862237599956,0.348271535617,0.0477917396889,0.0607127396159
128,0.731725732741,0.0706598201969,0.348271535617,0.0473864790794,0.0607127396159
129,0.644971449078,0.0908578250624,0.379558801813,0.0515593398092,0.0577981275501
130,0.714161702974,-0.49859351416,0.379558801813,0.064593936469,0.0577981275501
131,0.644971449078,0.0908578250624,0.379558801813,0.0515593398092,0.0577981275501
132,0.64425745799,-0.291174408696,0.379558801813,0.0567062970315,0.0577981275501
133,0.650888889498,-0.0626352984183,0.427200675498,0.0515890284803,0.0533599775691
134,0.698926005503,-0.130800907085,0.427200675498,0.0541064204987,0.0533599775691
135,0.661044077127,-0.155533471144,0.427200675498,0.0610966706764,0.0533599775691
136,0.677989248945,-0.247813622507,0.427200675498,0.0576204744788,0.0533599775691
137,0.675210331116,0.346635723688,0.301511651286,0.0339559078798,0.0650687265598
138,0.681916507175,-0.153264959099,0.301511651286,0.0556229970808,0.0650687265598
139,0.674266205524,-0.621008166926,0.301511651286,0.0752308807766,0.0650687265598
140,0.642622069796,0.363278127091,0.400153778544,0.0381707691075,0.0558795716975
141,0.696591670929,0.0503707953722,0.400153778544,0.0495504604224,0.0558795716975
142,0.649551862611,0.188877185639,0.401009193109,0.0440426150049,0.0557998842746
143,0.651933997709,0.284869402048,0.389137066769,0.0450380772101,0.056905849956
144,0.650167667316,-0.132487951915,0.389137066769,0.0543115351512,0.056905849956
145,0.647348442277,-0.429330838074,0.389137066769,0.0728324578178,0.056905849956
146,0.733638377206,0.3944834882,0.615954729606,0.0379712912199,0.0357763114186
147,0.715020277993,0.16383020265,0.615954729606,0.0506044933373,0.0357763114186
148,0.768208559952,0.0445259226729,0.615954729606,0.0484846574614,0.0357763114186
149,0.652828198997,-0.060408725246,0.615954729606,0.0516244361313,0.0357763114186
150,0.637522215361,0.233819216431,0.36756071774,0.0486231839319,0.0589158270124
151,0.628988819415,0.254647303052,0.363316665274,0.0454874105806,0.0593111880659
152,0.633380179384,0.161620901639,0.363316665274,0.0476074695835,0.0593111880659
153,0.666079836135,0.113879935218,0.363316665274,0.0483407764922,0.0593111880659
154,0.658015195181,0.226335714682,0.42922699353,0.04456996942,0.0531712128829
155,0.610494766117,-0.0975570698241,0.42922699353,0.0588000380218,0.0531712128829
156,0.671228231813,0.077616306582,0.42470283013,0.0519222614925,0.0535926680893
157,0.635020103633,0.0580295316421,0.42470283013,0.0489937149612,0.0535926680893
158,0.673595063251,0.0930317721728,0.429952400955,0.0520766310145,0.0531036364695
159,0.706999934061,0.39845672174,0.345927290407,0.0372328032714,0.0609311212837
160,0.703341336705,-1.87247950823,0.345927290407,0.119613185959,0.0609311212837
161,0.688583640678,0.306738049116,0.330485368139,0.0412983390593,0.0623696366425
162,0.638410275151,-0.387092685517,0.330485368139,0.0632494310302,0.0623696366425
163,0.699078887875,0.165666648373,0.348668137371,0.0546940783808,0.0606757935864
164,0.681043867217,-0.0445462538186,0.348668137371,0.0595701906314,0.0606757935864
165,0.737273782467,-0.0153636096872,0.00887510482737,0.0740821315773,0.0923297216186
166,0.592923340627,-0.324861041911,0.00887510482737,0.0745758465608,0.0923297216186
167,0.744925353161,-0.252572861437,0.201194340825,0.0674887743716,0.0744139356182
168,0.744925353161,-0.252572861437,0.201194340825,0.0674887743716,0.0744139356182
169,0.657536900464,-0.0787336956981,0.274147062741,0.0649987239576,0.0676179157234
170,0.598296081891,-0.562185958033,0.274147062741,0.0966893891113,0.0676179157234
171,0.692358839794,0.0782201335285,0.398068511299,0.0486555509848,0.0560738278858
172,0.636726563612,-0.0269649541307,0.398068511299,0.0534069068155,0.0560738278858
173,0.707139485693,-0.883776993928,0.398068511299,0.0901155501467,0.0560738278858
174,0.628514653086,0.311158166713,0.411113657053,0.041455563033,0.0548585878269
175,0.596695959742,-0.172692717447,0.411113657053,0.0607779813031,0.0548585878269
176,0.696869626514,0.240996375466,0.503729321306,0.0434777019,0.0462308371371
177,0.652977709785,0.285389885153,0.453916993634,0.0433488627517,0.0508711790048
178,0.704374530079,0.253054920463,0.453916993634,0.0381061246557,0.0508711790048
179,0.771830352327,-0.599156855229,0.453916993634,0.0707167126739,0.0508711790048
180,0.696869626514,0.240996375466,0.503729321306,0.0434777019,0.0462308371371
181,0.648835664009,0.082185868839,0.503729321306,0.0538349091642,0.0462308371371
182,0.681733623467,-0.296000426414,0.503729321306,0.0571503189507,0.0462308371371
183,0.691968387678,-0.394032954631,0.503729321306,0.073450878304,0.0462308371371
184,0.693619541968,0.253940065009,0.406398139456,0.0408484507182,0.0552978689197
185,0.675423069636,0.401970697069,0.375737661196,0.0326884672051,0.058154091618
186,0.68372491271,-0.877236933304,0.375737661196,0.0823346087829,0.058154091618
187,0.660294162606,0.448543959832,0.378747456169,0.0333915490252,0.0578737096668
188,0.688616163582,0.256402261034,0.378747456169,0.0382092858523,0.0578737096668
189,0.698535871124,0.183563357341,0.378747456169,0.0470892617139,0.0578737096668
190,0.693443096171,0.329194482948,0.411113474052,0.0355192338302,0.0548586048747
191,0.657827933868,0.0340707249973,0.411113474052,0.0485688559724,0.0548586048747
192,0.670648075138,0.41183552343,0.40783480866,0.0310103979234,0.0551640338517
193,0.636876671394,-0.740962974656,0.40783480866,0.0882855421183,0.0551640338517
194,0.72028708051,0.343300898289,0.372784078097,0.0379054976392,0.058429237068
195,0.718927140971,0.340262614958,0.372784078097,0.0384812389069,0.058429237068
196,0.776072473106,0.387328819898,0.268145507743,0.0328244877798,0.0681769995533
197,0.729074817309,-0.00645068421192,0.268145507743,0.0441645550788,0.0681769995533
198,0.732867484625,-0.337193135469,0.268145507743,0.0637600362484,0.0681769995533
199,0.785155649853,0.387490999071,-0.0788047297629,0.0325826892411,0.100497667716
200,0.784372071636,0.540754378946,0.217088614335,0.0257024494583,0.072933280803
201,0.731671012036,0.528815261122,0.217088614335,0.0264879572933,0.072933280803
202,0.706353619084,-0.0573065671639,0.217088614335,0.0571570207273,0.072933280803
203,0.704179832346,0.424090751314,0.142028552165,0.0325887891815,0.0799256131302
204,0.600614231382,-0.204358063604,0.142028552165,0.0576316974795,0.0799256131302
205,0.717359435208,0.134116717412,0.446150249347,0.0494114800039,0.0515947016823
206,0.715930436922,0.0515690381538,0.446150249347,0.0525411141909,0.0515947016823
207,0.670594266401,-0.542052456607,0.446150249347,0.0753938610716,0.0515947016823
208,0.783159333736,0.41788823798,0.33303771006,0.0355575652943,0.0621318694144
209,0.722655869658,0.113296636853,0.33303771006,0.0509919075541,0.0621318694144
210,0.783805996067,0.486293685084,0.373927813148,0.0329862930315,0.0583226907192
211,0.741103896494,-0.142970898985,0.373927813148,0.0496439644611,0.0583226907192
212,0.783805996067,0.486293685084,0.373927813148,0.0329862930315,0.0583226907192
213,0.748721050856,0.0672192530436,0.373927813148,0.0517730138771,0.0583226907192
214,0.782032326551,0.00164433503157,0.373927813148,0.052420415974,0.0583226907192
215,0.764933088313,0.355286538868,0.324411935934,0.0329601326198,0.0629354163011
216,0.719710978559,0.285331626995,0.324411935934,0.0348093177422,0.0629354163011
217,0.769191611677,0.147007260106,0.324411935934,0.0459384433062,0.0629354163011
218,0.771802447161,0.371353850325,0.482160504498,0.0349113951774,0.0482401125183
219,0.739471752007,0.0670358852325,0.482160504498,0.0440904485521,0.0482401125183
220,0.710323602061,0.310034247356,0.475457327345,0.0422920762043,0.0488645570091
221,0.70265178087,-0.05203296578,0.475457327345,0.0545909850589,0.0488645570091
222,0.705494993782,0.262857849778,0.4588136663,0.0428939071368,0.0504150221407
223,0.685886634793,0.486477049493,0.391796159357,0.0299336540085,0.0566581382099
224,0.727445881971,0.310598738321,0.391796159357,0.0410418801107,0.0566581382099
225,0.71152782651,0.559469815777,0.489785043588,0.025524334782,0.0475298371785
226,0.715243297734,0.28850983301,0.489785043588,0.041680037864,0.0475298371785
227,0.706664308144,-0.460728568536,0.489785043588,0.0626734921655,0.0475298371785
228,0.660869583542,0.0427689979537,0.422194369691,0.0455622909287,0.0538263474724
229,0.6806569313,0.294148391605,0.389676132205,0.0381773655919,0.0568556325092
230,0.7073610039,0.477573965962,0.449647785383,0.0326385627235,0.051268883483
231,0.692889622503,0.488394760494,0.435188113463,0.0338663598995,0.052615895842
232,0.715512862004,-0.235429029356,0.435188113463,0.0599643062442,0.052615895842
233,0.73156978224,0.302388997887,0.362978515855,0.0384681896849,0.0593426888807
234,0.722778090153,0.388276903679,0.421795350344,0.0329333858337,0.0538635187163
235,0.749376027787,0.0907673261797,0.421795350344,0.0451401328624,0.0538635187163
236,0.614776962705,-0.515259306638,0.421795350344,0.0764750479702,0.0538635187163
237,0.724069800154,0.223843308364,0.400542361908,0.0389449770744,0.0558433726332
238,0.660391292731,0.452051566547,0.340477285859,0.0332810311479,0.0614388246066
239,0.695638687316,0.262129718919,0.340477285859,0.0465148204251,0.0614388246066
240,0.668645293359,0.396481315113,0.37601650489,0.0385766385921,0.0581281155167
241,0.712575020785,0.410713061057,0.487856332661,0.0338570336133,0.0477095091289
242,0.681233179176,0.264427107536,0.487856332661,0.0447506984433,0.0477095091289
243,0.710841716215,0.396340801987,0.481242812823,0.0333325637763,0.0483256014585
244,0.717937895634,0.279141455725,0.481242812823,0.0408593354727,0.0483256014585
245,0.612396732529,-0.0132721585521,0.481242812823,0.0555663235492,0.0483256014585
246,0.709085054836,0.308872148814,0.495355133829,0.0401463842388,0.0470109470933
247,0.698543351771,0.302140238438,0.495355133829,0.0447487585399,0.0470109470933
248,0.663816110195,0.0990760868683,0.495355133829,0.0516934921937,0.0470109470933
249,0.676627272748,0.305172040961,0.431292750594,0.0355201654656,0.0529787741947
250,0.677266451577,0.459773738777,0.360298048146,0.0323084502674,0.0595923918582
251,0.621294295915,-0.0592355544595,0.360298048146,0.0579398575149,0.0595923918582
252,0.661828188396,0.431083252651,0.348103083939,0.0359595280647,0.0607284319838
253,0.740349562886,-1.47754622041,0.348103083939,0.098368078128,0.0607284319838
254,0.67301881014,0.208864488992,0.373342721659,0.0436957294051,0.0583771957917
255,0.67055824071,0.431967074682,0.400681881454,0.0333300253391,0.0558303754812
256,0.682635224874,0.085957678973,0.400681881454,0.0466112280924,0.0558303754812
257,0.698827825963,-1.58969916418,0.400681881454,0.0980935178797,0.0558303754812
258,0.734162079182,0.204527467313,0.453632717727,0.0672133495108,0.050897661152
259,0.67230088814,0.16436864811,0.453632717727,0.0489518925115,0.050897661152
260,0.642179238578,0.355451362592,0.404639234571,0.0366581734272,0.0554617223343
261,0.724370201495,0.0932593384478,0.404639234571,0.0805594001415,0.0554617223343
262,0.638282743111,0.0985193732465,0.447796621067,0.048670174765,0.0514413314629
263,0.646033860776,0.244152294657,0.457084173407,0.0411305186089,0.0505761356372
264,0.679011333548,0.370133290702,0.436940708984,0.0356890905035,0.0524526301856
265,0.671290965806,0.252795056134,0.436940708984,0.0423246048755,0.0524526301856
266,0.72645927197,0.019843170541,0.436940708984,0.0516575714706,0.0524526301856
267,0.68661641624,0.271452034476,0.44354037335,0.0409893469472,0.0518378285833
268,0.683952945398,0.243310181686,0.44354037335,0.0415816233404,0.0518378285833
269,0.730975691531,0.438582805528,0.479382187703,0.0325356063302,0.0484989307737
270,0.678798426385,-0.344686380436,0.479382187703,0.0730418408729,0.0484989307737
271,0.74037936143,0.393278606754,0.483153083511,0.0340443208042,0.0481476473362
272,0.559900666243,-0.262945100011,0.483153083511,0.067897297985,0.0481476473362
273,0.723317510626,0.442638146291,0.46822919233,0.0318340764049,0.0495379047345
274,0.726864172751,0.509923418887,0.494555562607,0.0285241495443,0.0470854323461
275,0.60538030414,0.260538814653,0.494555562607,0.0538545923984,0.0470854323461
276,0.653592320977,0.236378509008,0.494555562607,0.0432896248729,0.0470854323461
277,0.684070019089,0.323016056669,0.464891370412,0.0372705159425,0.0498488445263
278,0.758435600647,0.0947530304857,0.464891370412,0.0479163466119,0.0498488445263
279,0.624816270014,-0.142146963065,0.464891370412,0.06262864728,0.0498488445263
280,0.666939677113,-1.71259899725,0.464891370412,0.107484825345,0.0498488445263
281,0.782679466242,0.317391313716,0.602444440461,0.0364359291527,0.0370348826055
282,0.771844801666,-0.0615648740505,0.602444440461,0.0755419807118,0.0370348826055
283,0.80028370681,0.203681020664,0.516709038777,0.0404341255451,0.0450216921478
284,0.686342767132,0.105535128014,0.516709038777,0.0526970818022,0.0450216921478
285,0.69617539223,0.0653052908265,0.516709038777,0.0544943780686,0.0450216921478
286,0.714110341323,-0.788459413403,0.516709038777,0.0834600186919,0.0450216921478
287,0.797053112043,0.296283639249,0.533806655175,0.0369950505377,0.0434289381266
288,0.797053112043,0.296283639249,0.533806655175,0.0369950505377,0.0434289381266
289,0.718890890585,-0.0741395987314,0.533806655175,0.0596532127457,0.0434289381266
290,0.714984684147,-0.0964633603792,0.533806655175,0.0523267424195,0.0434289381266
291,0.75091199956,0.0667417570817,0.521801789741,0.0485778890266,0.0445472693166
292,0.702755006424,0.00669952305119,0.521801789741,0.0507490275583,0.0445472693166
293,0.747232241839,0.127641302206,0.493730884547,0.0417712500719,0.0471622564639
294,0.736816636809,0.00678390488257,0.493730884547,0.0497559600563,0.0471622564639
295,0.733711804465,-0.206851818935,0.493730884547,0.0589249978844,0.0471622564639
296,0.713498353775,-0.305661095035,0.493730884547,0.0654333226025,0.0471622564639
297,0.619102805854,0.306459212329,0.421490352489,0.0367220141262,0.0538919312475
298,0.717755097757,-0.0415744433876,0.421490352489,0.0504569167981,0.0538919312475
299,0.624925735657,0.124245597776,0.41107008885,0.0490459980311,0.054862646488
300,0.64307205899,-0.149199235001,0.41107008885,0.0575136732098,0.054862646488
301,0.625782305835,-0.183046088386,0.41107008885,0.0546966293523,0.054862646488
302,0.737519082936,0.262034742586,0.482656121226,0.0389248055358,0.0481939426009
303,0.715446983356,-0.198844576488,0.482656121226,0.0599491417668,0.0481939426009
304,0.512651541878,-0.253047784669,0.482656121226,0.08017662273,0.0481939426009
305,0.735686157464,0.212184106979,0.590928897454,0.0397569767132,0.0381076302333
306,0.735686157464,0.212184106979,0.590928897454,0.0397569767132,0.0381076302333
307,0.618481955337,-0.160377839954,0.590928897454,0.0527683554869,0.0381076302333
308,0.714986866525,-0.0485229841644,0.608999630346,0.0502668764749,0.03642422409
309,0.6545029869,-0.255644629544,0.608999630346,0.0619715744846,0.03642422409
310,0.5914016275,-0.534537635373,0.608999630346,0.0738675143694,0.03642422409
311,0.599850560419,-0.154977111928,0.3812115738,0.0591790431266,0.0576441611043
312,0.656517393332,-0.0434428517876,0.398912896502,0.0527685494717,0.0559951679196
313,0.72335013571,0.0204075248374,0.573913834923,0.0484790493834,0.0396926938257
314,0.769945220546,0.30541471941,0.547622848896,0.0343985208274,0.0421418699414
315,0.650846143233,-0.0441561850017,0.547622848896,0.0568289012934,0.0421418699414
316,0.769028429638,0.225600073126,0.503978847393,0.0372628462522,0.0462075921614
317,0.781901672937,0.182521753389,0.503978847393,0.0382266558208,0.0462075921614
318,0.777354529226,-0.301583269981,0.503978847393,0.0562084243813,0.0462075921614
319,0.754376905408,0.249773044862,0.495188756631,0.0342482922648,0.04702644621
320,0.672849306734,0.226278704997,0.495188756631,0.0385213499583,0.04702644621
321,0.736813370788,0.18721004407,0.495188756631,0.0382434434162,0.04702644621
322,0.66230564304,0.236194085938,0.404009238266,0.0384561662604,0.0555204105821
323,0.676270420509,0.234170324088,0.404009238266,0.0461039075183,0.0555204105821
324,0.650081926108,0.252555300426,0.410836351533,0.0453911807576,0.0548844206373
325,0.693746940493,-0.0908496422908,0.410836351533,0.0576650469596,0.0548844206373
326,0.725014390866,-1.48410027746,0.410836351533,0.107704517848,0.0548844206373
327,0.62089996901,-0.299496639547,0.454673473818,0.0739302564457,0.0508007079621
328,0.674442514419,0.0726397287672,0.323108396377,0.0508983406478,0.0630568494777
329,0.671974429286,0.0350557328314,0.323108396377,0.055403399772,0.0630568494777
330,0.75623095605,0.0280896059414,0.323108396377,0.052019198862,0.0630568494777
331,0.678733341518,-0.00483434411878,0.323108396377,0.0566080620187,0.0630568494777
332,0.766889800944,0.284962770467,0.300137695683,0.0455786440356,0.0651967194484
333,0.677646160065,-0.643890950217,0.300137695683,0.0734349006273,0.0651967194484
334,0.717368303811,-0.210622599512,0.333776680281,0.0756756862109,0.0620630295385
335,0.782208356792,-0.137095349719,0.433024679887,0.0879865039296,0.0528174337318
336,0.779501702174,0.135275205313,0.46451977126,0.0443879668874,0.0498834614009
337,0.789112030012,0.403430423987,0.356786071034,0.0367457986763,0.0599195553374
338,0.753738476545,-0.0978421744205,0.356786071034,0.0726730944824,0.0599195553374
339,0.712261172232,0.217869530984,0.379424545483,0.0404420961272,0.0578106343993
340,0.647524822147,-0.338987626465,0.379424545483,0.0727460233987,0.0578106343993
341,0.607662737975,0.212061724918,0.344401973044,0.0469735373828,0.0610732145034
342,0.620612857602,-0.238428296594,0.344401973044,0.0589745387019,0.0610732145034
343,0.598066501949,-0.663311720848,0.344401973044,0.0776709552965,0.0610732145034
344,0.679288846157,0.283923061835,0.604135046076,0.0404882089525,0.0368773917115
345,0.684819533924,0.26657410019,0.604135046076,0.0419701209746,0.0368773917115
346,0.688773907398,0.007903276377,0.604135046076,0.0522419857054,0.0368773917115
347,0.746565077265,0.534786102261,0.573682041204,0.0284976819909,0.0397142869161
348,0.757223253294,0.429416655953,0.573682041204,0.0361557035113,0.0397142869161
349,0.776895375981,0.351312571562,0.573682041204,0.037558834345,0.0397142869161
350,0.715916781114,0.213715581122,0.573682041204,0.0440451059677,0.0397142869161
351,0.747255995517,-0.322911584835,0.573682041204,0.0613091641064,0.0397142869161
352,0.684563963186,0.226673137575,0.424856651423,0.0384338071231,0.0535783386367
353,0.651778678169,-0.947769309287,0.424856651423,0.0828859773222,0.0535783386367
354,0.681772807298,0.22687189677,0.450290001155,0.0403613231186,0.0512090569125
355,0.731650668158,0.240621939736,0.496816200642,0.0383948699128,0.0468748392296
356,0.690370809519,0.244942675674,0.470646963956,0.038709357073,0.0493126736035
357,0.71903020347,0.517345586515,0.436760461179,0.0306607222751,0.0524694214394
358,0.71903020347,0.517345586515,0.436760461179,0.0306607222751,0.0524694214394
359,0.745616586202,0.431609604484,0.436760461179,0.0368558006817,0.0524694214394
360,0.748345985429,0.20139148552,0.436760461179,0.0422219990212,0.0524694214394
361,0.707943016872,0.299443808662,0.407806070127,0.0401465630162,0.0551667110328
362,0.714756539479,0.495621058583,0.455713737562,0.0308701699016,0.0507038006375
363,0.707372571415,0.291847999876,0.455713737562,0.042638492057,0.0507038006375
364,0.746560142624,0.0863646157055,0.455713737562,0.0533020973347,0.0507038006375
365,0.674858778827,-0.802604449302,0.455713737562,0.127011081954,0.0507038006375
366,0.671642254818,0.358349631257,0.344666904947,0.0318554631876,0.0610485343758
367,0.725931374727,-1.054578507,0.344666904947,0.086894071041,0.0610485343758
368,0.692276194121,-0.435762957352,0.353985836441,0.064487558297,0.0601804153781
369,0.75040689981,-1.47147916423,0.353985836441,0.0961049174305,0.0601804153781
370,0.649300920329,-1.07952918278,0.27546642826,0.084639603002,0.0674950082557
371,0.645692957167,-0.266268125287,0.314843090011,0.0568720292047,0.0638268164511
372,0.59069089545,-1.21452878887,0.314843090011,0.0901151337768,0.0638268164511
373,0.69590713644,0.562649937367,0.317957518691,0.0210145699863,0.0635366871905
374,0.671729707504,-0.0499262067556,0.317957518691,0.0505837756555,0.0635366871905
375,0.730772739953,-0.77412566577,0.317957518691,0.128307197153,0.0635366871905
376,0.622156606583,-0.609932468937,0.327443000908,0.0713533487499,0.0626530529111
377,0.643566230266,-0.302179355123,0.255943107442,0.0564338354899,0.0693137323993
378,0.687665745657,0.471297387988,0.42545347502,0.0315925537267,0.0535227406421
379,0.718044929681,-0.282282860815,0.42545347502,0.0624081963692,0.0535227406421
380,0.675113541556,-0.0877987860757,0.432881779689,0.0472099107489,0.0528307458134
381,0.651657683617,-1.13885495562,0.432881779689,0.0888840463964,0.0528307458134
382,0.717364427179,0.631842749558,0.387867885845,0.0189738420259,0.0570240824028
383,0.705032769469,0.44754673092,0.387867885845,0.0312584214678,0.0570240824028
384,0.619730822854,-0.481766460621,0.387867885845,0.0765222325754,0.0570240824028
385,0.601900030171,-0.392152979479,0.155836100321,0.0786657350091,0.0786393503356
386,0.611441568075,-0.586842280501,0.155836100321,0.07766127088,0.0786393503356
387,0.607793198993,-0.361864268721,0.304442389967,0.0792362181159,0.0647957092157
388,0.64240041354,0.195852730577,0.472398299373,0.0440259417607,0.0491495253339
389,0.674034093359,-0.188157174545,0.472398299373,0.0671258757893,0.0491495253339
390,0.654327733356,0.272507442585,0.393626893289,0.0429776938104,0.056487593453
391,0.633893151304,0.0978070095955,0.393626893289,0.0493225132318,0.056487593453
392,0.659933151806,0.376368281054,0.402207050034,0.0375822572374,0.0556882961216
393,0.740510759902,0.115527592256,0.402207050034,0.0465044089278,0.0556882961216
394,0.664246720475,0.276414907724,0.492573269102,0.0434283169683,0.0472700958616
395,0.589086964828,0.174488993437,0.492573269102,0.0467825436686,0.0472700958616
396,0.631036379425,0.0553623434641,0.492573269102,0.0550626923378,0.0472700958616
397,0.691271690733,0.127765912977,0.463961724139,0.0506463912955,0.0499354471149
398,0.691271690733,0.127765912977,0.463961724139,0.0506463912955,0.0499354471149
399,0.64074255684,-0.373427087229,0.463961724139,0.0720875891446,0.0499354471149
400,0.681039581475,-0.256202655031,0.334043689741,0.0598484581255,0.062038155873
401,0.681039581475,-0.256202655031,0.334043689741,0.0598484581255,0.062038155873
402,0.65741457322,-0.287620400492,0.334043689741,0.0657440346127,0.062038155873
403,0.660116702222,-0.305636505762,0.334043689741,0.0655703430984,0.062038155873
404,0.681039581475,-0.256202655031,0.334043689741,0.0598484581255,0.062038155873
405,0.610816497774,-0.659533366207,0.334043689741,0.0773622995276,0.062038155873
406,0.663386771287,-0.129885233053,0.368845814818,0.0603041637293,0.0587961118726
407,0.587567230895,-0.218870955105,0.368845814818,0.0699962571909,0.0587961118726
408,0.663386771287,-0.129885233053,0.368845814818,0.0603041637293,0.0587961118726
409,0.76025766381,0.0183485245812,0.449394715815,0.0497459227013,0.0512924585571
410,0.774176322093,0.336082714451,0.459565296528,0.0348522907342,0.0503450029028
411,0.749513921042,0.331651251996,0.459565296528,0.0364254295212,0.0503450029028
412,0.672727731803,-0.0524237887188,0.459565296528,0.055650667166,0.0503450029028
413,0.753964181952,-0.00851119939449,0.37098475266,0.0461007036047,0.0585968559196
414,0.667025564169,-1.18073635357,0.37098475266,0.0938027908429,0.0585968559196
415,0.701120265979,0.145954268846,0.47789904003,0.0417279709896,0.0486370956129
416,0.718237317404,0.0383956850773,0.47789904003,0.0581060329599,0.0486370956129
417,0.582757785801,-0.250815030473,0.47789904003,0.0572571248289,0.0486370956129
418,0.585684911976,-0.41981053594,0.47789904003,0.0722852267247,0.0486370956129
419,0.613624576723,-0.561081785274,0.47789904003,0.0717977166744,0.0486370956129
420,0.746891178007,0.300159143992,0.522798722652,0.0377221469911,0.0444543985406
421,0.768955369352,0.228548772035,0.522798722652,0.0439532331728,0.0444543985406
422,0.73456796227,0.0799298471488,0.522798722652,0.0455466140135,0.0444543985406
423,0.736399007658,-0.151354596196,0.522798722652,0.0562096204867,0.0444543985406
424,0.700795714603,0.508114731804,0.479137415448,0.0290018728498,0.0485217328991
425,0.694347988008,0.543992678464,0.437499505752,0.0264326469374,0.0524005746372
426,0.700495957594,0.133586280849,0.437499505752,0.0476786987212,0.0524005746372
427,0.692376916396,0.474989546588,0.445503931271,0.0304040272769,0.051654910409
428,0.660917972567,0.205097547426,0.445503931271,0.0504889130935,0.051654910409
429,0.751085272294,-1.22435823968,0.445503931271,0.0916109574817,0.051654910409
430,0.714172131298,0.413248615238,0.419710990196,0.0319291025832,0.0540576904025
431,0.682409733489,0.156750020789,0.419710990196,0.0460700599327,0.0540576904025
432,0.719990536656,0.360267579979,0.38646359566,0.0382105111605,0.0571549011547
433,0.651871494919,0.337443626842,0.38646359566,0.0438620713416,0.0571549011547
434,0.756352073722,-0.032310990534,0.38646359566,0.0670044652097,0.0571549011547
435,0.704039351187,0.267068359764,0.454540990479,0.039219436668,0.0508130496456
436,0.678594195671,0.28036534119,0.485230676407,0.0402989896503,0.0479541060633
437,0.657156066225,0.138108677706,0.485230676407,0.051117791762,0.0479541060633
438,0.66389662298,0.266940149844,0.373914109747,0.0426485529454,0.05832396728
439,0.744398327686,0.000459897229684,0.373914109747,0.0541151552969,0.05832396728
440,0.66389662298,0.266940149844,0.373914109747,0.0426485529454,0.05832396728
441,0.670929283933,-0.142891278936,0.373914109747,0.0593766723372,0.05832396728
442,0.693695093294,-0.100611187344,0.396683432032,0.0625784969644,0.056202857016
443,0.714595675627,0.377736054774,0.40880900252,0.036034553268,0.055073281366
444,0.718481990842,0.614460112762,0.404299641976,0.0218353650491,0.0554933575903
445,0.752362047125,0.647786129999,0.484312301119,0.0190798725261,0.0480396586865
446,0.660940151094,0.411532421494,0.484312301119,0.0356507590602,0.0480396586865
447,0.756154811889,0.386636363573,0.484312301119,0.0298785646214,0.0480396586865
448,0.70557289914,0.291536095233,0.484312301119,0.0361689332018,0.0480396586865
449,0.699436772642,0.176380302881,0.484312301119,0.0434845417964,0.0480396586865
450,0.770502553161,0.527426640086,0.478956659024,0.0281570044635,0.0485385715341
451,0.769485794589,0.597280632685,0.450706112375,0.0245361557773,0.0511702934496
452,0.703718618251,0.057625456305,0.450706112375,0.0431560092502,0.0511702934496
453,0.746258902263,0.208247762288,0.441487031125,0.0372395340452,0.0520291107486
454,0.697190329372,-0.270094873845,0.441487031125,0.0597149478818,0.0520291107486
455,0.734810088348,-0.135255283757,0.38880128027,0.0478619107722,0.0569371306493
456,0.72166777882,-0.23104868082,0.38880128027,0.0619552802858,0.0569371306493
457,0.697070592557,-0.634087403709,0.38880128027,0.0681842519785,0.0569371306493
458,0.758887690593,-1.19827317869,0.38880128027,0.0958204967038,0.0569371306493
459,0.71071229506,-0.282720772771,0.528142547939,0.0570577209778,0.0439565865055
460,0.679963922641,-0.592618999409,0.528142547939,0.066375831295,0.0439565865055
461,0.663227593142,0.291334198484,0.452298859179,0.0443608103029,0.0510219187395
462,0.667877690305,0.0157600036869,0.452298859179,0.0595732530001,0.0510219187395
463,0.65833895745,0.106672371736,0.237560394971,0.0558082617198,0.0710262014668
464,0.666619317045,0.24497062208,0.52250735865,0.0429559294457,0.0444815409899
465,0.664727413024,0.175605536793,0.52250735865,0.0446613347672,0.0444815409899
466,0.675692451947,0.0601399984427,0.52250735865,0.0568846916188,0.0444815409899
467,0.685432804573,0.366849609127,0.527467696429,0.0350482721577,0.044019453307
468,0.719145421619,-0.21865422036,0.527467696429,0.0560164461576,0.044019453307
469,0.669981729839,-0.0934710521423,0.514407803667,0.0590102422001,0.0452360671455
470,0.652102203789,0.169451340991,0.495299441385,0.0461344528841,0.0470161352062
471,0.66391458923,-0.39150831569,0.495299441385,0.0653449909438,0.0470161352062
472,0.632295284238,-0.0101490954773,0.40290914385,0.0533317688538,0.0556228915224
473,0.613825408218,-0.457058655674,0.40290914385,0.0719975085911,0.0556228915224
474,0.654624164839,0.0507440057061,0.446977472464,0.0453591993857,0.0515176404759
475,0.598826733029,0.121391798291,0.313492625962,0.0476812599613,0.063952620949
476,0.654624164839,0.0507440057061,0.313492625962,0.0453591993857,0.063952620949
477,0.610174733542,0.182913115155,0.414143575422,0.0386461710938,0.0545763312507
478,0.58540971307,0.138864669155,0.414143575422,0.0442831952337,0.0545763312507
479,0.647471639648,0.368219402783,0.497851080524,0.034567126005,0.0467784334468
480,0.71171959414,0.293833932093,0.497851080524,0.0398152654134,0.0467784334468
481,0.706097830384,0.518151731137,0.480113450483,0.0278304134203,0.048430808896
482,0.702385746829,0.407114261064,0.480113450483,0.0364766097642,0.048430808896
483,0.714163018631,0.172718628663,0.480113450483,0.0466549069088,0.048430808896
484,0.710457883931,0.199382705113,0.492007640821,0.0429514147011,0.0473227878099
485,0.6150264892,-0.0574829354931,0.492007640821,0.0676302713305,0.0473227878099
486,0.692331053781,0.0896956410745,0.453470756551,0.0445452045471,0.0509127488875
487,0.75308022952,0.268804460785,0.357313224687,0.034217806351,0.0598704475507
488,0.758176279756,0.082242838299,0.357313224687,0.0429712876779,0.0598704475507
489,0.596832907177,-0.0399182530909,0.357313224687,0.0579623974279,0.0598704475507
490,0.687904333001,0.10792030826,0.347076904385,0.0473676412714,0.0608240272746
491,0.625724629363,-0.901442974072,0.347076904385,0.0894397498877,0.0608240272746
492,0.718205901482,0.384983890668,0.3916873419,0.0293975594171,0.0566682752628
493,0.689795120424,0.247618270126,0.3916873419,0.0408776391518,0.0566682752628
494,0.69563854834,0.525591697901,0.352405058842,0.025292244808,0.0603276750791
495,0.733739514117,0.568008831346,0.448197958816,0.0236390443352,0.0514039442448
496,0.752416618848,0.531393412874,0.448197958816,0.0231636356039,0.0514039442448
497,0.739973599989,0.587996537692,0.430987085996,0.0202145529002,0.0530072488374
498,0.746914199149,0.543605794794,0.430987085996,0.0251579860865,0.0530072488374
499,0.785143939999,-0.429799627241,0.430987085996,0.064210549836,0.0530072488374
