generation,train,validation,test,validmse,testmse
0,0.606403590325,-0.0700689552385,0.393402337283,0.0613015438966,0.0565085123034
1,0.618373875687,-0.424131461122,0.393402337283,0.0681203448331,0.0565085123034
2,0.664922659307,-0.320675295687,0.458468246966,0.0712303021898,0.0504472001953
3,0.6857617672,-1.07039833982,0.458468246966,0.0943138512182,0.0504472001953
4,0.646593402713,0.103910398816,0.42351215062,0.0545603075874,0.0537035876195
5,0.597585357339,0.101213326119,0.42351215062,0.0561133412747,0.0537035876195
6,0.705977112444,-1.91784305366,0.42351215062,0.122349955249,0.0537035876195
7,0.619885180518,0.0376622842522,0.373495285812,0.0607086424639,0.0583629834498
8,0.710374320723,-0.137106189986,0.373495285812,0.0615260786324,0.0583629834498
9,0.625520096979,-0.0531171305059,0.469690644652,0.053148186366,0.0494017609582
10,0.608193858782,-0.336277278127,0.469690644652,0.0656606058939,0.0494017609582
11,0.714964565422,0.246399550239,0.517016860159,0.0365434705015,0.0449930165866
12,0.635393021165,-0.382648138454,0.517016860159,0.0694612478316,0.0449930165866
13,0.624227303325,-0.483083293265,0.517016860159,0.0725931986545,0.0449930165866
14,0.66221170201,-0.304053343685,0.424698509927,0.0684486830158,0.0535930705442
15,0.699992335808,-0.206626678391,0.447832331692,0.0623143476421,0.0514380047862
16,0.67246082728,-0.0331534887061,0.433824099814,0.0574070341709,0.0527429625731
17,0.725371124878,-0.061318992314,0.433824099814,0.0547355209795,0.0527429625731
18,0.645865500137,-0.0373822750637,0.309878773716,0.0638032463371,0.0642892747587
19,0.659647316829,0.143959531626,0.404368356276,0.0469234222874,0.0554869564069
20,0.615929354201,0.0561601046545,0.404368356276,0.0554914587224,0.0554869564069
21,0.685925599259,0.255713259198,0.464428593751,0.0446364825509,0.0498919551781
22,0.685925599259,0.255713259198,0.464428593751,0.0446364825509,0.0498919551781
23,0.761286477776,0.378467415902,0.463027597459,0.0369280194836,0.0500224670826
24,0.68926016263,0.270959605628,0.463027597459,0.0400448563459,0.0500224670826
25,0.632051512123,0.155431522884,0.463027597459,0.0508406787877,0.0500224670826
26,0.735590463023,0.399582714326,0.482851317637,0.0330890064046,0.0481757587874
27,0.761286477776,0.378467415902,0.482851317637,0.0369280194836,0.0481757587874
28,0.729840839075,-0.0517249520187,0.482851317637,0.0634789835276,0.0481757587874
29,0.715823383897,0.0131632290817,0.469017656824,0.0454488005988,0.0494644541456
30,0.730376462355,-0.58763866417,0.469017656824,0.0714019856733,0.0494644541456
31,0.737214571963,-0.302393003096,0.484445793853,0.0578212714012,0.0480272229713
32,0.76422585581,-1.11895494646,0.484445793853,0.0898673477746,0.0480272229713
33,0.739396098715,0.022366861966,0.373195807635,0.047561257278,0.0583908817872
34,0.629126056425,-0.781937724058,0.373195807635,0.0754516217856,0.0583908817872
35,0.673293664008,-0.0206450585882,0.409264209426,0.0506562091699,0.055030875886
36,0.65724254314,-0.254303455505,0.409264209426,0.0644699782262,0.055030875886
37,0.658815014785,0.119402851826,0.386802837989,0.0471744957267,0.0571232985283
38,0.73532898811,0.0165325692699,0.386802837989,0.0459379060796,0.0571232985283
39,0.663000449129,0.276920536768,0.344118516703,0.0380129233986,0.0610996203027
40,0.711714230898,0.0406981258663,0.344118516703,0.0476448998438,0.0610996203027
41,0.661076681378,0.431024027116,0.330955408159,0.0328227543669,0.0623258493616
42,0.741445032917,0.399297438477,0.330955408159,0.028328459502,0.0623258493616
43,0.615409792675,0.123089370573,0.330955408159,0.0451190218601,0.0623258493616
44,0.617267866716,0.248529904592,0.271602118773,0.0419666834022,0.0678549937841
45,0.643613262653,-0.186952416701,0.271602118773,0.0687739206743,0.0678549937841
46,0.595209567429,0.0816752984103,0.400768110129,0.0490400277768,0.0558223427201
47,0.674130197728,0.309724275092,0.580026271047,0.0412081338115,0.0391232806987
48,0.645449676634,0.130837597259,0.580026271047,0.0420338219287,0.0391232806987
49,0.730381999499,0.301476652144,0.552924826733,0.0422096348498,0.041647956268
50,0.77639991475,0.263905700535,0.552924826733,0.0433766395233,0.041647956268
51,0.711391888491,0.368832339182,0.57302535135,0.0383194696079,0.0397754618414
52,0.719001350691,0.112167293039,0.57302535135,0.0524834993351,0.0397754618414
53,0.720520165981,-0.162817808791,0.57302535135,0.0670490910882,0.0397754618414
54,0.775753713973,0.157326899001,0.593878891823,0.0415011560821,0.0378328190968
55,0.697437002761,-0.103731541545,0.593878891823,0.0646672510641,0.0378328190968
56,0.802483898194,0.303463527761,0.547941210847,0.0342665780845,0.0421122124578
57,0.728509328676,0.0635119960943,0.547941210847,0.0500771299125,0.0421122124578
58,0.799362611328,0.195669096384,0.577175622839,0.0507186444262,0.0393888370951
59,0.81338243019,-0.629226564847,0.577175622839,0.0714182916677,0.0393888370951
60,0.785623901005,0.0730345065673,0.460451757474,0.0528569891436,0.0502624233079
61,0.781621814032,0.22194037146,0.4769388627,0.0424046660655,0.0487265423678
62,0.771172282201,0.202152392472,0.4769388627,0.0445319243564,0.0487265423678
63,0.760739704533,-0.331192770198,0.4769388627,0.0605539193217,0.0487265423678
64,0.793609433124,-0.0308429966096,0.496812897225,0.048510860797,0.0468751469644
65,0.742395623114,-0.342005798883,0.496812897225,0.0696117771265,0.0468751469644
66,0.735543859393,-0.0415959399672,0.542107934651,0.057873943756,0.0426556200242
67,0.707789328257,-0.169989609052,0.542107934651,0.0674055016694,0.0426556200242
68,0.783697139212,-0.193606908787,0.542107934651,0.0590397945356,0.0426556200242
69,0.563843874417,0.285857296508,0.357011920236,0.0449287221991,0.0598985160173
70,0.602159858342,0.291297957704,0.369404675175,0.0507292166089,0.0587440504004
71,0.662870149869,0.119183635208,0.369404675175,0.0594686142065,0.0587440504004
72,0.568269345773,0.27272770607,0.386731741879,0.0480211204452,0.0571299215927
73,0.733434830188,0.0259578440902,0.386731741879,0.0491722266225,0.0571299215927
74,0.455333028131,-0.0245818525054,0.386731741879,0.0674675029237,0.0571299215927
75,0.518339831178,-0.0813227995934,0.386731741879,0.0616382220842,0.0571299215927
76,0.660149661506,0.256074361922,0.334666413343,0.0445585009955,0.0619801451247
77,0.714001049275,0.375457593369,0.421507149603,0.0354623065281,0.0538903664872
78,0.682310092576,0.369788476724,0.421507149603,0.0411976466037,0.0538903664872
79,0.686056674987,0.163474751082,0.421507149603,0.0464950038881,0.0538903664872
80,0.713356248453,0.267444353258,0.441807369568,0.0406235187482,0.0519992691419
81,0.665911464858,0.289842386808,0.460402308856,0.0395061219745,0.0502670297679
82,0.649973645692,0.0811424639046,0.460402308856,0.0466225806315,0.0502670297679
83,0.662326850167,0.242962948986,0.440344031183,0.0406435425343,0.0521355886173
84,0.602179336649,-1.83142333538,0.440344031183,0.114721639275,0.0521355886173
85,0.695196351797,0.137538590119,0.523023885033,0.0473862552959,0.0444334232024
86,0.690368551221,0.0554800345827,0.523023885033,0.0529405788021,0.0444334232024
87,0.717542066127,0.453133721847,0.540452062258,0.0309677363214,0.042809875293
88,0.683083744589,0.201396313599,0.540452062258,0.041993316453,0.042809875293
89,0.750937708619,-0.223748559525,0.540452062258,0.0660160550556,0.042809875293
90,0.699085065431,0.357643565526,0.405396339473,0.0332792001476,0.0553911930951
91,0.649861847004,-0.0248590284541,0.405396339473,0.0514785844418,0.0553911930951
92,0.684361099297,0.301793222572,0.352813004941,0.0352341393303,0.0602896722502
93,0.732412278282,0.15695157507,0.352813004941,0.0406137928441,0.0602896722502
94,0.746587578281,0.395538269938,0.141192824706,0.0307763667551,0.0800034665713
95,0.658906042317,0.366804124595,0.141192824706,0.0392869856844,0.0800034665713
96,0.735995345801,0.248582658832,0.141192824706,0.0410834203108,0.0800034665713
97,0.756288089784,0.459581148134,0.417487341706,0.0249077069654,0.0542648377026
98,0.750229327403,0.00210870711809,0.417487341706,0.0501581179397,0.0542648377026
99,0.737372562982,0.491178344964,0.502045588825,0.0264412338121,0.0463876877541
100,0.735164692615,0.358191795879,0.502045588825,0.0334594333132,0.0463876877541
101,0.700435745875,0.241023068031,0.502045588825,0.0381322234049,0.0463876877541
102,0.68342663739,0.176694389461,0.502045588825,0.0387837594542,0.0463876877541
103,0.737372562982,0.491178344964,0.502045588825,0.0264412338121,0.0463876877541
104,0.78962723292,0.188396756939,0.502045588825,0.035630730041,0.0463876877541
105,0.791874055233,0.553267532899,0.569708922785,0.0238138006563,0.0400844087034
106,0.685523287026,0.675130132346,0.259088191647,0.0209970242247,0.0690207473774
107,0.700122607339,0.637081843772,0.259088191647,0.0221926581076,0.0690207473774
108,0.607412177251,-0.308640005668,0.259088191647,0.0631141115418,0.0690207473774
109,0.631520219467,0.232565842177,0.353452451154,0.0452346713983,0.0602301036821
110,0.72946147184,-0.638484929994,0.353452451154,0.0715514754622,0.0602301036821
111,0.531287909753,-1.32168717268,0.353452451154,0.127964773038,0.0602301036821
112,0.708030174753,0.034595861659,0.346688581825,0.0504655824891,0.0608602020433
113,0.69915371906,-0.316095491427,0.346688581825,0.0615751263428,0.0608602020433
114,0.635681396394,-1.27959420931,0.346688581825,0.0992879715349,0.0608602020433
115,0.627445052024,-0.260439364129,0.242850173471,0.0671748878606,0.070533424241
116,0.58899746853,0.257972463493,0.379462061936,0.04893839881,0.057807139498
117,0.613054949568,-0.20235308521,0.379462061936,0.0682563306383,0.057807139498
118,0.6403905338,-0.459322607926,0.379462061936,0.0721884505827,0.057807139498
119,0.503023490422,-0.14819520606,0.148607523646,0.0640927720964,0.0793127392045
120,0.638746361021,0.122876352445,0.317593923915,0.0530227711372,0.0635705584055
121,0.639522304411,-0.31521315934,0.317593923915,0.087206479674,0.0635705584055
122,0.775382297775,0.358410253535,0.578290891412,0.0381790669394,0.0392849425835
123,0.731148705645,0.225867663572,0.578290891412,0.0466026880625,0.0392849425835
124,0.770117685184,0.373581616092,0.577371708628,0.0375770709455,0.0393705704302
125,0.708848652876,-0.187279374296,0.577371708628,0.0668797253056,0.0393705704302
126,0.771436294124,0.0754859939877,0.499050680167,0.0508827602703,0.0466666829483
127,0.768626390496,0.0701942758026,0.499050680167,0.0498321299569,0.0466666829483
128,0.685164965486,0.190774782193,0.328811360174,0.050174487583,0.0625255813576
129,0.645369832875,-0.280404513269,0.328811360174,0.0683380219959,0.0625255813576
130,0.707304306961,0.324119341935,0.404022319086,0.0402326024269,0.0555191920188
131,0.68488219046,0.357779327419,0.424025093661,0.0392137926985,0.0536558036435
132,0.631617522511,-0.197898354711,0.424025093661,0.064304594765,0.0536558036435
133,0.6866399111,0.243624037241,0.419435022712,0.0404312110472,0.0540833985662
134,0.736150057241,0.00711261001558,0.419435022712,0.0604641271169,0.0540833985662
135,0.673217906877,0.0843285968248,0.501171816527,0.05148379704,0.046469085319
136,0.646503041407,0.202767938492,0.434884278864,0.0377702924901,0.0526442000084
137,0.742527989026,0.28498916733,0.395125664774,0.0367794775996,0.0563479731542
138,0.729594026809,-0.562502176902,0.395125664774,0.0657840790215,0.0563479731542
139,0.75426936571,0.376821357388,0.309734044502,0.0340139526087,0.064302757225
140,0.788207710529,0.367211364789,0.309734044502,0.0336264180385,0.064302757225
141,0.731043377377,0.33987358263,0.309734044502,0.0347987367545,0.064302757225
142,0.680323643637,0.209735947394,0.309734044502,0.0430673980509,0.064302757225
143,0.735020750997,0.504311396563,0.179156031103,0.0315832023376,0.0764669473138
144,0.68131938505,-0.830354730994,0.179156031103,0.0791849348541,0.0764669473138
145,0.691764112677,0.303543453133,0.0687318503542,0.0402735110713,0.0867536769865
146,0.702360338875,0.302044508443,0.0687318503542,0.039834410435,0.0867536769865
147,0.707509712836,-0.287644074387,0.0687318503542,0.0613874139386,0.0867536769865
148,0.642044369835,-1.56486507075,0.0687318503542,0.114341305083,0.0867536769865
149,0.634105004609,-0.262667623672,0.154646007418,0.073662921668,0.0787502152195
150,0.472604889126,-0.302158840283,0.154646007418,0.0771520154106,0.0787502152195
151,0.680577950632,-0.292734491142,0.11574277932,0.0663323642799,0.0823743036042
152,0.641801291935,-1.43555289357,0.11574277932,0.113773645215,0.0823743036042
153,0.664128907235,-0.533205721754,0.420308328834,0.0762698547705,0.0540020444286
154,0.658392364927,-0.58452346247,0.420308328834,0.0763266138107,0.0540020444286
155,0.613019261279,-0.985697455683,0.420308328834,0.0936189257834,0.0540020444286
156,0.680616102095,-0.575565226031,0.436373565403,0.068345913467,0.052505463294
157,0.685545295632,-0.0762886689482,0.414191742769,0.0521550174448,0.0545718441494
158,0.681675324842,-0.131436004393,0.414191742769,0.0552074229086,0.0545718441494
159,0.614776962705,-0.515259306638,0.414191742769,0.0764750479702,0.0545718441494
160,0.628402876286,-0.146605406771,0.35073034314,0.0549820790895,0.0604836857244
161,0.606017021302,-0.305650821695,0.35073034314,0.0575124478922,0.0604836857244
162,0.641310268255,0.274927018384,0.0139243457193,0.0383991833131,0.0918593520333
163,0.650926158958,-0.121037681185,0.0139243457193,0.0544889025385,0.0918593520333
164,0.63274565266,0.220381863434,0.101487548259,0.037474017331,0.0837022709692
165,0.599218164097,-0.667992077182,0.101487548259,0.0880254577507,0.0837022709692
166,0.640096749899,-0.182681760037,0.304537301038,0.057467662881,0.0647868676329
167,0.650985535371,-0.426451989963,0.304537301038,0.0593849027358,0.0647868676329
168,0.630947081373,-0.204409829705,0.391780053854,0.0555640034146,0.0566596385421
169,0.673001640854,-0.127995983532,0.356592524127,0.0560100402633,0.059937585489
170,0.753653061886,0.379264696666,0.524439839415,0.0385368126161,0.0443015178547
171,0.750959257932,0.00572152877119,0.524439839415,0.0531581450867,0.0443015178547
172,0.767261927729,0.237305518972,0.540128346154,0.0501471805765,0.0428400315507
173,0.747983621098,0.176940185608,0.540128346154,0.0522017713808,0.0428400315507
174,0.769176910164,0.363179120539,0.522819221862,0.0366028039085,0.0444524889061
175,0.802011845603,0.121251770229,0.522819221862,0.0478737070259,0.0444524889061
176,0.666980396239,-0.289444992812,0.522819221862,0.0945562547848,0.0444524889061
177,0.765309316659,0.450325848276,0.472626980782,0.031427207277,0.0491282221753
178,0.706703909436,-0.0416970088447,0.472626980782,0.0595126643336,0.0491282221753
179,0.773902849333,0.434267058227,0.436078553351,0.0385921209033,0.0525329455828
180,0.61657813912,-0.361883597789,0.436078553351,0.0733780144132,0.0525329455828
181,0.762065724027,0.390897650717,0.519568790251,0.0374868902759,0.0447552877231
182,0.756872547752,0.0957704066326,0.519568790251,0.0512169121437,0.0447552877231
183,0.800669554875,0.525067579147,0.580883746954,0.0294875165233,0.0390434012484
184,0.751278946542,0.197610710243,0.580883746954,0.0441120437801,0.0390434012484
185,0.762065724027,0.390897650717,0.519568790251,0.0374868902759,0.0447552877231
186,0.779305192216,0.342263944636,0.519568790251,0.0412267392098,0.0447552877231
187,0.731848629249,0.00641873821417,0.519568790251,0.0766901669219,0.0447552877231
188,0.71833048826,0.174891897709,0.489224877794,0.0388312061031,0.0475820202607
189,0.72621077261,0.295407244645,0.513121653024,0.0353882093561,0.0453558804318
190,0.676949856543,0.13663594163,0.513121653024,0.0447041869298,0.0453558804318
191,0.654902673594,0.142872716932,0.489374196756,0.0462067119831,0.0475681102295
192,0.732775244913,-1.08947121071,0.489374196756,0.0861743364782,0.0475681102295
193,0.655574212033,0.346572412237,0.3528763953,0.0375911609059,0.0602837670265
194,0.653424137804,0.211962010157,0.3528763953,0.04316009943,0.0602837670265
195,0.637801836949,-0.077994634818,0.3528763953,0.0548857551284,0.0602837670265
196,0.679711262914,0.295871921099,0.413165142505,0.0421268583484,0.0546674786321
197,0.741252141928,0.490561682505,0.438959986487,0.0291367029302,0.0522645213705
198,0.67573592703,0.433076255399,0.438959986487,0.0302656576748,0.0522645213705
199,0.727473825884,0.459322924068,0.473583866179,0.034761482327,0.0490390820854
200,0.762752009556,0.161712106622,0.473583866179,0.0462992702001,0.0490390820854
201,0.728115904452,-0.154016063129,0.473583866179,0.0551575263172,0.0490390820854
202,0.710758228694,0.319071687668,0.454807562105,0.0395801097874,0.0507882167672
203,0.670040693209,-0.0126476778338,0.454807562105,0.0524883363309,0.0507882167672
204,0.710758228694,0.319071687668,0.454807562105,0.0395801097874,0.0507882167672
205,0.707890476992,-0.519246709525,0.454807562105,0.0650649110329,0.0507882167672
206,0.753631950532,0.0421183742486,0.552806917796,0.0511770959931,0.0416589402514
207,0.713675752146,-0.536586599346,0.552806917796,0.0684327518834,0.0416589402514
208,0.675993415233,0.490285701341,0.394880591448,0.0347919743239,0.0563708033263
209,0.717003600519,-0.965363250479,0.394880591448,0.0881233399907,0.0563708033263
210,0.709771519121,0.487130341897,0.437281839783,0.032886545073,0.0524208516359
211,0.724281368047,0.508358850844,0.435523070297,0.0325048228671,0.0525846924373
212,0.689318196769,0.163376435433,0.435523070297,0.0546621346114,0.0525846924373
213,0.698824515003,0.320153917244,0.0766577235635,0.0392252440485,0.0860153304162
214,0.645210116894,0.160171987994,0.0766577235635,0.0472482445546,0.0860153304162
215,0.640977005072,0.263060511429,0.307177216844,0.0417983421001,0.0645409423286
216,0.678567088678,-0.838013019973,0.307177216844,0.0815203233779,0.0645409423286
217,0.666131917789,-0.0276584206226,0.224103378308,0.0568652144188,0.072279809976
218,0.60033298947,-0.154889529265,0.224103378308,0.0706447915988,0.072279809976
219,0.652197715778,-1.27680085441,0.224103378308,0.105827541232,0.072279809976
220,0.63906576312,0.284234037225,0.305439839933,0.0399928138883,0.0647027902726
221,0.655367215907,-0.699352783595,0.305439839933,0.0777172699624,0.0647027902726
222,0.528354040358,0.164049641949,0.193012030474,0.0511444287757,0.0751761709738
223,0.555128401444,-0.260274207561,0.193012030474,0.0711512041203,0.0751761709738
224,0.700731705309,0.146460594266,0.455509790474,0.0456904560754,0.0507227996335
225,0.744167303874,0.106405423936,0.455509790474,0.047072962565,0.0507227996335
226,0.665145619338,0.354169219757,0.423222636171,0.0384317891672,0.0537305577709
227,0.618251958603,0.165018922981,0.423222636171,0.0447874013389,0.0537305577709
228,0.719715534778,-1.23392417496,0.423222636171,0.0909300981509,0.0537305577709
229,0.684789862548,0.102807116434,0.39017287727,0.046752308207,0.0568093574799
230,0.757587984021,-0.132175773245,0.39017287727,0.0529029284263,0.0568093574799
231,0.600058586706,-0.0148729369129,-0.149277719286,0.0492033128079,0.107062684432
232,0.619720076817,-0.58387166825,-0.149277719286,0.0710790191679,0.107062684432
233,0.714958740883,-0.204440601516,-0.233433318906,0.0639903750159,0.11490232515
234,0.559206714238,-0.92331570866,-0.233433318906,0.0903848353564,0.11490232515
235,0.691614840492,-0.436669077781,0.00176667185112,0.0810972185795,0.0929919183216
236,0.568723059171,-1.08421001727,0.00176667185112,0.129727713055,0.0929919183216
237,0.711374115493,-0.743420456613,-0.0705903027149,0.0749080534371,0.0997324404812
238,0.735601952641,-1.24221391255,-0.0705903027149,0.0873728910814,0.0997324404812
239,0.664427192696,-0.409699598481,-0.095094908147,0.0759076511086,0.102015203641
240,0.687611273161,0.241212043914,-0.332757355276,0.041073393764,0.124155004275
241,0.663745971243,-0.53928600865,-0.332757355276,0.0665587833159,0.124155004275
242,0.630430310591,0.114396282519,0.0530771737258,0.0472384922464,0.0882120117959
243,0.630818116038,0.199244878642,0.184331665255,0.0464194664853,0.0759848033753
244,0.716436005537,-0.809191505566,0.184331665255,0.0781776176575,0.0759848033753
245,0.671606500794,0.158391908603,0.342835391713,0.0413074932923,0.0612191517298
246,0.694854012292,0.458668030099,0.462422830494,0.0287348259913,0.0500788050534
247,0.652881698793,0.0538565774475,0.462422830494,0.0524037112158,0.0500788050534
248,0.742131547315,0.380206808542,0.429631786762,0.0317713031309,0.0531335037641
249,0.673908938239,0.00635677021435,0.429631786762,0.0503894723737,0.0531335037641
250,0.694231945624,0.36345623096,0.330204990976,0.0339234021969,0.0623957555964
251,0.665976668729,0.116499626379,0.330204990976,0.0483375772854,0.0623957555964
252,0.617233231049,0.0537965928021,0.330204990976,0.0587398524131,0.0623957555964
253,0.664104719392,0.438066808619,0.269579472712,0.0329463689831,0.0680434164023
254,0.64018144365,0.152107775528,0.269579472712,0.0475977021302,0.0680434164023
255,0.661409878136,0.0747575648775,0.269579472712,0.0468635382067,0.0680434164023
256,0.742844559502,0.238637374408,0.116992940129,0.0396812052681,0.0822578430046
257,0.682274411575,-0.190162001908,0.116992940129,0.0642587299146,0.0822578430046
258,0.803201980816,0.558569227911,0.207381266041,0.0246691648695,0.0738375833486
259,0.696873280878,0.0861477760116,0.207381266041,0.0464997293389,0.0738375833486
260,0.718293567759,0.391631811855,0.0183426822751,0.0371016001842,0.0914477552847
261,0.703865619902,0.23112516561,0.0183426822751,0.0460596609884,0.0914477552847
262,0.697886614017,-0.460766776649,0.0183426822751,0.071123911198,0.0914477552847
263,0.688156236542,0.0325710028315,0.0089760409485,0.0512081481251,0.0923203187633
264,0.637569159693,0.283416315222,0.213371831814,0.0446246981125,0.0732795232363
265,0.639109247381,-0.417927323423,0.213371831814,0.0659483623727,0.0732795232363
266,0.66533993398,0.296775085359,0.27811953709,0.0398663006036,0.0672478539355
267,0.677771942027,0.279012942205,0.27811953709,0.0412767308892,0.0672478539355
268,0.694813243268,0.066984374375,0.27811953709,0.0514917025751,0.0672478539355
269,0.672577725626,0.153548663337,0.323625310211,0.0497046108026,0.0630086955965
270,0.653287500907,-0.0842616240812,0.323625310211,0.0658898599743,0.0630086955965
271,0.682582834258,0.325846923377,0.409564027085,0.0390207918467,0.0550029459237
272,0.682245103113,0.00376961634706,0.409564027085,0.0634142242052,0.0550029459237
273,0.654956023747,0.0496341567216,0.400659369541,0.0511374649794,0.0558324726122
274,0.647833549003,0.160040326381,0.373624231475,0.0441968626386,0.0583509713238
275,0.634354893229,-0.355729243892,0.373624231475,0.0697321429784,0.0583509713238
276,0.634630655544,-0.945526677291,0.373624231475,0.0841395630117,0.0583509713238
277,0.665896890778,0.255680770953,0.38579378837,0.0394834217129,0.0572172980544
278,0.705001869164,0.188538213022,0.38579378837,0.0380587869728,0.0572172980544
279,0.75257044682,0.151943339091,0.38579378837,0.0469179777776,0.0572172980544
280,0.601165721604,0.184269829956,0.366448312982,0.047229221928,0.0590194547411
281,0.638385759493,0.0905800113813,0.366448312982,0.0503320406217,0.0590194547411
282,0.69677931226,0.350768280207,0.4548431732,0.0384607047073,0.0507848993624
283,0.693661180249,0.434233728751,0.472396147572,0.0346799398487,0.0491497257882
284,0.658248092736,0.445270578699,0.40682183993,0.0376053928182,0.0552583984685
285,0.690080946331,0.43313198891,0.40682183993,0.0366502803672,0.0552583984685
286,0.710872419006,0.279687437765,0.40682183993,0.0405182862936,0.0552583984685
287,0.752067094281,-0.0746759015539,0.40682183993,0.0517910441228,0.0552583984685
288,0.716598056838,0.318782579385,0.480849678674,0.039196983247,0.048362224458
289,0.739312706664,0.428206980489,0.497626918185,0.0336563137913,0.0467993156246
290,0.688593009676,0.179648298477,0.497626918185,0.040390061166,0.0467993156246
291,0.694094061802,0.349680316311,0.384561291841,0.0385872755368,0.0573321131114
292,0.68832606554,0.345574339838,0.384561291841,0.0419908819027,0.0573321131114
293,0.662782763019,-0.0123819441186,0.384561291841,0.0528027160579,0.0573321131114
294,0.683613868087,0.0239959618732,0.303795019774,0.0550874059497,0.064856015954
295,0.697655133136,0.12451137136,0.34412637493,0.0503145084861,0.0610988882578
296,0.726533226846,0.0868635623263,0.34412637493,0.0488534246145,0.0610988882578
297,0.720421564348,0.117815156938,0.48989097797,0.0502659229391,0.0475199687028
298,0.604623402459,0.00098086625742,0.48989097797,0.0570857357241,0.0475199687028
299,0.682642454,-0.124765718317,0.48989097797,0.0565670206375,0.0475199687028
300,0.68478742626,0.0276984586577,0.396275665581,0.0518113408231,0.0562408431095
301,0.671695141003,-0.134196734866,0.396275665581,0.0608524061631,0.0562408431095
302,0.679493463683,-0.173042164993,0.396275665581,0.0608740547799,0.0562408431095
303,0.62321964934,-1.30050375051,0.396275665581,0.100226753754,0.0562408431095
304,0.650533304902,0.104929332152,0.36113426176,0.0519809954592,0.0595144931286
305,0.625235022126,0.0406446144427,0.36113426176,0.0627296359112,0.0595144931286
306,0.647594290818,0.134705216537,0.350940402668,0.051246505163,0.060464117315
307,0.629684265478,-0.144366905956,0.350940402668,0.0622999886104,0.060464117315
308,0.739032319987,0.225524594213,0.343385830928,0.0443183308205,0.0611678747416
309,0.713285654471,0.0969259549856,0.343385830928,0.0458266830304,0.0611678747416
310,0.648725567887,-0.548725258515,0.343385830928,0.0794170770939,0.0611678747416
311,0.670304482838,0.067766292256,0.424619836637,0.0568635752994,0.0536003994722
312,0.676581789233,0.118712015713,0.433324006218,0.0486263454603,0.0527895495398
313,0.656510596868,0.277916541078,0.415813302387,0.0376087494975,0.0544207853386
314,0.611923793432,-1.63957503457,0.415813302387,0.109833014637,0.0544207853386
315,0.654678088526,0.0386230794027,0.412208344779,0.0475491607561,0.0547566105549
316,0.640079295654,-0.0388137422873,0.412208344779,0.0544470211047,0.0547566105549
317,0.723661182904,0.102214118226,0.5550171225,0.0466928313112,0.0414530453273
318,0.654678088526,0.0386230794027,0.5550171225,0.0475491607561,0.0414530453273
319,0.73049680391,-0.0435184568312,0.5550171225,0.0539641567674,0.0414530453273
320,0.704329918746,0.0645428146562,0.559941451509,0.0470282806907,0.0409943120952
321,0.704837069592,-0.515361784963,0.559941451509,0.0707155130195,0.0409943120952
322,0.6974428848,0.540435380049,0.475577640074,0.0236249492819,0.048853349097
323,0.714288709259,-0.496942760247,0.475577640074,0.0630804396579,0.048853349097
324,0.590524149412,-0.0521800453082,0.401936305947,0.0537551429734,0.0557135176919
325,0.602918090779,-0.14803261656,0.401936305947,0.0585712663158,0.0557135176919
326,0.581228486854,-0.606986208607,0.401936305947,0.0689428022852,0.0557135176919
327,0.675795970859,0.107772446667,0.393152423951,0.0477977768645,0.0565317933536
328,0.657130510828,-1.03658891934,0.393152423951,0.086978916289,0.0565317933536
329,0.719301639796,0.249025573267,0.301710067433,0.0384150559766,0.065050242807
330,0.680111812261,-0.0990663959891,0.301710067433,0.0604008393071,0.065050242807
331,0.711493935162,0.105646883543,0.440920644782,0.0442384968556,0.0520818733152
332,0.69902179813,-0.175716313002,0.440920644782,0.0536783165718,0.0520818733152
333,0.712904645044,0.162289111318,0.455326729094,0.0412688024221,0.05073985299
334,0.701326736883,-0.538346077303,0.455326729094,0.0653809231414,0.05073985299
335,0.708355983294,0.216268399958,0.482153853104,0.0376601016533,0.0482407321388
336,0.692231508248,0.221544513309,0.470968697076,0.0411179546907,0.0492827020736
337,0.689667438301,0.256985610946,0.508158551371,0.0389482451031,0.0458182255875
338,0.659349894208,-0.395141199025,0.508158551371,0.0605510100137,0.0458182255875
339,0.703793676609,0.294029243069,0.338970103557,0.049696962585,0.0615792284276
340,0.728806081276,-0.0865619913024,0.338970103557,0.0566465315753,0.0615792284276
341,0.777033102381,-0.449090829495,0.338970103557,0.0967072516251,0.0615792284276
342,0.675914070156,0.303914442804,0.195849259795,0.0389870209082,0.074911864634
343,0.652291193033,0.0129080347638,0.195849259795,0.0719385084185,0.074911864634
344,0.670894876244,0.269633096302,0.0853727010143,0.0387478715909,0.0852034736605
345,0.709793939677,0.177109966566,0.0853727010143,0.0426591669334,0.0852034736605
346,0.670894876244,0.269633096302,0.0853727010143,0.0387478715909,0.0852034736605
347,0.565907728237,0.116208201396,0.0853727010143,0.0438157341518,0.0852034736605
348,0.659768044319,0.190621596706,0.324059008422,0.0436542879016,0.0629682937912
349,0.653290076148,0.208060454727,0.213028011799,0.0434355709747,0.0733115523039
350,0.638247646515,0.203591518659,0.213028011799,0.0417746405939,0.0733115523039
351,0.740350303314,0.0574714874637,0.213028011799,0.0513896747636,0.0733115523039
352,0.67972853056,0.188607228659,0.16523806452,0.0397646851574,0.0777634963021
353,0.663369618871,-0.0155049675286,0.16523806452,0.0486041167285,0.0777634963021
354,0.747506599389,0.245767111761,0.394291208432,0.0361262616975,0.0564257081825
355,0.704344559843,0.301038395486,0.445511275105,0.0385619600618,0.0516542262833
356,0.699154094694,-0.0996121166319,0.445511275105,0.0585186758764,0.0516542262833
357,0.623092647024,0.241514465007,0.442075650486,0.0410316105362,0.0519742770319
358,0.670522070659,0.141438364443,0.442075650486,0.0462751261158,0.0519742770319
359,0.61656414006,0.194659621156,0.395331015895,0.0443485820636,0.0563288433634
360,0.615392971066,-0.010376383539,0.395331015895,0.0497292712892,0.0563288433634
361,0.648778249945,0.173741265585,0.408754991927,0.0465336197112,0.0550783128036
362,0.618097266353,0.202233054647,0.412132939481,0.0484646743764,0.0547636350482
363,0.604318394165,-0.0173826764426,0.412132939481,0.053958777889,0.0547636350482
364,0.67387832235,0.382409600126,-0.407428057056,0.0355374905753,0.131111065153
365,0.739624325939,0.545074786535,0.316414599435,0.0320351268399,0.0636804201409
366,0.762900981195,0.41162659269,0.316414599435,0.0438467421134,0.0636804201409
367,0.706405188975,0.34523603149,0.316414599435,0.0414791577248,0.0636804201409
368,0.747530337958,0.394931811541,0.538646765777,0.037280136914,0.0429780503861
369,0.747517330519,0.409274825238,0.528190582135,0.0371492631406,0.0439521118081
370,0.711510649595,0.163714739248,0.528190582135,0.0421763820085,0.0439521118081
371,0.741211511287,0.355969325358,0.365193786834,0.0438496053811,0.0591363220002
372,0.711729382183,-0.701219007453,0.365193786834,0.0773070585295,0.0591363220002
373,0.69709892784,-0.0142030546156,0.379955686929,0.0592579361858,0.0577611551237
374,0.610246886957,0.310936036284,-0.0211928649338,0.0422155509627,0.0951307483017
375,0.646619712064,0.119918710468,-0.0211928649338,0.0471479344366,0.0951307483017
376,0.610246886957,0.310936036284,-0.0211928649338,0.0422155509627,0.0951307483017
377,0.723845499682,0.208621955213,-0.0211928649338,0.0427041864376,0.0951307483017
378,0.628215938708,0.000238739237178,-0.0211928649338,0.064872968503,0.0951307483017
379,0.668711722047,0.0479493432966,0.0914527079722,0.0513123802926,0.084637081521
380,0.612418573196,-0.252138232105,0.0914527079722,0.0695197783133,0.084637081521
381,0.758338600833,-0.0137926201497,0.519395097232,0.050638142887,0.044771468356
382,0.775129007258,-0.70932858396,0.519395097232,0.073632919585,0.044771468356
383,0.685360290283,0.196015083444,0.39094700542,0.0451331858751,0.0567372424146
384,0.699943124984,0.335889414981,0.322105179093,0.0389343767698,0.0631503056839
385,0.665438395885,0.0940702309833,0.322105179093,0.0554958615745,0.0631503056839
386,0.686147451331,0.105797293352,0.467336888081,0.0489216657909,0.049621028671
387,0.659111702742,0.222110778631,0.489965173502,0.0521918169641,0.0475130569071
388,0.723314552245,0.205517556417,0.489965173502,0.044836625051,0.0475130569071
389,0.654173802907,0.276038633115,0.531235196308,0.0449479685673,0.0436684862224
390,0.672759619217,-0.255987255014,0.531235196308,0.0679183769916,0.0436684862224
391,0.663145739557,0.272912235526,0.419103846395,0.0447977954618,0.0541142497912
392,0.687225378251,0.143953086835,0.419103846395,0.0483727776099,0.0541142497912
393,0.705086023803,-1.43756535807,0.419103846395,0.100365643375,0.0541142497912
394,0.639811694824,0.368688856917,0.431918789389,0.0387020973242,0.0529204546147
395,0.699943981322,-0.0496226462068,0.431918789389,0.0553959296733,0.0529204546147
396,0.68883697272,-0.136417351987,0.431918789389,0.0598880451397,0.0529204546147
397,0.717070647678,0.124819164615,0.54880207633,0.0472650999699,0.0420320172465
398,0.744244492202,0.26359354191,0.612367868277,0.049351473372,0.036110450849
399,0.610979019044,-0.122284166461,0.612367868277,0.0715555422385,0.036110450849
400,0.728054671248,0.176559488662,0.545021321585,0.0530738419142,0.042384219108
401,0.747763116657,0.195360107902,0.548295898733,0.0466277743823,0.0420791709774
402,0.776935701901,0.35975638993,0.545630381479,0.0363604434188,0.0423274812229
403,0.784021278345,0.0479048438766,0.545630381479,0.0446002430729,0.0423274812229
404,0.761599534221,0.353235172187,0.587513895842,0.0369873380658,0.0384257598148
405,0.745843590609,0.246039005877,0.587513895842,0.0419907498611,0.0384257598148
406,0.750680261779,0.343993848078,0.546173671413,0.0367432710025,0.0422768702367
407,0.679601249002,0.452492186013,0.383552133439,0.0308209325264,0.0574261227713
408,0.635358532739,0.383670885622,0.383552133439,0.0331493884169,0.0574261227713
409,0.714704335526,0.293911249684,0.383552133439,0.0350078996601,0.0574261227713
410,0.624140049759,0.395853716546,0.416135742245,0.0363090315993,0.0543907479714
411,0.638794955591,0.162084923883,0.416135742245,0.0490340733616,0.0543907479714
412,0.618384041587,0.202230355602,0.355836009153,0.0495703322095,0.0600080597726
413,0.672644510859,0.175743803965,0.355836009153,0.0413217192767,0.0600080597726
414,0.656610697721,-0.178806115572,0.355836009153,0.0610049543827,0.0600080597726
415,0.630940504576,0.305209193237,0.384333836429,0.041042988227,0.0573533020604
416,0.630557649175,-0.132921098086,0.384333836429,0.0638544448398,0.0573533020604
417,0.61173843783,0.239100501288,0.38383482761,0.0452703628077,0.0573997879732
418,0.556144710229,0.0825173340415,0.38383482761,0.0551090457926,0.0573997879732
419,0.598582297298,-0.771483234549,0.38383482761,0.0845403283434,0.0573997879732
420,0.61173843783,0.239100501288,0.38383482761,0.0452703628077,0.0573997879732
421,0.635218548867,0.253230887525,0.414011184334,0.0429105180247,0.0545886643404
422,0.667725734468,-0.645485873029,0.414011184334,0.0716075379157,0.0545886643404
423,0.630495633035,0.196372224515,0.342329802226,0.0443006672967,0.0612662506744
424,0.484403491227,-0.462223875402,0.342329802226,0.083299904596,0.0612662506744
425,0.591795286502,0.00534477710396,0.338808447324,0.0662151850324,0.0615942877557
426,0.606629484149,-0.366344695254,0.338808447324,0.0762597330601,0.0615942877557
427,0.591322978009,-0.501406940252,0.338808447324,0.084886615667,0.0615942877557
428,0.63583637553,-0.383809321199,0.362317701307,0.070316517613,0.059404248048
429,0.671001522486,-0.473316490228,0.362317701307,0.06614169426,0.059404248048
430,0.556494665395,-1.31338622653,0.362317701307,0.11768478486,0.059404248048
431,0.654238771338,0.0621514588992,0.439206501932,0.0626780724299,0.0522415568556
432,0.590906990549,-0.24645721491,0.439206501932,0.0699763664059,0.0522415568556
433,0.659327021081,-0.047280632918,0.421220937826,0.0700864183047,0.0539170289733
434,0.649430566882,-0.140851379129,0.421220937826,0.0775661569634,0.0539170289733
435,0.689022289902,0.0969012910809,0.501222562518,0.0806283221526,0.0464643580003
436,0.676080234012,0.00048644649117,0.501222562518,0.0719042488209,0.0464643580003
437,0.659401074444,-0.364759974577,0.501222562518,0.0895633561721,0.0464643580003
438,0.682362377067,-0.162115589067,0.43140348397,0.0942807695736,0.0529684586615
439,0.597840845301,-0.549671621517,0.43140348397,0.107496936891,0.0529684586615
440,0.650578440532,0.0571303449335,0.45326190794,0.0763239530794,0.0509322044922
441,0.659587676055,0.314605152909,0.44871990532,0.0515793954106,0.0513553215378
442,0.620444417448,0.454511029334,0.423353502961,0.0343497009834,0.0537183666794
443,0.648221757119,-0.122594081423,0.423353502961,0.0586982800822,0.0537183666794
444,0.653239973114,0.125567366578,0.414736321055,0.0465499816793,0.054521113145
445,0.653239973114,0.125567366578,0.414736321055,0.0465499816793,0.054521113145
446,0.640412338778,-0.326770357538,0.414736321055,0.0624571692086,0.054521113145
447,0.733341187918,0.0167461900048,0.536994992441,0.0535185364007,0.0431319238011
448,0.729853440378,-0.0857512450833,0.536994992441,0.0564710762344,0.0431319238011
449,0.615864308555,-0.409617698055,0.536994992441,0.075105333452,0.0431319238011
450,0.652905635876,-0.156621793725,0.386344566989,0.0628900963373,0.0571659894486
451,0.638734587611,-1.22455088878,0.386344566989,0.0933493576672,0.0571659894486
452,0.690257575983,-0.683871635774,0.404155387856,0.0787246633085,0.0555067957986
453,0.70656115326,0.402797396709,0.506810632218,0.0297331584497,0.0459437930117
454,0.670148131653,-0.00930821694854,0.506810632218,0.0549560654064,0.0459437930117
455,0.665918684422,-2.11548916367,0.506810632218,0.119502073715,0.0459437930117
456,0.714162885555,0.455295628922,0.444764871287,0.0276800345076,0.051723758647
457,0.701081156512,0.338343545053,0.444764871287,0.0360042122263,0.051723758647
458,0.670802927116,-0.00849032650646,0.444764871287,0.051706489449,0.051723758647
459,0.752548834423,0.597538442945,0.480379125416,0.0260994089925,0.0484060595504
460,0.788712137457,0.540972501298,0.480379125416,0.0279373299483,0.0484060595504
461,0.691606093436,0.10702858478,0.480379125416,0.0481546923991,0.0484060595504
462,0.700701562732,0.134932825761,0.425179192064,0.0494582342542,0.0535482918811
463,0.786164372127,0.474865904625,0.542924683852,0.0320860944799,0.0425795345312
464,0.664149414805,0.111175102027,0.542924683852,0.0523038600447,0.0425795345312
465,0.738021201668,0.399492282223,0.565708276481,0.0370774230682,0.040457094892
466,0.747756988011,0.133904133839,0.565708276481,0.0461852208886,0.040457094892
467,0.6495738221,-0.038610762565,0.565708276481,0.057129454867,0.040457094892
468,0.765391741858,0.375628989598,0.48099243569,0.0377372986916,0.0483489257147
469,0.765391741858,0.375628989598,0.48099243569,0.0377372986916,0.0483489257147
470,0.768732690818,0.260699602697,0.48099243569,0.0419214993363,0.0483489257147
471,0.775809737148,0.0222159013063,0.48099243569,0.0509590689794,0.0483489257147
472,0.776528118799,0.278612142708,0.571422363829,0.0398396742169,0.0399247905409
473,0.621588623458,-0.557723006922,0.571422363829,0.0718693917002,0.0399247905409
474,0.784198093434,0.304509218573,0.565863256285,0.0371504213296,0.0404426575165
475,0.670418458691,0.10400107408,0.565863256285,0.054012188599,0.0404426575165
476,0.76499615245,0.0736214538271,0.565863256285,0.0511202768694,0.0404426575165
477,0.761713412815,-0.0472749823303,0.565863256285,0.0525626153796,0.0404426575165
478,0.771198042047,0.226238949921,0.595780778352,0.0441095221378,0.0376556460133
479,0.728500238287,-0.038941044401,0.595780778352,0.0568166058942,0.0376556460133
480,0.752080330319,0.0746959070193,0.564599878666,0.0517126564409,0.0405603493477
481,0.676019485538,-0.0775131045915,0.564599878666,0.0539477923239,0.0405603493477
482,0.753682125274,0.0312716093815,0.588546567426,0.051514220213,0.0383295597493
483,0.608443227624,-0.19314162878,0.588546567426,0.0626906710038,0.0383295597493
484,0.680474201838,-0.35330287106,0.588546567426,0.0631837657763,0.0383295597493
485,0.751003455237,0.183310963646,0.588296720978,0.0452876998658,0.0383528345688
486,0.721461468855,-0.0930724631923,0.588296720978,0.0574155358816,0.0383528345688
487,0.618617728548,-0.0419456964044,0.348266029504,0.0579647022496,0.060713252546
488,0.668880332069,-0.142343436067,0.348266029504,0.0594189723956,0.060713252546
489,0.696688214469,-0.00666127594197,-0.0345698501012,0.0541002270364,0.0963769013573
490,0.663855019741,-0.288660160718,-0.0345698501012,0.0680248983852,0.0963769013573
491,0.645113005128,0.302630771016,-0.179804566177,0.0421221676632,0.1099064585
492,0.594697403759,0.228042305031,-0.179804566177,0.050988339631,0.1099064585
493,0.758879376887,0.0216505347498,-0.179804566177,0.0541448381572,0.1099064585
494,0.619042434377,-0.435397344746,-0.179804566177,0.0755828732992,0.1099064585
495,0.622738299745,-0.129935525391,0.216121176169,0.0624577978649,0.0730234039519
496,0.646437839045,0.164634754461,0.0681776502116,0.0419051487847,0.0868053043294
497,0.559043256944,0.0254366071573,0.0681776502116,0.055146176228,0.0868053043294
498,0.674081871226,0.33755823173,0.405225438097,0.0377240008708,0.0554071136683
499,0.620436782452,-0.144685714267,0.405225438097,0.064042689871,0.0554071136683
