generation,train,validation,test,validmse,testmse
0,0.653222148503,-0.0979830325323,0.393313893846,0.0667362224424,0.0565167513841
1,0.704827849842,-0.110584043485,0.393313893846,0.0562155399334,0.0565167513841
2,0.7242584164,-0.347385798751,0.393313893846,0.0708170332144,0.0565167513841
3,0.715721907861,0.10218445702,0.433514070689,0.0426868297991,0.0527718437998
4,0.731725426439,0.0693814881845,0.433514070689,0.0453658004317,0.0527718437998
5,0.666327218449,-0.0859694284406,0.433514070689,0.0610465991934,0.0527718437998
6,0.718914224271,0.27506999828,0.504793110874,0.0379233887826,0.0461317382293
7,0.718914224271,0.27506999828,0.504793110874,0.0379233887826,0.0461317382293
8,0.675460808673,-0.0824726381353,0.504793110874,0.0596474095526,0.0461317382293
9,0.714672870437,0.103533043876,0.48341438114,0.0430053349257,0.0481233057648
10,0.705515089708,0.1039548427,0.467482709592,0.0411866541553,0.0496074444502
11,0.739986971577,0.275081083789,0.466140687407,0.0351498461428,0.0497324625335
12,0.735060199767,0.302648276537,0.449352210146,0.0354756272082,0.0512964182362
13,0.706190441804,-0.528621454451,0.449352210146,0.0666436167104,0.0512964182362
14,0.714212721165,0.373541854937,0.387622913981,0.0349894176832,0.057046903123
15,0.653060128683,-0.325678173873,0.387622913981,0.0683301089878,0.057046903123
16,0.676684259734,0.426810743186,0.441594082705,0.0308810408874,0.0520191381985
17,0.671734123543,0.26517154689,0.441594082705,0.0379852412034,0.0520191381985
18,0.796924971932,0.361219363932,0.552892600187,0.034573951526,0.0416509583801
19,0.783981983177,0.30878436757,0.552892600187,0.0382023427818,0.0416509583801
20,0.760198702451,0.368232552851,0.547437835194,0.0360421485025,0.0421591051694
21,0.613729098788,-1.53040572883,0.547437835194,0.108511777669,0.0421591051694
22,0.666396773787,-0.0358597082788,0.440015969712,0.0453045223885,0.0521661496741
23,0.699469920365,-0.0309558623557,0.391213409996,0.0507243768857,0.056712425098
24,0.683335464788,-0.249517611533,0.391213409996,0.0569597274077,0.056712425098
25,0.681246769567,-0.731941631743,0.391213409996,0.0832054592284,0.056712425098
26,0.731591194304,0.377540274108,0.499572093655,0.035358161124,0.0466181098952
27,0.696246251087,0.510858007746,0.483144282519,0.0279745379311,0.0481484672057
28,0.75763170515,-0.146814522302,0.483144282519,0.0544871724071,0.0481484672057
29,0.669027441776,0.240046071783,0.54788851981,0.0445833610788,0.0421171209701
30,0.644046494472,0.343766816959,0.471286604353,0.0411808524058,0.0492530869458
31,0.688246915549,0.212488960332,0.471286604353,0.0463415154084,0.0492530869458
32,0.663770698914,0.262805268465,0.488711276688,0.0458060003494,0.0476298655397
33,0.646997527995,0.163687674968,0.488711276688,0.0487893419517,0.0476298655397
34,0.733879065517,-0.145379028736,0.488711276688,0.067123903545,0.0476298655397
35,0.641886829063,0.166368008601,0.467145278145,0.0492095228817,0.0496388783812
36,0.678936755075,0.259827726827,0.432844296076,0.0402177257621,0.0528342376553
37,0.664409941251,0.212019140491,0.432844296076,0.045522380186,0.0528342376553
38,0.639506916904,-0.0943338262654,0.432844296076,0.0528009151656,0.0528342376553
39,0.668730750972,0.16397244776,0.457338511706,0.0424917387249,0.0505524423726
40,0.672184068722,0.251420366665,0.443597200127,0.0391467495065,0.0518325347999
41,0.645438805788,0.13218276901,0.443597200127,0.0461045429327,0.0518325347999
42,0.62990333016,-0.307016426291,0.443597200127,0.0591160947685,0.0518325347999
43,0.664008216436,0.0270836000988,0.440580115528,0.0508751928976,0.052113595827
44,0.687469659578,-0.344526474172,0.440580115528,0.0596036217394,0.052113595827
45,0.582443940645,-0.345053677648,0.440580115528,0.0755425172254,0.052113595827
46,0.618356003477,0.0703184602846,0.443749340881,0.0563924474,0.0518183619005
47,0.721984386888,0.200011285496,0.477945671348,0.0585573264161,0.0486327516027
48,0.789271334716,0.237553274225,0.524229658708,0.0484821637197,0.0443210975527
49,0.720735720052,-0.249215242001,0.524229658708,0.0607934242559,0.0443210975527
50,0.781086906571,-0.556856844099,0.524229658708,0.0969179091534,0.0443210975527
51,0.659896185041,0.243516936194,0.435613831702,0.0449415922015,0.0525762374229
52,0.669363305172,0.0505761487543,0.435613831702,0.0580452759481,0.0525762374229
53,0.666799297836,0.286971263641,0.504031935651,0.0447979437753,0.0462026466453
54,0.695177578535,-0.06672001784,0.504031935651,0.0551226925983,0.0462026466453
55,0.738666755824,0.272868111438,0.505112380643,0.0538530721903,0.0461019961765
56,0.66613018133,-0.242064318228,0.505112380643,0.0670941900883,0.0461019961765
57,0.680546873807,0.202719336364,0.425747430259,0.0570783236415,0.0534953568024
58,0.67606270441,-0.472223103334,0.425747430259,0.0647442318252,0.0534953568024
59,0.65291337887,-0.000705144915092,0.227740972009,0.0761160948323,0.0719409444956
60,0.712317518191,-0.421296411858,0.227740972009,0.0946784571224,0.0719409444956
61,0.674652546546,0.0714021234699,0.364327009177,0.0793779279491,0.0592170679689
62,0.682234721058,-0.128932114996,0.364327009177,0.0994152018685,0.0592170679689
63,0.771948215597,-0.453242971228,0.364327009177,0.0722839038506,0.0592170679689
64,0.592863007425,0.0261324869971,0.349914061871,0.0566806668912,0.0605597276266
65,0.591317911832,0.0872383030473,0.37310990597,0.0544173163089,0.0583988840853
66,0.584155445162,0.183491575168,0.328229835256,0.0443107246883,0.0625797541809
67,0.579971216084,0.169685078631,0.328229835256,0.0458763424519,0.0625797541809
68,0.620331580605,0.417652216323,0.365105254638,0.0324335335805,0.0591445693493
69,0.604139241434,-0.708904694629,0.365105254638,0.0736479276465,0.0591445693493
70,0.62907532556,0.443140824694,0.424813276016,0.0288496226813,0.0535823793377
71,0.578320952921,-0.306476344284,0.424813276016,0.0622915466803,0.0535823793377
72,0.693009076179,0.573141791693,0.492135316616,0.0272303604506,0.0473108939803
73,0.731528127491,0.0945746268589,0.492135316616,0.0461594867044,0.0473108939803
74,0.672606758025,0.0661727551716,0.492135316616,0.0506901035139,0.0473108939803
75,0.644806420156,0.159371544381,0.440191667323,0.0464880206626,0.0521497823005
76,0.639493419113,0.134589554735,0.440191667323,0.0477145341469,0.0521497823005
77,0.650697734664,-0.0351119947227,0.440191667323,0.0537001927684,0.0521497823005
78,0.606460466056,-0.0534422101872,0.440191667323,0.0473719809636,0.0521497823005
79,0.647958462944,0.431837739928,0.409833017023,0.0333994223705,0.0549778877638
80,0.670374285431,0.286468141055,0.409833017023,0.0402574363642,0.0549778877638
81,0.662589729858,0.269987351287,0.409833017023,0.0425326376877,0.0549778877638
82,0.763169434955,0.18658326153,0.409833017023,0.0412984087745,0.0549778877638
83,0.647451381807,-0.3976520772,0.409833017023,0.0632808229032,0.0549778877638
84,0.619844537537,-0.000288248898219,0.380794342686,0.0529023641451,0.0576830288926
85,0.576894394873,0.0160183010275,0.353849606295,0.055373881187,0.060193106101
86,0.740432876593,0.0640250874906,0.563739161663,0.0466866688487,0.0406405307272
87,0.715717851895,0.130302290478,0.548959032826,0.0456527859019,0.0420173957295
88,0.585087519131,-0.103138647699,0.548959032826,0.0566274885638,0.0420173957295
89,0.744232351632,0.0386353885227,0.541020931114,0.0563367238293,0.0427568814641
90,0.626967952562,0.151819003649,0.399575321452,0.0539474528763,0.0559334587328
91,0.718904840921,0.105745118014,0.399575321452,0.0474955941598,0.0559334587328
92,0.585718206451,-0.669479142275,0.399575321452,0.0873055549206,0.0559334587328
93,0.668158769305,0.168293602581,0.432702310755,0.0476935815408,0.0528474645102
94,0.640567367347,-1.22702656574,0.432702310755,0.097701836426,0.0528474645102
95,0.618006058795,-0.289824637836,0.351412320856,0.0703112101533,0.0604201550705
96,0.642681645178,-0.163335531068,0.429051407776,0.067479118069,0.0531875698363
97,0.692766698911,-0.0816063472602,0.324131086773,0.052582056954,0.0629615792246
98,0.750621733815,0.158018849418,0.507920460925,0.0447174474082,0.045840405259
99,0.725653190329,0.0493653395255,0.507920460925,0.0563425091418,0.045840405259
100,0.715045157471,-0.467947739701,0.507920460925,0.0660299306184,0.045840405259
101,0.773967929541,0.325634137188,0.528804827819,0.0381452191134,0.043894890833
102,0.738694201845,0.0317674522898,0.528804827819,0.0449867915346,0.043894890833
103,0.773334949233,0.390320452455,0.489277843504,0.0369523511171,0.0475770861607
104,0.776028711188,0.347239516558,0.489277843504,0.0332848397904,0.0475770861607
105,0.792500546237,0.220046623366,0.489277843504,0.037582325054,0.0475770861607
106,0.71445737319,0.29136522721,0.434410095128,0.0442080552657,0.0526883733033
107,0.700064272785,0.342984964487,0.432928106848,0.0362633931902,0.0528264301376
108,0.774020247448,0.227879320138,0.432928106848,0.0383652948228,0.0528264301376
109,0.676898586802,0.357889915719,0.362268258353,0.035417937896,0.0594088539803
110,0.669059927557,0.221245251974,0.362268258353,0.0422274573265,0.0594088539803
111,0.663323959758,0.102100197153,0.362268258353,0.0497988501934,0.0594088539803
112,0.678842741814,0.24005157759,0.359276428823,0.0446592756634,0.0596875623338
113,0.689372504411,0.146445034247,0.359276428823,0.0460940192192,0.0596875623338
114,0.769412975649,0.311268774238,0.532525070931,0.0371064186472,0.0435483260231
115,0.745780501282,-0.194634482612,0.532525070931,0.0536023952273,0.0435483260231
116,0.780339095734,0.42044177136,0.507077673318,0.0316173333648,0.0459189163987
117,0.722393179896,-0.120284694899,0.507077673318,0.0604229405636,0.0459189163987
118,0.771822967668,0.397157740811,0.533092574713,0.0325181528707,0.0434954593597
119,0.625671666764,-0.172119144659,0.533092574713,0.0625751465178,0.0434954593597
120,0.659626292013,-0.795675143829,0.533092574713,0.0906385577657,0.0434954593597
121,0.795765633646,0.355768343416,0.573813655921,0.0350719586086,0.0397020261504
122,0.757199607746,0.172947343502,0.573813655921,0.0440650094087,0.0397020261504
123,0.82141233636,-0.0451722280646,0.573813655921,0.04691128713,0.0397020261504
124,0.644432511867,0.330840591937,0.368293164042,0.0374913481292,0.0588475948819
125,0.55699641317,-0.242930239782,0.368293164042,0.0687613146483,0.0588475948819
126,0.652962817443,-0.134230960867,0.3542619997,0.0546514574015,0.0601546889767
127,0.646834067495,-0.35363256333,0.3542619997,0.0708057992414,0.0601546889767
128,0.603423530669,-0.0684845534178,0.369141144721,0.0654994912817,0.0587685999738
129,0.553151166774,-0.21246285681,0.369141144721,0.0737493727429,0.0587685999738
130,0.610629765228,0.0284609491157,0.471438707171,0.0545922085833,0.0492389175804
131,0.687236679699,-1.32248045577,0.471438707171,0.0965238132781,0.0492389175804
132,0.748470063655,0.14289166923,0.624688261513,0.0468052556806,0.0349627261947
133,0.767461868857,0.329451786354,0.606464281289,0.0376963429983,0.0366604083225
134,0.761440991122,-0.204266801178,0.606464281289,0.0597801459593,0.0366604083225
135,0.767501648085,-0.234049483725,0.606464281289,0.0590747283525,0.0366604083225
136,0.767461868857,0.329451786354,0.606464281289,0.0376963429983,0.0366604083225
137,0.790738341808,0.460865833873,0.59842173262,0.0317040683415,0.0374096239696
138,0.763146426371,0.449273357331,0.59842173262,0.0276924441435,0.0374096239696
139,0.82591179639,0.0907035697634,0.59842173262,0.0463195504836,0.0374096239696
140,0.798507783084,0.549545253528,0.633703384486,0.0267212304193,0.034122908934
141,0.772522439295,0.485911746454,0.633703384486,0.0306959124164,0.034122908934
142,0.803183092913,0.571186630104,0.613306976473,0.0239996331818,0.0360229668208
143,0.807898340751,0.538771988275,0.613306976473,0.0243511420784,0.0360229668208
144,0.795187452192,0.408016150956,0.613306976473,0.0334650644606,0.0360229668208
145,0.781233480081,0.125023883213,0.613306976473,0.0473797466958,0.0360229668208
146,0.714541708446,0.265495583459,0.36307988099,0.0394646897579,0.05933324606
147,0.76782718468,0.0882234623168,0.36307988099,0.0427553257371,0.05933324606
148,0.733045873042,0.567891285983,0.330107489083,0.0267787105592,0.062404838531
149,0.712899505677,0.153385130708,0.330107489083,0.0435425525588,0.062404838531
150,0.723692826087,0.298957559047,0.469820110862,0.0396055411764,0.0493897003398
151,0.581218365343,-0.652405987681,0.469820110862,0.0768248683249,0.0493897003398
152,0.635029159289,-0.0272922385587,0.457962657663,0.0575607115743,0.0504942991227
153,0.648188578852,0.0751924924467,0.397982789205,0.0490475673612,0.0560818134556
154,0.693085062227,0.0472349453388,0.397982789205,0.0492842719811,0.0560818134556
155,0.693665045942,0.0239833896348,0.397982789205,0.0530004829225,0.0560818134556
156,0.548439161643,-0.578696846244,0.397982789205,0.0796749732969,0.0560818134556
157,0.703640306424,0.119139241792,0.448691466793,0.0429726789231,0.0513579707712
158,0.697201110805,-1.32096749179,0.448691466793,0.0907708694827,0.0513579707712
159,0.650618355825,0.0892125909584,0.459311807252,0.0483939703401,0.0503686170754
160,0.709326955819,0.104164897993,0.493823293418,0.0460236903214,0.0471536479773
161,0.726382885744,-0.027727422107,0.493823293418,0.0572717276118,0.0471536479773
162,0.719103764852,-0.591850873644,0.493823293418,0.0703147464881,0.0471536479773
163,0.696158918945,0.119705241715,0.529961235242,0.0464063359092,0.0437871639704
164,0.721366714028,-0.293666778239,0.529961235242,0.0658130513787,0.0437871639704
165,0.696158918945,0.119705241715,0.529961235242,0.0464063359092,0.0437871639704
166,0.720595644219,0.0164949153431,0.529961235242,0.0475149907626,0.0437871639704
167,0.510707565005,-0.950499286828,0.529961235242,0.096329283242,0.0437871639704
168,0.705265238536,0.101134063391,0.472125451473,0.0488249822539,0.0491749428881
169,0.747251272233,0.0913389098487,0.472125451473,0.0455168596434,0.0491749428881
170,0.705044050135,0.150228272632,0.409277606423,0.0437919739614,0.0550296278688
171,0.696173907787,0.0207742100588,0.409277606423,0.0504105996507,0.0550296278688
172,0.75191382617,0.216456396818,0.342565649462,0.0470418514819,0.0612442799724
173,0.782940197259,0.0552656320071,0.342565649462,0.0509201579364,0.0612442799724
174,0.740519084937,0.368277521935,0.447024413775,0.0344365250668,0.0515132675878
175,0.630491518116,-0.0228440380442,0.447024413775,0.0629640784874,0.0515132675878
176,0.721851568446,0.081128128407,0.477585165771,0.0449095603493,0.0486663350388
177,0.766365497661,-0.121395881028,0.477585165771,0.0488733792451,0.0486663350388
178,0.723985577923,0.171351386811,0.50009140646,0.0418244120253,0.0465697325343
179,0.624828800038,-0.482549537398,0.50009140646,0.0706380587596,0.0465697325343
180,0.786893652772,0.469868830156,0.483362512886,0.0235169010422,0.0481281376296
181,0.764537924712,0.211128010963,0.483362512886,0.036939198469,0.0481281376296
182,0.763174921314,-0.0550692618393,0.483362512886,0.0460203548439,0.0481281376296
183,0.683246743462,0.181763748615,0.446527808503,0.0412251154736,0.0515595295945
184,0.714804807504,-0.0514979649318,0.446527808503,0.0649897473653,0.0515595295945
185,0.694740255606,0.00847563498297,0.460620423768,0.0513813204276,0.0502467109472
186,0.607532997082,0.325963550774,0.16464450948,0.0396461460642,0.0778187898094
187,0.618389233041,0.317342373353,0.16464450948,0.0388733605709,0.0778187898094
188,0.629529066882,0.00976128217899,0.16464450948,0.0635764083734,0.0778187898094
189,0.646303792607,-0.559074496212,0.16464450948,0.0729037957374,0.0778187898094
190,0.586952387308,0.109604903129,0.181639186488,0.0436733183382,0.0762356252608
191,0.633031984259,-0.315020120246,0.181639186488,0.0756659339681,0.0762356252608
192,0.715662078331,0.126951733014,0.486016900895,0.046005549926,0.0478808641455
193,0.715662078331,0.126951733014,0.486016900895,0.046005549926,0.0478808641455
194,0.698400324644,-0.333356197077,0.486016900895,0.0702870744557,0.0478808641455
195,0.713316549726,-0.396306984227,0.486016900895,0.0709477789438,0.0478808641455
196,0.743877301043,0.0874095888534,0.499310091509,0.0489935674289,0.0466425170968
197,0.5970939517,-0.161933393391,0.499310091509,0.062957903796,0.0466425170968
198,0.602696561765,-0.952426309049,0.499310091509,0.0920984165101,0.0466425170968
199,0.763511255234,0.354911597393,0.533069347763,0.033766602427,0.043497623101
200,0.759803571487,-0.19713220315,0.533069347763,0.0598117183821,0.043497623101
201,0.744648164422,0.113219229134,0.570385665582,0.0448941918629,0.0400213657162
202,0.738152537187,0.101758899966,0.570385665582,0.0471474750144,0.0400213657162
203,0.582234414365,0.0382406743834,0.570385665582,0.0552702626765,0.0400213657162
204,0.738152537187,0.101758899966,0.589507437254,0.0471474750144,0.0382400484837
205,0.727663699405,-0.0910278073014,0.589507437254,0.0606252626835,0.0382400484837
206,0.775144716404,0.114114841642,0.555453113779,0.0425651466305,0.0414124299078
207,0.658085392495,-0.0264508344105,0.555453113779,0.0500306577007,0.0414124299078
208,0.766248861361,0.0660144980569,0.528380690481,0.0459752388723,0.0439344019809
209,0.731219612551,0.503183278133,0.489652001114,0.0292625920148,0.0475422309492
210,0.72066995719,0.452256994395,0.489652001114,0.0320797939376,0.0475422309492
211,0.661744681629,0.277196394672,0.489652001114,0.0398164974319,0.0475422309492
212,0.664420493589,0.342526790234,0.312790471222,0.0404451265153,0.0640180312237
213,0.570744343756,0.208999953535,0.312790471222,0.0445301280181,0.0640180312237
214,0.612238479508,0.228497190666,0.261894403748,0.0464831388288,0.068759330493
215,0.673302327382,0.272582744184,0.452962184148,0.0359904398215,0.0509601257102
216,0.701717134163,0.0278333801543,0.452962184148,0.0486826732992,0.0509601257102
217,0.750119360069,0.615479081108,0.460689594924,0.0216174295222,0.0502402672046
218,0.750119360069,0.615479081108,0.460689594924,0.0216174295222,0.0502402672046
219,0.750119360069,0.615479081108,0.460689594924,0.0216174295222,0.0502402672046
220,0.702686439967,0.0908228941201,0.460689594924,0.0452506863604,0.0502402672046
221,0.725038525722,0.468652083831,0.46992614158,0.0347239381142,0.0493798228897
222,0.732085054992,0.463903873862,0.46992614158,0.0239216317725,0.0493798228897
223,0.682986415905,0.260028740259,0.46992614158,0.0378388561102,0.0493798228897
224,0.724666122578,0.224808768089,0.46992614158,0.0551014895441,0.0493798228897
225,0.638761574269,0.232007065878,0.401212203081,0.0410472656289,0.0557809725771
226,0.644629478359,0.0772770657464,0.401212203081,0.0485493219653,0.0557809725771
227,0.646941240289,0.0558415664216,0.401212203081,0.0424947580545,0.0557809725771
228,0.678620679434,0.284875299835,0.0112656242244,0.0468063208766,0.0921070292096
229,0.717823151908,0.38148545623,0.422636771824,0.0353994927612,0.0537851348402
230,0.729604643047,0.508211630157,0.383057368852,0.029685718267,0.0574722133063
231,0.694267377348,0.144526121657,0.383057368852,0.0433620770337,0.0574722133063
232,0.707965215926,0.32272443444,0.48186970898,0.0389201665027,0.0482672020096
233,0.763623931566,0.0606729784498,0.48186970898,0.0723183262292,0.0482672020096
234,0.649661546254,0.0840399169764,0.28840801652,0.0597330658376,0.06628941525
235,0.738779666382,-0.0426480674953,0.28840801652,0.0545677051885,0.06628941525
236,0.702400082694,0.372893473284,0.400144527416,0.0415309248753,0.0558804335002
237,0.678231714087,0.473720679912,0.392538501972,0.0293560875437,0.0565889841736
238,0.597418200156,0.210879801937,0.392538501972,0.0433551283948,0.0565889841736
239,0.678713680803,0.0907203645027,0.392538501972,0.0432811453538,0.0565889841736
240,0.616857136451,0.305746886096,0.478229520044,0.037633416819,0.048606309253
241,0.627209940299,0.0908725622225,0.478229520044,0.0532455425339,0.048606309253
242,0.613078969403,-0.123861710799,0.478229520044,0.058080350923,0.048606309253
243,0.638204199265,0.196295794047,0.4903638528,0.0476249008933,0.0474759173409
244,0.677991989558,0.259254758876,0.511189349447,0.0373458322792,0.0455358870609
245,0.721969619886,0.499747900285,0.507665107726,0.0276855607373,0.045864193068
246,0.667821339152,-2.31611557486,0.507665107726,0.13160389279,0.045864193068
247,0.722222962269,0.540134557062,0.504125845464,0.0249021334631,0.0461938983362
248,0.65560732815,0.404219191232,0.504125845464,0.0351270677022,0.0461938983362
249,0.696254672655,0.366358621614,0.504125845464,0.0330494221079,0.0461938983362
250,0.789760777655,0.308948908653,0.504125845464,0.0379352519927,0.0461938983362
251,0.690059577296,0.229185289577,0.504125845464,0.0408062976509,0.0461938983362
252,0.779330978125,0.268140532974,0.488431020984,0.0355855429349,0.0476559731788
253,0.74132591997,-1.35652734611,0.488431020984,0.0931195815401,0.0476559731788
254,0.750709410195,-0.709383500562,0.429930732079,0.0664384504623,0.0531056550661
255,0.746939737797,-0.132193035955,0.431391806935,0.0530038604321,0.0529695464531
256,0.725449582149,-0.169900675185,0.431391806935,0.0596426139991,0.0529695464531
257,0.628514528158,-0.462293415321,0.431391806935,0.0627620460087,0.0529695464531
258,0.748035445719,-0.414916105656,0.4648030555,0.0671973281993,0.0498570716339
259,0.741948018455,0.151687684517,0.466598787328,0.0431668325499,0.0496897875504
260,0.725447516476,-1.43136643806,0.466598787328,0.0975113135095,0.0496897875504
261,0.657851866015,-0.869162649423,0.404285780092,0.0809360790263,0.0554946489148
262,0.657851866015,-0.869162649423,0.404285780092,0.0809360790263,0.0554946489148
263,0.720210474005,-0.290522044953,0.532948831064,0.0623511170445,0.0435088500143
264,0.728620396196,-0.0290956788621,0.58023762019,0.0544502040164,0.0391035921533
265,0.676967804926,-0.338401961545,0.58023762019,0.0644705052634,0.0391035921533
266,0.665933970703,-0.845792927554,0.58023762019,0.0878487022216,0.0391035921533
267,0.739156325071,-0.418515647571,0.510521506357,0.0635404463197,0.0455981009825
268,0.738342373583,-0.0514203433619,0.504631254522,0.0548442326468,0.0461468161997
269,0.741115970955,0.212849590194,0.489705715324,0.0429190559077,0.0475372271216
270,0.668055418381,0.124838346664,0.489705715324,0.051921870888,0.0475372271216
271,0.777922154197,0.133557300205,0.516381221949,0.0438493692455,0.0450522304146
272,0.738114425485,0.187732194198,0.51700539092,0.0433125382943,0.0449940850208
273,0.681121181749,-0.548609510911,0.51700539092,0.0670371039156,0.0449940850208
274,0.702031439296,-0.138500669368,0.502714077031,0.0552509842419,0.0463254137356
275,0.681560472523,0.132086960538,0.465409695937,0.0527270560852,0.0498005591369
276,0.693071919336,0.105952471214,0.465409695937,0.0476066428148,0.0498005591369
277,0.753093114643,-0.0591209288351,0.465409695937,0.0536340900229,0.0498005591369
278,0.606081190919,-0.0128699733411,0.492387783635,0.0589521829374,0.0472873750376
279,0.617060528824,-0.0583039223592,0.492387783635,0.0557285926807,0.0472873750376
280,0.666381490668,0.00419459273867,0.5020775963,0.0528618260131,0.0463847060499
281,0.649932073624,0.0183331363329,0.432250409657,0.0569069429762,0.0528895620327
282,0.603147874269,-1.55720254356,0.432250409657,0.107338165371,0.0528895620327
283,0.605884488444,-0.124582325035,0.188444544403,0.0708668579134,0.0756016619683
284,0.713439665823,0.273370072761,0.350810849854,0.0449449245309,0.0604761860011
285,0.683301095207,0.428208632832,0.355038705124,0.0353926268057,0.0600823338216
286,0.730048306218,0.137967544474,0.355038705124,0.0442240957805,0.0600823338216
287,0.696841141393,0.0983227878047,0.355038705124,0.0509413695013,0.0600823338216
288,0.693053367742,0.213147627643,0.344630449866,0.0431417092133,0.0610519304034
289,0.636568107583,-0.170486520204,0.344630449866,0.0648813298632,0.0610519304034
290,0.70346423527,-0.0215497224692,0.333578707693,0.0512598326839,0.0620814719709
291,0.738592188637,-2.4146415244,0.333578707693,0.128876188279,0.0620814719709
292,0.695804324625,0.141948690938,0.335993466669,0.0441575138105,0.0618565214878
293,0.632399045449,-0.260635130327,0.335993466669,0.0701423690343,0.0618565214878
294,0.666292521372,-0.000314444431693,0.0847050639897,0.0511193301334,0.0852656683858
295,0.676131446188,-0.0855661087062,0.0847050639897,0.0601232340893,0.0852656683858
296,0.672693612169,0.165959142849,0.324584406287,0.0467028549522,0.0629193495674
297,0.645499178882,-0.0858985083847,0.324584406287,0.0615097912914,0.0629193495674
298,0.78954558691,0.357740667064,0.541022780048,0.033820983554,0.0427567092238
299,0.69723961061,0.145412028156,0.541022780048,0.0408959319817,0.0427567092238
300,0.790619415684,0.159796568886,0.56106120153,0.0422386449298,0.0408900001077
301,0.702219617347,-0.0480619480799,0.56106120153,0.0558201533329,0.0408900001077
302,0.670718731858,-0.219068818885,0.56106120153,0.0588603016784,0.0408900001077
303,0.743797433674,0.0819887194693,0.534002822535,0.0459348320491,0.0434106638628
304,0.790619415684,0.159796568886,0.56106120153,0.0422386449298,0.0408900001077
305,0.717357646676,0.182033494013,0.553745448623,0.0460604149942,0.0415715100088
306,0.642357306766,-0.284797271646,0.553745448623,0.0652672678104,0.0415715100088
307,0.759562301476,0.173508421612,0.561656799705,0.0405483622637,0.0408345162691
308,0.786941335549,0.385925274273,0.569609263168,0.0308990149557,0.040093692644
309,0.64140222903,0.120865876631,0.569609263168,0.0428961417347,0.040093692644
310,0.799436962522,0.412059832101,0.600254957906,0.03102453525,0.0372388471269
311,0.7582702776,-1.16989556577,0.600254957906,0.0869920391715,0.0372388471269
312,0.801766494388,-0.222435113613,0.548682314165,0.0566147160692,0.04204317387
313,0.776673931701,-0.056507872656,0.593083581363,0.0559812001377,0.037906907432
314,0.751168732328,0.18394572986,0.543169980292,0.0435718731061,0.0425566835744
315,0.76030739937,0.257120509609,0.534917151868,0.0412919117171,0.0433254881466
316,0.759349205562,0.0547648544498,0.534917151868,0.0535008961501,0.0433254881466
317,0.774619976326,0.24037447356,0.556863218826,0.0429632139383,0.0412810694636
318,0.824914430276,0.358220111107,0.581482448938,0.0333913795018,0.0389876282699
319,0.805954993589,0.340746813007,0.581482448938,0.0362855806854,0.0389876282699
320,0.774034536384,0.426262487545,0.502154435164,0.0319717848243,0.0463775480106
321,0.72504774156,0.507242550952,0.479727785925,0.0313508010302,0.0484667360545
322,0.698757008739,-0.187904159525,0.479727785925,0.0530394788757,0.0484667360545
323,0.736441246506,0.351802957017,0.453057570089,0.0385419296191,0.0509512398902
324,0.736441246506,0.351802957017,0.453057570089,0.0385419296191,0.0509512398902
325,0.756567716162,-0.199720442258,0.453057570089,0.0729962605931,0.0509512398902
326,0.688067223093,0.31019230747,0.401147029655,0.0389949156925,0.055787043905
327,0.718899422545,0.226433810977,0.401147029655,0.0387886074236,0.055787043905
328,0.689681012497,0.126149405412,0.401147029655,0.0465958330258,0.055787043905
329,0.706460338562,0.288485052784,0.458196913549,0.0405518456879,0.0504724766654
330,0.698224552302,0.0937230441699,0.458196913549,0.050376836884,0.0504724766654
331,0.701496029115,0.302147294365,0.374816831462,0.0395115050244,0.0582398728888
332,0.68175720125,0.436819050559,0.377965057767,0.0314126596919,0.0579465951599
333,0.701882490947,0.289982975859,0.377965057767,0.0423493645991,0.0579465951599
334,0.691376110773,0.399431629598,0.466837560304,0.0312002818531,0.0496675442968
335,0.691376110773,0.399431629598,0.466837560304,0.0312002818531,0.0496675442968
336,0.631103810555,0.245565598832,0.466837560304,0.0393533882887,0.0496675442968
337,0.725744413223,0.109416890895,0.466837560304,0.0460079703836,0.0496675442968
338,0.679357724547,-0.075151725532,0.466837560304,0.0556331148,0.0496675442968
339,0.667115412198,0.365460975833,0.459273528927,0.0329093183738,0.05037218295
340,0.637255581533,0.0159679959085,0.459273528927,0.0465507848097,0.05037218295
341,0.655833770104,0.230857916139,0.480673245925,0.0404659610993,0.0483786603145
342,0.713357624403,0.284954488375,0.468583357054,0.0386281427372,0.04950491199
343,0.661766379086,-2.78703184317,0.468583357054,0.14917603887,0.04950491199
344,0.734253681119,0.051128695013,0.507687800835,0.0491171059892,0.0458620790575
345,0.751058878199,0.0760347617771,0.514947301102,0.044333450277,0.0451858094552
346,0.725264443817,-0.0757884066157,0.514947301102,0.0539049327722,0.0451858094552
347,0.734643221385,0.0841417689607,0.486451886605,0.0441885632991,0.0478403424013
348,0.723887364378,0.0874390985008,0.411029172766,0.04462646176,0.054866458087
349,0.700706156171,0.303325863999,0.505192210117,0.0390510878147,0.0460945595425
350,0.679552078726,0.223972720688,0.505192210117,0.0385750526199,0.0460945595425
351,0.73448190379,-0.118245163813,0.505192210117,0.0501927694482,0.0460945595425
352,0.696012535653,0.375926293314,0.49422976409,0.035896576647,0.047115782594
353,0.620760371075,-0.133793644531,0.49422976409,0.0588337775634,0.047115782594
354,0.638055153201,-0.39341790751,0.49422976409,0.0706923643208,0.047115782594
355,0.753971003854,0.592932507196,0.388327526433,0.0257868615392,0.0569812638964
356,0.670748833299,0.187099830312,0.388327526433,0.0473875132984,0.0569812638964
357,0.753971003854,0.592932507196,0.388327526433,0.0257868615392,0.0569812638964
358,0.693049021281,0.248378452108,0.388327526433,0.0382393094674,0.0569812638964
359,0.769929321344,0.422235266789,0.516740671652,0.0335841746154,0.04501874534
360,0.787297978824,0.480674010579,0.540283129609,0.0299673443348,0.0428256124665
361,0.747188482413,0.679043978984,0.491519524977,0.0217739217964,0.0473682589712
362,0.685998754694,0.398055970804,0.491519524977,0.0363260603015,0.0473682589712
363,0.746972184361,0.68173950399,0.446397038877,0.0210350007642,0.0515717116346
364,0.660250318139,-0.603060575944,0.446397038877,0.0782116404064,0.0515717116346
365,0.762783648129,0.606466403723,0.382942641461,0.0231301998326,0.0574829009079
366,0.646254887712,-0.034075856998,0.382942641461,0.0542316254075,0.0574829009079
367,0.75365706293,0.303732262305,0.419369944271,0.0392112650314,0.0540894610457
368,0.728027260688,0.307570126295,0.260857787763,0.0375732332099,0.0688558980051
369,0.701734260829,0.0481405397203,0.260857787763,0.0434990439925,0.0688558980051
370,0.752969777179,0.345312232722,0.427752053101,0.036893478796,0.053308613164
371,0.65621581675,-0.0578143709383,0.427752053101,0.0558716991122,0.053308613164
372,0.672205921943,0.046783919279,0.266909586222,0.059257403382,0.0682921336706
373,0.719906328129,-0.270127521289,0.266909586222,0.0640136362233,0.0682921336706
374,0.678611763744,0.107910077671,0.405314054282,0.0509223265622,0.055398858495
375,0.684941839104,0.0738709595907,0.405314054282,0.0561256121544,0.055398858495
376,0.66803966682,0.214954370483,0.434220803608,0.0461244312819,0.052706007038
377,0.643464519175,0.370692840171,0.388011922674,0.0363510104521,0.0570106644365
378,0.719870967828,0.514567922448,0.477680670727,0.029031565245,0.0486574381318
379,0.669594821342,-0.0312556729795,0.477680670727,0.0474150848284,0.0486574381318
380,0.685099134622,-0.0602169847837,0.477680670727,0.0564373329753,0.0486574381318
381,0.673861008754,-0.149697267857,0.477680670727,0.0550688094346,0.0486574381318
382,0.696873245919,-0.143385665758,0.452949960141,0.0611863014694,0.0509612644558
383,0.667805750352,0.346809328069,0.402422593453,0.0384687677756,0.0556682168521
384,0.651039019416,-0.183909826697,0.402422593453,0.0612185417664,0.0556682168521
385,0.668122268778,0.20778966955,0.30762732101,0.046129959602,0.064499012202
386,0.648090669462,0.0734198468022,0.30762732101,0.0547740283889,0.064499012202
387,0.632547584643,0.0243758321357,0.30762732101,0.0541033093045,0.064499012202
388,0.64406963638,0.24109878459,0.404201320941,0.0484876297285,0.0555025168333
389,0.642135460159,-0.372238301858,0.404201320941,0.0791743268366,0.0555025168333
390,0.620221181292,0.308727263075,0.398674943714,0.0453847566905,0.0560173347673
391,0.462202997753,-0.401739323303,0.398674943714,0.0770267145809,0.0560173347673
392,0.551541969922,0.17457557872,0.187335773564,0.0518743478679,0.0757049511738
393,0.578886577156,0.265307331657,0.28430136217,0.0494610894055,0.0666719767765
394,0.635055831324,-0.052824402721,0.28430136217,0.0520717186343,0.0666719767765
395,0.726740007499,-0.34173587574,0.28430136217,0.0612298359024,0.0666719767765
396,0.617794169471,0.102776256012,0.333481604867,0.0625353128879,0.0620905177299
397,0.639846595947,0.0430200587951,0.333481604867,0.0614915395196,0.0620905177299
398,0.599389207459,-0.163509571165,0.333481604867,0.0713554374676,0.0620905177299
399,0.645394017717,0.283418388695,0.240141353787,0.0455127542915,0.070785768389
400,0.592273739951,0.277819874738,0.240141353787,0.0515477144704,0.070785768389
401,0.633395908156,0.208368325272,0.240141353787,0.0452062517741,0.070785768389
402,0.696375459339,-1.86234976808,0.240141353787,0.118296495414,0.070785768389
403,0.761828003359,0.402464097259,0.444116009151,0.0311708560831,0.0517842043695
404,0.695256423696,-0.756996692452,0.444116009151,0.0836334482732,0.0517842043695
405,0.739901216934,0.412290842315,0.383855738597,0.0316987284128,0.0573978399789
406,0.752761853427,0.465939873379,0.377478212955,0.0325931739435,0.0579919479162
407,0.710331690519,0.356610246251,0.377478212955,0.0328500560578,0.0579919479162
408,0.61598130502,-0.152681253524,0.377478212955,0.054803842962,0.0579919479162
409,0.609999569821,-0.926301107073,0.377478212955,0.0928011059192,0.0579919479162
410,0.600002685027,-0.491984634654,0.19990527627,0.0802745786898,0.0745340203544
411,0.600002685027,-0.491984634654,0.19990527627,0.0802745786898,0.0745340203544
412,0.603246125829,-0.108929763888,0.360197620096,0.0627352553143,0.0596017473834
413,0.681854411551,-0.14420127744,0.360197620096,0.0609131957524,0.0596017473834
414,0.669222570689,-0.0940295690679,0.284519537784,0.0685604178017,0.066651652301
415,0.680580101611,-0.028197798217,0.310705378532,0.0565066333375,0.064212271151
416,0.590086833325,-0.761293896668,0.310705378532,0.087683302744,0.064212271151
417,0.693904359051,0.126130663883,0.404639499432,0.0488280757519,0.0554616976608
418,0.654465716995,-0.377376136027,0.404639499432,0.071556007379,0.0554616976608
419,0.667635658096,-0.13288959028,0.165842305001,0.0620862724188,0.0777072073765
420,0.585707768195,-0.370206285832,0.165842305001,0.0793136545216,0.0777072073765
421,0.73333360248,0.182803087717,0.431125659658,0.0385963988378,0.0529943398007
422,0.722335746108,0.348626991043,0.404803165378,0.0385659966381,0.0554464511149
423,0.707790449997,-0.299674905907,0.404803165378,0.0625477819661,0.0554464511149
424,0.780892505266,0.386712455712,0.511098028343,0.030997565373,0.0455443942148
425,0.787460893079,0.373178738109,0.511098028343,0.0321037753726,0.0455443942148
426,0.754747412132,0.133132714401,0.511098028343,0.0486339666852,0.0455443942148
427,0.770002058748,0.408177957479,0.491381164466,0.0324777707423,0.0473811481515
428,0.718451729442,-0.0576343265932,0.491381164466,0.0522797680187,0.0473811481515
429,0.685397270081,-0.56884051134,0.491381164466,0.0703581165523,0.0473811481515
430,0.749184093376,0.0889041414333,0.524835909975,0.0500862866395,0.0442646213094
431,0.747413025294,0.366643137899,0.54123437407,0.0369331721426,0.0427369978663
432,0.741195320332,-0.112223503236,0.54123437407,0.0562793095548,0.0427369978663
433,0.71545448297,-0.0366619805214,0.551232313248,0.0518226159648,0.0418056248925
434,0.693065313151,-0.680051199075,0.551232313248,0.073654454431,0.0418056248925
435,0.712038058675,0.221968435393,0.487640423616,0.0446230754943,0.0477296224588
436,0.687118328969,-0.334995059836,0.487640423616,0.0627823040283,0.0477296224588
437,0.564687814853,-0.959477124839,0.487640423616,0.0978233465406,0.0477296224588
438,0.569858973944,-0.288782265364,0.357690707834,0.0643967867401,0.0598352825436
439,0.57186303288,-1.22707284648,0.357690707834,0.103079351856,0.0598352825436
440,0.654222300677,-0.424964475494,0.446184009178,0.0672915468927,0.0515915567347
441,0.638583973202,-0.36152939421,0.432339876831,0.0960252984093,0.0528812275844
442,0.636911339521,0.0142359472246,0.384934279987,0.0506594810348,0.057297366843
443,0.660892371219,0.165024231625,0.405381420928,0.0425134919002,0.0553925828545
444,0.661285451349,0.266554336158,0.411662621735,0.0386544859935,0.0548074482011
445,0.642168775372,-0.576808628224,0.411662621735,0.0737287487564,0.0548074482011
446,0.635110646271,0.153385513517,0.411317689272,0.0468390728085,0.0548395809005
447,0.67780256494,0.34454014681,0.432027902162,0.0353729688252,0.0529102900512
448,0.76951343171,0.596707022446,0.416639542475,0.0261180168342,0.0543438157077
449,0.80197927755,0.373315799054,0.416639542475,0.0341103209285,0.0543438157077
450,0.659699947841,0.42571948541,0.350108332396,0.0376842379107,0.0605416300653
451,0.635145279089,-0.221757525066,0.350108332396,0.0625274664651,0.0605416300653
452,0.665139030194,0.423119732572,0.420703942483,0.0387895113136,0.0539651904476
453,0.780260559257,0.341240899074,0.420703942483,0.0357259978247,0.0539651904476
454,0.750944285393,0.258071422458,0.420703942483,0.0427706411014,0.0539651904476
455,0.746341091851,0.37949819979,0.484481415899,0.0321299207937,0.0480239045464
456,0.770802551171,0.430201899767,0.515228660019,0.0326645697392,0.0451595990446
457,0.72669703999,0.0956945040475,0.515228660019,0.0491248316493,0.0451595990446
458,0.770802551171,0.430201899767,0.515228660019,0.0326645697392,0.0451595990446
459,0.778709874708,0.442161804205,0.534483083308,0.0308385389584,0.0433659244523
460,0.777261033153,0.33236843304,0.534483083308,0.0376931067562,0.0433659244523
461,0.778709874708,0.442161804205,0.534483083308,0.0308385389584,0.0433659244523
462,0.766076247213,0.27814643799,0.534483083308,0.039087062342,0.0433659244523
463,0.70344262208,0.394369959835,0.531173268634,0.0358409058866,0.0436742551874
464,0.705616773432,0.486993489878,0.464638859324,0.0291078032948,0.0498723675742
465,0.606628017876,-0.424471716879,0.464638859324,0.0685267426825,0.0498723675742
466,0.662905587363,0.198970161925,0.493760014733,0.0419910431041,0.0471595427978
467,0.669505679602,0.323104498025,0.522059764732,0.0400310326728,0.0445232372707
468,0.71117765472,0.398873344598,0.502060553532,0.0333472050878,0.0463862936943
469,0.741307780345,-1.13065475365,0.502060553532,0.0848195604623,0.0463862936943
470,0.741261978743,0.452117053119,0.518322678312,0.0262191731395,0.0448713711441
471,0.733750656607,0.369550841345,0.518322678312,0.0307542486947,0.0448713711441
472,0.721401989246,0.217844485371,0.518322678312,0.0419492891467,0.0448713711441
473,0.599703520557,-1.29880411742,0.518322678312,0.0994843119487,0.0448713711441
474,0.676839048077,-0.266800702731,0.403687859131,0.0638426367592,0.055550349136
475,0.666268451026,-0.28438255475,0.403687859131,0.063741855797,0.055550349136
476,0.721043794684,0.140280123421,0.467882763365,0.042223033966,0.0495701768427
477,0.720815453827,0.563574306917,0.460675510537,0.0227344960022,0.0502415792568
478,0.665522604005,0.570964010661,0.424306566704,0.0232286890502,0.0536295826013
479,0.696331285919,0.560931977165,0.424306566704,0.0248165822675,0.0536295826013
480,0.628355928984,0.393482184743,0.424306566704,0.0319242042717,0.0536295826013
481,0.579661919135,0.162614602608,0.424306566704,0.0441396781582,0.0536295826013
482,0.578411858595,-0.11574809105,0.424306566704,0.0595938074474,0.0536295826013
483,0.665151381526,0.515391777343,0.338003233207,0.0256836028957,0.0616692986808
484,0.671201420488,0.118221373791,0.338003233207,0.0503865936566,0.0616692986808
485,0.749696676814,-0.0902628688597,0.338003233207,0.0550613276913,0.0616692986808
486,0.69168352818,0.500217201199,0.350117837741,0.030884055104,0.0605407445807
487,0.680627473271,0.329892298781,0.350117837741,0.0365950906964,0.0605407445807
488,0.746794646573,0.467414924102,0.425215675019,0.0298992997095,0.0535448932569
489,0.6542682687,0.143549315304,0.425215675019,0.057784330015,0.0535448932569
490,0.731901997025,0.516685759958,0.361008317696,0.0292711712216,0.0595262256362
491,0.749696676814,-0.0902628688597,0.361008317696,0.0550613276913,0.0595262256362
492,0.663737257966,0.108341360046,0.41693335199,0.0445110451974,0.054316445443
493,0.728174200829,-0.387152526403,0.41693335199,0.0619276725954,0.054316445443
494,0.670420290434,0.20289993735,0.406692441533,0.0423787010668,0.0552704527696
495,0.629736906285,-0.690250466031,0.406692441533,0.0774992912256,0.0552704527696
496,0.745837983517,0.0255820839513,0.527038756185,0.0479966044432,0.0440594118768
497,0.694431571027,-0.0921724755113,0.527038756185,0.0546897210174,0.0440594118768
498,0.699570582671,-0.14533644511,0.527038756185,0.0567724239263,0.0440594118768
499,0.743913884121,0.225256698885,0.521387502269,0.0464047956451,0.0445858628856
