r2_5_features: 0.471466461662
mse_5_features: 0.0492363320693
SV: 
[[ 0.08415516  0.08958013  0.06941207  0.025       0.04378698]
 [ 0.40203813  0.34958595  0.59155659  0.3         0.59881657]
 [ 0.16370809  0.18390672  0.32116032  0.1125      0.1739645 ]
 [ 0.14365549  0.10060329  0.17249417  0.0625      0.05207101]
 [ 0.18803419  0.52029603  0.2030562   0.0875      0.23076923]
 [ 0.29421433  0.22869679  0.17404817  0.125       0.13136095]
 [ 0.28500986  0.01455762  0.09194509  0.1125      0.03076923]
 [ 1.          0.90886254  0.66304066  0.4125      0.50295858]
 [ 0.61719264  0.81156349  0.4972805   0.325       0.27692308]
 [ 0.32922419  0.79970072  0.72675473  0.2375      0.5408284 ]
 [ 0.34368836  0.30854701  0.34757835  0.5         0.20118343]
 [ 0.43113083  0.38316327  0.31390831  0.3875      0.33609467]
 [ 0.70710059  0.42449336  0.74514375  0.3875      1.        ]
 [ 0.68162393  0.84044174  1.          0.3875      0.80118343]
 [ 0.46055227  1.          0.52007252  0.25        0.96213018]
 [ 0.58596318  0.89362783  0.72701373  0.4625      0.47337278]
 [ 0.03944773  0.06267901  0.03574204  0.025       0.0260355 ]
 [ 0.78895464  0.8316056   0.98083398  1.          0.94201183]
 [ 0.2848455   0.21822885  0.2009842   0.15        0.12071006]
 [ 0.00328731  0.01905355  0.02771303  0.025       0.01065089]]
dual_coef: 
[[ 1000.          -173.85517708   250.73767727 -1000.          -846.1842551
  -1000.          -224.83729104  -190.56202102  1000.           559.56709856
   -530.97702921  1000.           -85.08371866    78.80992787   -23.4081376
  -1000.          -920.80089062   106.59381664  1000.          1000.        ]]
intercept: 
[ 0.48823633]
