r2_10_features: 0.705374849649
mse_10_features: 0.0274462464279
SV: 
[[ 0.07675871  0.34636974  0.14374514  0.125       0.03431953  0.39619387
   0.03788634  0.10067338  0.36277974  0.01029295]
 [ 0.08415516  0.08958013  0.06941207  0.025       0.04378698  0.1045043
   0.03988036  0.06994126  0.36984688  0.00534442]
 [ 0.16370809  0.18390672  0.32116032  0.1125      0.1739645   0.21130845
   0.17946162  0.08763551  0.16961131  0.29374505]
 [ 0.14365549  0.10060329  0.17249417  0.0625      0.05207101  0.12234711
   0.05682951  0.05668848  0.06713781  0.15696754]
 [ 0.18803419  0.52029603  0.2030562   0.0875      0.23076923  0.57041404
   0.22931206  0.26338412  0.35924617  0.24445764]
 [ 0.28500986  0.01455762  0.09194509  0.1125      0.03076923  0.06467388
   0.03489531  0.08460289  0.54652532  0.00257324]
 [ 0.61719264  0.81156349  0.4972805   0.325       0.27692308  0.84597305
   0.25623131  0.71990066  0.91519435  0.34461599]
 [ 0.32922419  0.79970072  0.72675473  0.2375      0.5408284   0.79139577
   0.50149551  0.23384593  0.69493522  0.57521774]
 [ 0.34368836  0.30854701  0.34757835  0.5         0.20118343  0.33898819
   0.19042871  0.34490663  0.65253239  0.24604117]
 [ 0.43113083  0.38316327  0.31390831  0.3875      0.33609467  0.40191823
   0.33499501  0.21390706  0.99175501  0.41053048]
 [ 0.70710059  0.42449336  0.74514375  0.3875      1.          0.46514523
   1.          0.44629638  0.57479388  0.84402217]
 [ 0.58596318  0.89362783  0.72701373  0.4625      0.47337278  0.95826146
   0.42771685  0.38332776  0.84687868  0.63222486]
 [ 0.2003616   0.29981921  0.42009842  0.2375      0.33254438  0.30214
   0.29212363  0.1411481   1.          0.46832937]
 [ 0.03944773  0.06267901  0.03574204  0.025       0.0260355   0.0750169
   0.02293121  0.01418406  0.39929329  0.03661916]
 [ 0.30933596  0.40569711  0.2046102   0.3875      0.30532544  0.40265115
   0.28015952  0.24330197  0.70553592  0.19774347]
 [ 0.78895464  0.8316056   0.98083398  1.          0.94201183  0.84235267
   0.88434696  0.42048331  0.69846879  0.83709422]
 [ 0.20233399  0.5148183   0.21419321  0.3125      0.28402367  0.51797866
   0.2552343   0.0900234   0.84216726  0.38380839]
 [ 0.19789612  0.28482825  0.36467236  0.45        0.41420118  0.29172116
   0.37188435  0.17176083  0.67726737  0.50494854]
 [ 0.46696252  0.42199487  0.36829837  0.1375      0.29822485  0.43392662
   0.28713858  0.16808348  0.31566549  0.31571655]
 [ 0.2848455   0.21822885  0.2009842   0.15        0.12071006  0.21929475
   0.111665    0.10580735  0.23792697  0.25890736]
 [ 0.00328731  0.01905355  0.02771303  0.025       0.01065089  0.02107145
   0.00897308  0.01330054  0.74440518  0.01187648]
 [ 0.01265615  0.04226449  0.04195804  0.0125      0.00710059  0.04399416
   0.00598205  0.01072162  0.75618375  0.01504355]]
dual_coef: 
[[   69.08288689  1000.            50.62524034  -316.01668597
   -271.72432901  -330.00719667    92.9843542    197.48542425
   -110.16989441   246.50396231   -29.15877148  -170.62278442  -236.868579
   -877.48561782  -114.80064254    19.08033065    46.74388608
     37.69823876  -106.72622784   584.18264626  1000.          -780.80624059]]
intercept: 
[-1.35140254]
