r2_5_features: 0.716423426068
mse_5_features: 0.0264169997709
SV: 
[[ 0.18979486  0.01538803  0.06994126  0.04378698  0.36984688]
 [ 0.49043776  0.15262262  0.21221166  0.59881657  0.68904594]
 [ 0.90214746  0.10830806  0.26338412  0.23076923  0.35924617]
 [ 1.          0.12103277  1.          0.50295858  0.65724382]
 [ 0.79048441  0.56980099  0.71990066  0.27692308  0.91519435]
 [ 0.49248785  0.26337205  0.23384593  0.5408284   0.69493522]
 [ 0.15283905  0.22342236  0.21390706  0.33609467  0.99175501]
 [ 0.43473691  0.19493971  0.33108076  0.53727811  0.63839812]
 [ 0.35618889  0.94762151  0.25225655  0.96213018  0.90930506]
 [ 0.87593575  0.39350448  0.38332776  0.47337278  0.84687868]
 [ 0.22470444  0.67463194  0.1411481   0.33254438  1.        ]
 [ 0.19150036  0.03262558  0.01418406  0.0260355   0.39929329]
 [ 0.49016674  1.          0.42048331  0.94201183  0.69846879]
 [ 0.10337171  0.18865133  0.10580735  0.12071006  0.23792697]
 [ 0.0297834   0.02367389  0.01330054  0.01065089  0.74440518]
 [ 0.06473557  0.01509211  0.01072162  0.00710059  0.75618375]
 [ 0.10642458  0.0406895   0.05850327  0.0295858   0.25912839]]
dual_coef: 
[[  1.00000000e+03  -7.25947451e+01  -6.77888328e-01   2.11975019e+01
    6.90277624e+01   8.34843625e+02   1.04498099e+02  -7.55841941e+02
    8.43147246e+00  -1.27085094e+02  -1.53408368e+02  -6.34118915e+02
    3.08015129e+00   1.76846250e+02   1.00000000e+03  -1.00000000e+03
   -4.74197910e+02]]
intercept: 
[-2.13848019]
predict:[ 0.16447941  0.23476071  0.63309553  0.28692148  0.09511902  0.29854042
  0.18556105  0.16605482  0.19664867  0.75233753  0.92744883  0.67832955
  0.58666032  0.77255718  0.66208955  0.82041601  0.75829419  0.80146133
  0.51344135  0.53619112  0.15408977  0.6569998   0.80576254  0.5684337
  0.67646284  0.22762478  0.55499944  0.40168358  0.3542565   0.30532442
  0.19727021]
