generation,train,validation,test,valid_mse,test_mse
0,0.634704831509,0.438999928317,0.191352237416,0.0563047818827,0.0753307914779
1,0.653959910685,0.50631585906,0.0896078774847,0.0290575017077,0.0848089394636
2,0.670839999221,0.526801472582,-0.039551592744,0.03499058244,0.0968409830423
3,0.665395417792,0.538022604528,0.0547522106154,0.0319766991173,0.0880559712298
4,0.670120307432,0.535747235496,-0.066409659502,0.0348260330519,0.0993429864114
5,0.671692718849,0.535161912027,-0.0373484092353,0.0348260330519,0.0966357421881
6,0.679139366453,0.554889835922,-0.0951002605273,0.033421488317,0.10201570225
7,0.673910665195,0.558453774808,-0.0455861418835,0.0320709553457,0.0974031404907
8,0.66942775623,0.568700155842,0.010525598874,0.0320709553457,0.0921759673777
9,0.656357827875,0.556055288409,0.082436909465,0.0320709553457,0.0854769617121
10,0.643287899521,0.543410420976,0.154348220056,0.0320709553457,0.0787779560465
11,0.630217971166,0.530765553544,0.226259530647,0.0366177883787,0.0720789503808
12,0.630217971166,0.530765553544,0.226259530647,0.0320709553457,0.0720789503808
13,0.645276733641,0.519098007035,0.112832747271,0.0366177883787,0.082645391991
14,0.641212962829,0.503183160858,0.138366480412,0.0386739353349,0.0802667589002
15,0.618714915293,0.510459766332,0.268647453968,0.0391483643003,0.0681302400021
16,0.622045689989,0.531800912922,0.293967004561,0.0366177883787,0.0657715594068
17,0.629467126018,0.545143865459,0.303298949069,0.0366177883787,0.0649022281623
18,0.613873408811,0.532836272301,0.361674478475,0.0316980189508,0.0594641684327
19,0.623668703165,0.560196725923,0.353266805121,0.0366177883787,0.0602473978158
20,0.628566350341,0.573876952734,0.349062968444,0.0316980189508,0.0606390125074
21,0.628566350341,0.573876952734,0.349062968444,0.0316980189508,0.0606390125074
22,0.628566350341,0.573876952734,0.349062968444,0.0316980189508,0.0606390125074
23,0.628566350341,0.573876952734,0.349062968444,0.0316980189508,0.0606390125074
24,0.628566350341,0.573876952734,0.349062968444,0.0316980189508,0.0606390125074
25,0.634559934248,0.568292681842,0.338200414828,0.0316980189508,0.061650929932
26,0.628566350341,0.573876952734,0.349062968444,0.0316980189508,0.0606390125074
27,0.630608469915,0.575059601908,0.339137616499,0.0316980189508,0.061563623509
28,0.632650589489,0.576242251082,0.329212264554,0.0316980189508,0.0624882345106
29,0.632650589489,0.576242251082,0.329212264554,0.0310137572639,0.0624882345106
30,0.632650589489,0.576242251082,0.329212264554,0.0316980189508,0.0624882345106
31,0.634692709062,0.577424900256,0.319286912609,0.0310137572639,0.0634128455122
32,0.632650589489,0.576242251082,0.329212264554,0.0310137572639,0.0624882345106
33,0.632650589489,0.576242251082,0.329212264554,0.0316980189508,0.0624882345106
34,0.634692709062,0.577424900256,0.319286912609,0.0316980189508,0.0634128455122
35,0.634692709062,0.577424900256,0.319286912609,0.0310137572639,0.0634128455122
36,0.632650589489,0.576242251082,0.329212264554,0.0316980189508,0.0624882345106
37,0.634730591371,0.578947332179,0.356074076906,0.0310137572639,0.0599858822151
38,0.636810593253,0.581652413276,0.382935889257,0.0316980189508,0.0574835299196
39,0.640932714708,0.585540143547,0.399872349663,0.0307686550558,0.0559057886258
40,0.636810593253,0.581652413276,0.382935889257,0.0307686550558,0.0574835299196
41,0.639005329501,0.59214440827,0.353613494226,0.0270483027741,0.0602151014739
42,0.628566350341,0.573876952734,0.349062968444,0.0316980189508,0.0606390125074
43,0.628566350341,0.573876952734,0.349062968444,0.0316980189508,0.0606390125074
44,0.628566350341,0.573876952734,0.349062968444,0.0316980189508,0.0606390125074
45,0.622829674835,0.54776856562,0.340779152826,0.0316980189508,0.0614107037379
46,0.622829674835,0.54776856562,0.340779152826,0.0316980189508,0.0614107037379
47,0.622829674835,0.54776856562,0.340779152826,0.0316980189508,0.0614107037379
48,0.622829674835,0.54776856562,0.340779152826,0.0316980189508,0.0614107037379
49,0.622829674835,0.54776856562,0.340779152826,0.0316980189508,0.0614107037379
50,0.613657313045,0.491443329454,0.343398278133,0.0316980189508,0.0611667152036
51,0.621728690412,0.514334950379,0.306731322246,0.0424910997411,0.0645824803066
52,0.621806760576,0.533336653737,0.292550775938,0.0410241397526,0.0659034903018
53,0.626520521824,0.545013128969,0.25260621467,0.0316980189508,0.0696245856351
54,0.624474693306,0.516149305203,0.156149460895,0.0368454519815,0.0786101587628
55,0.625497607565,0.530581217086,0.204377837782,0.0368454519815,0.0741173721989
56,0.626520521824,0.545013128969,0.25260621467,0.0316980189508,0.0696245856351
57,0.627543436083,0.559445040852,0.300834591557,0.0316980189508,0.0651317990712
58,0.626520521824,0.545013128969,0.25260621467,0.0316980189508,0.0696245856351
59,0.629150023174,0.551795037464,0.266742524805,0.0316980189508,0.0683076965267
60,0.631779524524,0.55857694596,0.28087883494,0.0345142853311,0.0669908074183
61,0.641165276377,0.574679899232,0.31251292311,0.0316980189508,0.064043886633
62,0.630172937433,0.566226949347,0.314970901692,0.0316980189508,0.0638149099628
63,0.636624026032,0.564790505744,0.293250686458,0.0316980189508,0.0658382890908
64,0.642192989554,0.572607645114,0.295862594686,0.0316980189508,0.0655949728743
65,0.646675260056,0.578019415104,0.313114417848,0.0293706460635,0.0639878534913
66,0.636986257039,0.565592295537,0.288370714813,0.0345142853311,0.0662928901463
67,0.632827647062,0.554191867621,0.288989729175,0.0345142853311,0.0662352249378
68,0.628566350341,0.573876952734,0.349062968444,0.0316980189508,0.0606390125074
69,0.634646149318,0.572413610393,0.289344497928,0.0307688094049,0.0662021759242
70,0.628566350341,0.573876952734,0.349062968444,0.0316980189508,0.0606390125074
71,0.628566350341,0.573876952734,0.349062968444,0.0316980189508,0.0606390125074
72,0.628566350341,0.573876952734,0.349062968444,0.0316980189508,0.0606390125074
73,0.631820406517,0.571405804046,0.332584407542,0.0316980189508,0.0621740974883
74,0.628566350341,0.573876952734,0.349062968444,0.0316980189508,0.0606390125074
75,0.633773082857,0.580892302312,0.356554848317,0.0316980189508,0.0599410952354
76,0.628566350341,0.573876952734,0.349062968444,0.0316980189508,0.0606390125074
77,0.628566350341,0.573876952734,0.349062968444,0.0316980189508,0.0606390125074
78,0.632688471797,0.577764683005,0.365999428851,0.0316980189508,0.0590612712135
79,0.632688471797,0.577764683005,0.365999428851,0.0316980189508,0.0590612712135
80,0.645633232399,0.586785573237,0.306072925185,0.0316980189508,0.0646438142694
81,0.654455871546,0.591918733197,0.229209961113,0.0272708201505,0.0718040986191
82,0.654455871546,0.591918733197,0.229209961113,0.0272708201505,0.0718040986191
83,0.652207180974,0.581525209313,0.234964772049,0.0316980189508,0.0712680006013
84,0.673875226824,0.588590754151,0.226561303377,0.0278699973275,0.0720508382909
85,0.683730120257,0.587931608738,0.111925754773,0.0316980189508,0.0827298842334
86,0.666326298962,0.559364790258,0.151465119765,0.0323692921628,0.0790465355651
87,0.712776802913,0.607348048274,-0.013077796046,0.0272708201505,0.0943747769251
88,0.696068639824,0.548133513336,0.0407888272517,0.0313460462342,0.0893567510862
89,0.684464098915,0.5585250118,0.0943562525314,0.0272708201505,0.084366597486
90,0.680394505654,0.600764972066,0.0528268843142,0.0272708201505,0.0882353278803
91,0.686842329504,0.609873187979,0.0511286672147,0.0272708201505,0.0883935278335
92,0.680048534652,0.590176113456,0.126918366476,0.0272708201505,0.081333225072
93,0.681636801508,0.577484378265,0.170018368512,0.0345127002872,0.0773181799358
94,0.68843059636,0.597181452788,0.0942286692502,0.0272708201505,0.0843784826973
95,0.682187658737,0.594773282195,0.0997688881345,0.0272708201505,0.083862375323
96,0.675393863885,0.575076207672,0.175558587396,0.0272708201505,0.0768020725615
97,0.654110980938,0.530248644458,0.373709732511,0.0345127002872,0.058343006347
98,0.648900782781,0.540001257638,0.319040518598,0.0345127002872,0.0634357987148
99,0.654110980938,0.530248644458,0.373709732511,0.0345127002872,0.058343006347
100,0.648900782781,0.540001257638,0.319040518598,0.0345127002872,0.0634357987148
101,0.654110980938,0.530248644458,0.373709732511,0.0345127002872,0.058343006347
102,0.648900782781,0.540001257638,0.319040518598,0.0345127002872,0.0634357987148
103,0.654110980938,0.530248644458,0.373709732511,0.0345127002872,0.058343006347
104,0.648900782781,0.540001257638,0.319040518598,0.0345127002872,0.0634357987148
105,0.654571621966,0.526950099077,0.374816514178,0.0345127002872,0.0582399024458
106,0.652559332559,0.536536649419,0.278499339134,0.0345127002872,0.0672124729082
107,0.642138936247,0.55604187578,0.169160911308,0.0313358678839,0.0773980576437
108,0.639778515248,0.568014898779,0.16505203321,0.0313358678839,0.0777808263269
109,0.633270188313,0.569259097179,0.15503287686,0.0313358678839,0.0787141758182
110,0.633270188313,0.569259097179,0.15503287686,0.0313358678839,0.0787141758182
111,0.633270188313,0.569259097179,0.15503287686,0.0313358678839,0.0787141758182
112,0.630171890687,0.557707822695,0.198044576005,0.0313358678839,0.0747073566698
113,0.634276733525,0.565712014763,0.159165955947,0.0313358678839,0.0783291526557
114,0.635283278737,0.562164932347,0.163299035034,0.0327841926517,0.0779441294932
115,0.635283278737,0.562164932347,0.163299035034,0.0313358678839,0.0779441294932
116,0.637296369161,0.555070767515,0.171565193209,0.0327841926517,0.0771740831682
117,0.631224147657,0.54288670012,0.230159317976,0.0327841926517,0.071715659861
118,0.624145380942,0.534249715141,0.284620363656,0.0355683638638,0.0666422597162
119,0.627892779149,0.531485275835,0.265710533671,0.0327841926517,0.0684038332039
120,0.624145380942,0.534249715141,0.284620363656,0.0355683638638,0.0666422597162
121,0.638302914373,0.551523685099,0.175698272296,0.0327841926517,0.0767890600058
122,0.654973652366,0.565452356089,0.10648941067,0.0327841926517,0.0832363149971
123,0.671644390359,0.579381027078,0.0372805490442,0.0327841926517,0.0896835699885
124,0.654973652366,0.565452356089,0.10648941067,0.0327841926517,0.0832363149971
125,0.671644390359,0.579381027078,0.0372805490442,0.0327841926517,0.0896835699885
126,0.676856515484,0.58486010248,0.0154538624087,0.0327841926517,0.091716867619
127,0.683596368804,0.596135453503,0.0232030046787,0.0233725964965,0.0909949846837
128,0.683596368804,0.596135453503,0.0232030046787,0.0233725964965,0.0909949846837
129,0.650219217799,0.556577527574,0.112589500127,0.0327841926517,0.0826680520424
130,0.671644390359,0.579381027078,0.0372805490442,0.0274898973426,0.0896835699885
131,0.671644390359,0.579381027078,0.0372805490442,0.0327841926517,0.0896835699885
132,0.704985866346,0.607238369057,-0.101137174207,0.0274898973426,0.102578079971
133,0.688315128353,0.593309698068,-0.0319283125816,0.0274898973426,0.0961308249798
134,0.671644390359,0.579381027078,0.0372805490442,0.0327841926517,0.0896835699885
135,0.671644390359,0.579381027078,0.0372805490442,0.0274898973426,0.0896835699885
136,0.656828346882,0.544669222825,0.118947113984,0.0388922759005,0.0820757990171
137,0.671497868055,0.572770178083,0.0269810327973,0.0327841926517,0.0906430368251
138,0.671644390359,0.579381027078,0.0372805490442,0.0274898973426,0.0896835699885
139,0.654973652366,0.565452356089,0.10648941067,0.0327841926517,0.0832363149971
140,0.655285868402,0.562066241602,0.0666979549517,0.0346435834053,0.0869431475539
141,0.671644390359,0.579381027078,0.0372805490442,0.0274898973426,0.0896835699885
142,0.638308419785,0.556208696242,0.204965212101,0.0327841926517,0.0740626544659
143,0.638308419785,0.556208696242,0.204965212101,0.0327841926517,0.0740626544659
144,0.638313925198,0.560893707385,0.234232151907,0.0327841926517,0.0713362489261
145,0.640564534617,0.557328848008,0.244825028116,0.0324279667167,0.0703494537035
146,0.638302914373,0.551523685099,0.175698272296,0.0327841926517,0.0767890600058
147,0.638302914373,0.551523685099,0.175698272296,0.0327841926517,0.0767890600058
148,0.636674423194,0.556118876013,0.205858024624,0.0317252163326,0.0739794831804
149,0.638302914373,0.551523685099,0.175698272296,0.0327841926517,0.0767890600058
150,0.631250463916,0.52423278308,0.182145696681,0.0327841926517,0.0761884405465
151,0.638302914373,0.551523685099,0.175698272296,0.0327841926517,0.0767890600058
152,0.640300639593,0.553740254283,0.144387877812,0.0327841926517,0.0797058266217
153,0.64063113957,0.555563466108,0.148830957573,0.0321128171959,0.0792919248829
154,0.638963914325,0.555170108749,0.184584431817,0.0319659980237,0.0759612565283
155,0.6398708897,0.537471635351,0.187025675624,0.0327841926517,0.0757338388111
156,0.626816335952,0.526365624745,0.178678339532,0.0327841926517,0.0765114473864
157,0.626300219984,0.527325435233,0.193248843707,0.0327841926517,0.075154110283
158,0.638302914373,0.551523685099,0.175698272296,0.0327841926517,0.0767890600058
159,0.637894229123,0.552483355058,0.192291245033,0.0327841926517,0.0752433168193
160,0.637894229123,0.552483355058,0.192291245033,0.0327841926517,0.0752433168193
161,0.637894229123,0.552483355058,0.192291245033,0.0327841926517,0.0752433168193
162,0.637485543872,0.553443025017,0.208884217771,0.0327841926517,0.0736975736328
163,0.637485543872,0.553443025017,0.208884217771,0.0327841926517,0.0736975736328
164,0.636668173372,0.555362364934,0.242070163246,0.0327069068002,0.0706060872598
165,0.637076858622,0.554402694976,0.225477190508,0.0327069068002,0.0721518304463
166,0.637894229123,0.552483355058,0.192291245033,0.0327841926517,0.0752433168193
167,0.637485543872,0.553443025017,0.208884217771,0.0327841926517,0.0736975736328
168,0.637485543872,0.553443025017,0.208884217771,0.0327841926517,0.0736975736328
169,0.627143525733,0.528790086179,0.218097974919,0.0327069068002,0.0728392523085
170,0.627960896233,0.526870746261,0.184912029444,0.0327841926517,0.0759307386815
171,0.607276859954,0.477564868585,0.203339543739,0.0327841926517,0.0742140960331
172,0.596934841815,0.452911929747,0.212553300887,0.0414568901668,0.0733557747088
173,0.617618878094,0.502217807423,0.194125786591,0.0414568901668,0.0750724173573
174,0.577603065969,0.422065578442,0.216613028984,0.0327841926517,0.0729775846675
175,0.56726104783,0.397412639604,0.225826786132,0.0414568901668,0.0721192633433
176,0.596934841815,0.452911929747,0.212553300887,0.0414568901668,0.0733557747088
177,0.596934841815,0.452911929747,0.212553300887,0.0414568901668,0.0733557747088
178,0.617618878094,0.502217807423,0.194125786591,0.0414568901668,0.0750724173573
179,0.638302914373,0.551523685099,0.175698272296,0.0327841926517,0.0767890600058
180,0.638302914373,0.551523685099,0.175698272296,0.0327841926517,0.0767890600058
181,0.623367052749,0.530112198761,0.2052010864,0.0327841926517,0.0740406812429
182,0.631455830942,0.530258439064,0.180480485166,0.0327841926517,0.0763435658151
183,0.616297288736,0.480668283229,0.193819735311,0.0327841926517,0.0751009280219
184,0.606521454616,0.445283709662,0.206151596992,0.0403157372043,0.0739521350075
185,0.605057079272,0.438224045897,0.209926421397,0.0418541668836,0.0736004855956
186,0.625958140206,0.488166819091,0.195013560752,0.0418541668836,0.0749897154279
187,0.611739704422,0.511622097535,0.213905796354,0.0364707649636,0.0732297809712
188,0.629991455598,0.523198775299,0.184255309571,0.0327841926517,0.0759919164032
189,0.631545470501,0.516327009812,0.1606608735,0.0327841926517,0.0781898913757
190,0.635989210547,0.504746936725,0.223469630371,0.0327841926517,0.0723388477128
191,0.650889530648,0.524306173373,0.245565077723,0.0341115000223,0.0702805132758
192,0.643251373398,0.483880798436,0.32609171266,0.0346817916713,0.0627789341884
193,0.64219715213,0.510068084896,0.237833647001,0.0341115000223,0.0710007462654
194,0.647190394464,0.528363538924,0.301315786037,0.0361827029907,0.0650869726799
195,0.642746654418,0.539943612012,0.238507029166,0.0327841926517,0.0709380163429
196,0.647190394464,0.528363538924,0.301315786037,0.0327841926517,0.0650869726799
197,0.642746654418,0.539943612012,0.238507029166,0.0327841926517,0.0709380163429
198,0.638302914373,0.551523685099,0.175698272296,0.0327841926517,0.0767890600058
199,0.638302914373,0.551523685099,0.175698272296,0.0327841926517,0.0767890600058
200,0.637311465455,0.531179880262,0.168318219527,0.0327841926517,0.0774765598567
201,0.635328567618,0.490492270589,0.153558113988,0.0327841926517,0.0788515595587
202,0.637311465455,0.531179880262,0.168318219527,0.039971051158,0.0774765598567
203,0.639027088528,0.55529779558,0.179272574142,0.0327841926517,0.0764560905727
204,0.638397559772,0.551008311313,0.110426880847,0.0319168935777,0.0828695140752
205,0.636949211462,0.543460090351,0.103278277155,0.0327841926517,0.0835354529413
206,0.629159418149,0.515050789284,0.0995690813678,0.0327841926517,0.0838809886211
207,0.644282918703,0.551879719308,0.2326511103,0.0321944273026,0.0714835332211
208,0.629766792547,0.521064958729,0.182516309418,0.0327841926517,0.0761539155628
209,0.629766792547,0.521064958729,0.182516309418,0.0327841926517,0.0761539155628
210,0.638302914373,0.551523685099,0.175698272296,0.0327841926517,0.0767890600058
211,0.643204854664,0.545368438857,0.173587918929,0.0327841926517,0.0769856531292
212,0.649981681659,0.535772430003,0.113034327353,0.0327841926517,0.082626613497
213,0.643682900412,0.523344964725,0.112587132937,0.0387744655299,0.0826682725615
214,0.643204854664,0.545368438857,0.173587918929,0.0327841926517,0.0769856531292
215,0.644179726161,0.554763065865,0.178792336616,0.0327841926517,0.0765008278175
216,0.638302914373,0.551523685099,0.175698272296,0.0327841926517,0.0767890600058
217,0.638302914373,0.551523685099,0.175698272296,0.0327841926517,0.0767890600058
218,0.638302914373,0.551523685099,0.175698272296,0.0327841926517,0.0767890600058
219,0.638302914373,0.551523685099,0.175698272296,0.0327841926517,0.0767890600058
220,0.640935817461,0.551079292866,0.183071772925,0.0327841926517,0.0761021705293
221,0.634411514849,0.520602580026,0.189110707263,0.0328353690434,0.0755396045711
222,0.634411514849,0.520602580026,0.189110707263,0.0437720744437,0.0755396045711
223,0.643568720548,0.550634900633,0.190445273553,0.0328353690434,0.0754152810528
224,0.643568720548,0.550634900633,0.190445273553,0.0327841926517,0.0754152810528
225,0.648834526724,0.549746116166,0.205192274811,0.0328353690434,0.0740415020997
226,0.646201623636,0.550190508399,0.197818774182,0.0328353690434,0.0747283915762
227,0.648834526724,0.549746116166,0.205192274811,0.0328353690434,0.0740415020997
228,0.651467429812,0.549301723933,0.212565775439,0.0328353690434,0.0733546126232
229,0.647880800219,0.555325746511,0.198869554426,0.0328353690434,0.0746305045713
230,0.647880800219,0.555325746511,0.198869554426,0.0328353690434,0.0746305045713
231,0.644294170626,0.561349769089,0.185173333414,0.0328353690434,0.0759063965195
232,0.659583407237,0.581225989251,0.158296474099,0.0328353690434,0.0784101505374
233,0.674783699712,0.591456099169,0.129954351029,0.0316521321859,0.0810504033913
234,0.685585907958,0.591797220401,0.238344658554,0.0246948269334,0.07095314222
235,0.684564790427,0.589432161671,0.171217737436,0.025998058579,0.0772064509303
236,0.6565052046,0.550057718762,0.237377136693,0.0328353690434,0.0710432731657
237,0.6565052046,0.550057718762,0.237377136693,0.0328353690434,0.0710432731657
238,0.653986317206,0.549679721347,0.224971456066,0.0328353690434,0.0721989428945
239,0.6565052046,0.550057718762,0.237377136693,0.0328353690434,0.0710432731657
240,0.663136917461,0.545037312176,0.269822120584,0.0344761965747,0.068020812177
241,0.659024091994,0.550435716177,0.24978281732,0.0331009183057,0.069887603437
242,0.653986317206,0.549679721347,0.224971456066,0.0328353690434,0.0721989428945
243,0.638400641426,0.515887739594,0.246284956381,0.0453948494331,0.070213451903
244,0.6565052046,0.550057718762,0.237377136693,0.0331009183057,0.0710432731657
245,0.649091687451,0.554809039286,0.220343054416,0.0317095798395,0.0726301085709
246,0.651467429812,0.549301723933,0.212565775439,0.0328353690434,0.0733546126232
247,0.651467429812,0.549301723933,0.212565775439,0.0328353690434,0.0733546126232
248,0.643531091617,0.534406498714,0.175249518995,0.0379538247187,0.0768308642905
249,0.651467429812,0.549301723933,0.212565775439,0.0328353690434,0.0733546126232
250,0.651467429812,0.549301723933,0.212565775439,0.0328353690434,0.0733546126232
251,0.651467429812,0.549301723933,0.212565775439,0.0328353690434,0.0733546126232
252,0.650573651971,0.547329395697,0.23079406131,0.0336558963833,0.0716565293966
253,0.651467429812,0.549301723933,0.212565775439,0.0328353690434,0.0733546126232
254,0.651467429812,0.549301723933,0.212565775439,0.0328353690434,0.0733546126232
255,0.651838316032,0.540629546606,0.233911290029,0.0328353690434,0.0713661392941
256,0.653539459301,0.515993157498,0.212140964892,0.0328353690434,0.0733941864849
257,0.648485473519,0.518123359856,0.274039065,0.0353966273884,0.0676279764145
258,0.64382061021,0.504347810336,0.276411194017,0.0328353690434,0.0674069971889
259,0.634074099087,0.464919248744,0.358477380413,0.0372686960432,0.0597619988833
260,0.64054772891,0.493177023997,0.321615373454,0.0353966273884,0.0631959342605
261,0.640176842689,0.501849201323,0.300269858865,0.0328353690434,0.0651844075896
262,0.640176842689,0.501849201323,0.300269858865,0.0328353690434,0.0651844075896
263,0.636704599254,0.473392520235,0.371754936117,0.0372686960432,0.058525108328
264,0.640308927065,0.48127603532,0.384329978018,0.0388184365023,0.0573536614965
265,0.640308927065,0.48127603532,0.384329978018,0.0328353690434,0.0573536614965
266,0.637148522748,0.473802197791,0.402442676623,0.0388184365023,0.0556663459744
267,0.640679813286,0.472603857993,0.405675492607,0.0388184365023,0.0553651881674
268,0.63646579741,0.461491531557,0.434469540681,0.0388184365023,0.052682835564
269,0.640679813286,0.472603857993,0.405675492607,0.0388184365023,0.0553651881674
270,0.640679813286,0.472603857993,0.405675492607,0.0388184365023,0.0553651881674
271,0.640679813286,0.472603857993,0.405675492607,0.0353966273884,0.0553651881674
272,0.632251781534,0.450379205122,0.463263588754,0.0388184365023,0.0500004829606
273,0.635554627842,0.463795578501,0.460160279233,0.0388184365023,0.0502895763993
274,0.635554627842,0.463795578501,0.460160279233,0.0388184365023,0.0502895763993
275,0.640926955696,0.478212045815,0.462237785834,0.0388184365023,0.0500960431655
276,0.635554627842,0.463795578501,0.460160279233,0.0388184365023,0.0502895763993
277,0.635554627842,0.463795578501,0.460160279233,0.0388184365023,0.0502895763993
278,0.638857474151,0.477211951879,0.457056969712,0.0388184365023,0.0505786698381
279,0.635554627842,0.463795578501,0.460160279233,0.0388184365023,0.0502895763993
280,0.637026498055,0.478663473666,0.410445241972,0.0388184365023,0.0549208550332
281,0.640329344363,0.492079847045,0.407341932451,0.0388184365023,0.055209948472
282,0.623947305141,0.475525393144,0.386434384371,0.0353195843379,0.057157622376
283,0.632804887237,0.470289607131,0.438061608676,0.0347840042012,0.0523482110988
284,0.61917258862,0.4472411246,0.439252731153,0.0388184365023,0.0522372503033
285,0.632804887237,0.470289607131,0.438061608676,0.0347840042012,0.0523482110988
286,0.64216032046,0.490628325258,0.453953660191,0.0388184365023,0.0508677632768
287,0.640518077932,0.500017366736,0.432175087448,0.0347840042012,0.0528965787857
288,0.637215231623,0.486600993357,0.43527839697,0.0364711732932,0.052607485347
289,0.639390707031,0.491458156139,0.450831180384,0.0388184365023,0.0511586425522
290,0.645996399648,0.518290902897,0.444624561342,0.0347840042012,0.0517368294297
291,0.646226808908,0.519539516402,0.419644847885,0.0347840042012,0.0540638519884
292,0.656272481801,0.534419083208,0.322400173628,0.0347840042012,0.0631228250268
293,0.664048757195,0.552654760037,0.211516659413,0.0279802175662,0.0734523445954
294,0.672196809887,0.556369856731,0.227677488245,0.0348684237071,0.0719468584206
295,0.703961551021,0.594719709542,0.0193830228709,0.028587502559,0.0913508408009
296,0.711745664067,0.597244730384,0.0351018602457,0.0272904333643,0.0898865290012
297,0.711745664067,0.597244730384,0.0351018602457,0.0272904333643,0.0898865290012
298,0.724937844548,0.612540143056,-0.0502023614064,0.0272904333643,0.0978331713229
299,0.725171486999,0.611583679805,-0.0700106286241,0.0291757911763,0.0996784400745
