 predict: [ 0.22117525  0.19947214  0.62475367  0.30975671  0.25345795  0.31462892
  0.20584784  0.28781853  0.22525931  0.9505727   0.87158045  0.67669634
  0.74700795  0.78925231  0.70335595  0.66192729  0.70299262  0.78583237
  0.51635     0.61023213  0.23453644  0.49174014  0.91332395  0.6041837
  0.81190969  0.27973268  0.34133084  0.28026839  0.24471984  0.23849166
  0.26116437]
predict_1.1: [ 0.22145372  0.19576709  0.60508224  0.31336987  0.25223433  0.29157956
  0.2067208   0.290132    0.22475011  0.80399594  0.87488554  0.647909
  0.74832395  0.79595035  0.56609059  0.55534697  0.68670443  0.76951725
  0.34622722  0.61780017  0.23255228  0.47691007  0.82184577  0.61007258
  0.81922866  0.27973268  0.34323081  0.28283092  0.2442463   0.23655914
  0.26502991]
predict_1.2: [ 0.22150329  0.19168045  0.57712814  0.31655225  0.25019694  0.26202912
  0.20722765  0.29143069  0.22361825  0.63412326  0.87352149  0.60998153
  0.7465087   0.80037069  0.40694068  0.43084889  0.66245607  0.74502069
  0.15366383  0.62293155  0.23042733  0.45672584  0.71633211  0.61390269
  0.82449401  0.27973268  0.34312914  0.28510552  0.24375664  0.23448693
  0.26839293]
predict_0.8: [ 0.21993824  0.20574918  0.63936186  0.30125395  0.25349702  0.34133316
  0.20301612  0.2801929   0.22443399  1.16873462  0.85115017  0.70687051
  0.73511907  0.76912764  0.90866249  0.81947986  0.71182528  0.79404773
  0.78466765  0.58790263  0.2380855   0.50548789  1.0531511   0.58632676
  0.79120337  0.27973268  0.33162264  0.2742888   0.24561866  0.24194068
  0.25194537]

true values: [ 0.63462109  0.35642601  0.63450218  0.43969882  0.05113687  0.2336543
  0.23962881  0.20104398  0.          0.91650208  1.          0.85766899
  0.6617303   0.99276774  0.61681411  0.97556683  0.72010374  0.91753731
  0.61662505  0.48673577  0.14619631  0.79308565  0.99833469  0.7116999
  0.7516807   0.42972151  0.70755719  0.57205149  0.6923624   0.13122858
  0.06118647]