r2_5_features: 0.566847699284
mse_5_features: 0.040350950257
SV: 
[[ 0.125       0.02106631  0.17482517  0.03431953  0.03788634]
 [ 0.025       0.03648324  0.05128205  0.04378698  0.03988036]
 [ 0.3         0.66139134  0.28671329  0.59881657  0.57627119]
 [ 0.0625      0.1336779   0.08158508  0.05207101  0.05682951]
 [ 0.0875      0.25882093  0.16783217  0.23076923  0.22931206]
 [ 0.125       0.13366131  0.1981352   0.13136095  0.13559322]
 [ 0.4125      0.73578398  0.51981352  0.50295858  0.48554337]
 [ 0.325       0.32904563  0.36130536  0.27692308  0.25623131]
 [ 0.5         0.37705978  0.56643357  0.20118343  0.19042871]
 [ 0.3875      0.29815649  0.37995338  0.33609467  0.33499501]
 [ 0.3875      1.          0.46853147  1.          1.        ]
 [ 0.3875      0.95183107  0.37062937  0.80118343  0.75772682]
 [ 0.2         0.61974517  0.22843823  0.53727811  0.52143569]
 [ 0.25        0.69643183  0.21678322  0.96213018  0.88534397]
 [ 0.4625      0.70924518  0.48951049  0.47337278  0.42771685]
 [ 1.          0.69213676  1.          0.94201183  0.88434696]
 [ 0.3125      0.45540477  0.27738928  0.28402367  0.2552343 ]
 [ 0.45        0.48476272  0.38694639  0.41420118  0.37188435]
 [ 0.15        0.25317155  0.17715618  0.12071006  0.111665  ]
 [ 0.025       0.01474807  0.03030303  0.01065089  0.00897308]
 [ 0.1625      0.15080291  0.1025641   0.0295858   0.02991027]]
dual_coef: 
[[ -660.53847079  1000.         -1000.         -1000.         -1000.         -1000.
    734.05603866  1000.          -101.05336752   698.18731594
   -103.75220938   335.19044361   664.30181977    31.79825792 -1000.
    -22.95059509   514.42981921  -437.33231286  1000.          1000.
   -652.33673948]]
intercept: 
[ 0.70567582]
