r2_10_features: 0.455214199257
mse_10_features: 0.0507503358752
SV: 
[[  1.25000000e-01   2.10663055e-02   1.74825175e-01   3.43195266e-02
    3.78863410e-02   1.00000000e+00   1.29883102e-01   1.01137539e-01
    1.05936467e-01   1.43745144e-01]
 [  2.50000000e-02   3.64832371e-02   5.12820513e-02   4.37869822e-02
    3.98803589e-02   3.55732287e-02   7.47651657e-02   5.64632885e-02
    5.74241771e-02   6.94120694e-02]
 [  1.12500000e-01   1.26530499e-01   1.46853147e-01   1.73964497e-01
    1.79461615e-01   1.91300142e-02   7.85061908e-01   2.82109617e-01
    3.01063677e-01   3.21160321e-01]
 [  6.25000000e-02   1.33677897e-01   8.15850816e-02   5.20710059e-02
    5.68295115e-02   5.37628631e-02   1.21411081e-01   1.60082730e-01
    1.63791864e-01   1.72494172e-01]
 [  8.75000000e-02   2.58820928e-01   1.67832168e-01   2.30769231e-01
    2.29312064e-01   4.82817916e-02   2.23484817e-01   2.30610134e-01
    2.38896076e-01   2.03056203e-01]
 [  1.25000000e-01   1.33661314e-01   1.98135198e-01   1.31360947e-01
    1.35593220e-01   2.31199119e-02   1.38894653e-01   1.58841779e-01
    1.84346701e-01   1.74048174e-01]
 [  1.12500000e-01   5.98546198e-02   1.70163170e-01   3.07692308e-02
    3.48953141e-02   5.11096483e-01   1.62230062e-01   7.83867632e-02
    9.75995400e-02   9.19450919e-02]
 [  3.25000000e-01   3.29045632e-01   3.61305361e-01   2.76923077e-01
    2.56231306e-01   4.07560655e-01   5.84483641e-01   3.82626680e-01
    4.03191031e-01   4.97280497e-01]
 [  3.87500000e-01   2.98156491e-01   3.79953380e-01   3.36094675e-01
    3.34995015e-01   6.83521857e-02   2.88704434e-01   3.32781799e-01
    3.35705045e-01   3.13908314e-01]
 [  3.87500000e-01   9.51831072e-01   3.70629371e-01   8.01183432e-01
    7.57726820e-01   2.50893361e-01   7.51663554e-01   8.59772492e-01
    8.44904413e-01   1.00000000e+00]
 [  2.50000000e-01   6.96431829e-01   2.16783217e-01   9.62130178e-01
    8.85343968e-01   1.15989145e-01   4.18103341e-01   4.59358842e-01
    4.55009343e-01   5.20072520e-01]
 [  4.62500000e-01   7.09245184e-01   4.89510490e-01   4.73372781e-01
    4.27716849e-01   7.16918778e-01   1.00000000e+00   9.68769390e-01
    1.00000000e+00   7.27013727e-01]
 [  2.37500000e-01   5.97390896e-01   2.82051282e-01   3.32544379e-01
    2.92123629e-01   5.75378167e-02   3.44093519e-01   6.14477766e-01
    5.78338364e-01   4.20098420e-01]
 [  3.87500000e-01   3.63693651e-01   3.44988345e-01   3.05325444e-01
    2.80159521e-01   1.04355302e-01   1.64390952e-01   2.39296794e-01
    2.48167313e-01   2.04610205e-01]
 [  1.00000000e+00   6.92136757e-01   1.00000000e+00   9.42011834e-01
    8.84346959e-01   1.49587576e-01   7.32724632e-01   1.00000000e+00
    8.46341814e-01   9.80833981e-01]
 [  3.12500000e-01   4.55404770e-01   2.77389277e-01   2.84023669e-01
    2.55234297e-01   9.77323410e-02   2.11501695e-01   4.97621510e-01
    3.29164870e-01   2.14193214e-01]
 [  4.50000000e-01   4.84762721e-01   3.86946387e-01   4.14201183e-01
    3.71884347e-01   6.20919423e-02   2.21456734e-01   3.58221303e-01
    3.42532701e-01   3.64672365e-01]
 [  0.00000000e+00   0.00000000e+00   0.00000000e+00   0.00000000e+00
    0.00000000e+00   0.00000000e+00   0.00000000e+00   0.00000000e+00
    0.00000000e+00   0.00000000e+00]
 [  1.37500000e-01   2.57643515e-01   1.32867133e-01   2.98224852e-01
    2.87138584e-01   4.40903839e-02   2.03843121e-01   3.25749741e-01
    3.14359638e-01   3.68298368e-01]
 [  1.50000000e-01   2.53171554e-01   1.77156177e-01   1.20710059e-01
    1.11665005e-01   6.21994143e-03   2.20455143e-01   1.90486039e-01
    1.95486560e-01   2.00984201e-01]
 [  2.50000000e-02   1.47480722e-02   3.03030303e-02   1.06508876e-02
    8.97308076e-03   1.34339988e-05   2.40907519e-02   4.71561531e-02
    4.33376455e-02   2.77130277e-02]
 [  1.62500000e-01   1.50802908e-01   1.02564103e-01   2.95857988e-02
    2.99102692e-02   2.00838282e-02   1.38316387e-01   1.60082730e-01
    1.52220785e-01   1.18622119e-01]]
dual_coef: 
[[   -3.86909847  1000.          -107.90125716  -520.29319011
   -605.29596441  -844.70215455    -6.6028553     71.79782136
    414.82300417    -7.22888059    13.14084637   -19.93241213
    129.93958832   181.26271074   -12.06760097    17.16502659
   -438.10851485  -889.21408536   266.26294185  1000.          1000.
   -639.17592549]]
intercept: 
[-1.28745651]
