generation,train,validation,test,validmse,testmse
0,0.753616678643,0.667239319053,0.585788876985,0.0273638829071,0.0385864565258
1,0.74812734314,0.64980283278,0.585788876985,0.02866549884,0.0385864565258
2,0.721916524861,0.642758206042,0.585788876985,0.0303341227022,0.0385864565258
3,0.734844406444,0.631227949139,0.585788876985,0.0304596358097,0.0385864565258
4,0.723726248565,0.618743580729,0.585788876985,0.0319517665094,0.0385864565258
5,0.74683133074,0.69633197432,0.630502644812,0.0252726465612,0.0344210786243
6,0.753823282752,0.661422464267,0.630502644812,0.027817607732,0.0344210786243
7,0.743705455973,0.702516343704,0.654960081734,0.0245699168083,0.0321427095172
8,0.743734485665,0.650258969245,0.654960081734,0.0294528556631,0.0321427095172
9,0.760046366953,0.688176743769,0.591596593775,0.0253752910447,0.0380454299842
10,0.745244567827,0.695047551925,0.535434735652,0.0249382696448,0.0432772718552
11,0.628492835419,0.472066404562,0.535434735652,0.0441627520408,0.0432772718552
12,0.728598783401,0.675892888767,0.524851005356,0.0264630499364,0.0442632150766
13,0.779077274358,0.721668005599,0.604456584925,0.0230737531674,0.0368474382793
14,0.769949121211,0.701095496729,0.604456584925,0.0250284835885,0.0368474382793
15,0.8167488938,0.72964839229,0.609493325164,0.0227754348239,0.036378233211
16,0.801426544006,0.714306119772,0.609493325164,0.0240645133671,0.036378233211
17,0.76108779368,0.682620246164,0.609493325164,0.0259765045459,0.036378233211
18,0.685337173144,0.536338059015,0.609493325164,0.0398016260105,0.036378233211
19,0.800726613894,0.68621805101,0.651841190178,0.0262943331843,0.0324332545237
20,0.773518911423,0.677958065146,0.651841190178,0.0266346318325,0.0324332545237
21,0.780943372204,0.686119513382,0.65332953668,0.0259788017122,0.0322946053798
22,0.733649876049,0.666946668142,0.65332953668,0.0289602543003,0.0322946053798
23,0.69210257486,0.591164902666,0.65332953668,0.0351205477824,0.0322946053798
24,0.733575524574,0.64442972794,0.596839830375,0.0292545783935,0.0375569884386
25,0.723150964559,0.659940069058,0.605055736596,0.0282236351848,0.0367916234094
26,0.649361609957,0.480654910578,0.605055736596,0.0442190830367,0.0367916234094
27,0.598929669258,0.524812704629,0.464232706701,0.0403166934125,0.0499102033291
28,0.675681590251,0.639674289204,0.483226047389,0.0308842790558,0.048140850277
29,0.706235123603,0.651735763844,0.531557845324,0.0296786209601,0.0436384293708
30,0.699038271955,0.635634597218,0.531557845324,0.0310837088126,0.0436384293708
31,0.63669689374,0.567576614035,0.531557845324,0.0374325270498,0.0436384293708
32,0.692635351351,0.608748830071,0.479613418352,0.0330309984593,0.0484773901369
33,0.643781638945,0.547314328931,0.479613418352,0.0388083052464,0.0484773901369
34,0.683222380105,0.611584328431,0.497485022146,0.0328505201836,0.0468125341624
35,0.66247999575,0.565360182136,0.497485022146,0.0375351714579,0.0468125341624
36,0.744041528398,0.66989392306,0.56650278833,0.0274533828508,0.0403830809527
37,0.657872004643,0.533815408595,0.56650278833,0.0396733986815,0.0403830809527
38,0.744042735204,0.656752666522,0.543235880334,0.0285787760704,0.0425505445575
39,0.750219637664,0.68531114909,0.574800266678,0.0261565734757,0.03961011695
40,0.763807015493,0.74312305693,0.570605752689,0.0214465397515,0.0400008631727
41,0.747316563792,0.691010522792,0.570605752689,0.0254633233388,0.0400008631727
42,0.76040446936,0.737910821222,0.590539214448,0.0215811145723,0.0381439317365
43,0.746910745179,0.711872503942,0.590539214448,0.0236035849343,0.0381439317365
44,0.783452108163,0.755497679883,0.626283411243,0.0199783911967,0.0348141276364
45,0.730893098194,0.650119661928,0.626283411243,0.0290114577632,0.0348141276364
46,0.758918938541,0.701662011347,0.618362797176,0.0241990545783,0.0355519842834
47,0.717166785051,0.637601953306,0.618362797176,0.029482790626,0.0355519842834
48,0.777258763218,0.732280679642,0.62835763558,0.0216797406446,0.0346209001668
49,0.784444516322,0.703865907227,0.62835763558,0.0246174960528,0.0346209001668
50,0.709495648112,0.61904790824,0.62835763558,0.0327747272637,0.0346209001668
51,0.691235367872,0.649287226928,0.45797085212,0.030066727356,0.0504935357559
52,0.653941951548,0.599596871432,0.45797085212,0.0340690491158,0.0504935357559
53,0.697089091663,0.678232956195,0.507575854614,0.0278685323698,0.0458725075752
54,0.692612915079,0.628167557093,0.507575854614,0.032677269881,0.0458725075752
55,0.797426375892,0.791489574768,0.669978190249,0.0172214607813,0.0307436751622
56,0.777428662773,0.693266884501,0.669978190249,0.0249529001491,0.0307436751622
57,0.739136720268,0.700580052563,0.624367625838,0.0246986642664,0.0349925954904
58,0.760160170106,0.732784219683,0.661538431762,0.021973188024,0.0315298934839
59,0.746486844433,0.691328127014,0.661538431762,0.0253118274823,0.0315298934839
60,0.771806387462,0.771236531382,0.637393045944,0.0186545844644,0.0337791930038
61,0.803256879913,0.806389861528,0.682372179341,0.0161304901037,0.0295890945759
62,0.748825076262,0.718695780823,0.682372179341,0.0228822650472,0.0295890945759
63,0.689574542003,0.613111463472,0.682372179341,0.0331267305094,0.0295890945759
64,0.78270174846,0.773604243813,0.532515436585,0.0188699025515,0.043549223525
65,0.780044751149,0.747199731095,0.532515436585,0.0210329820204,0.043549223525
66,0.758375027612,0.743224924118,0.532515436585,0.0209194671122,0.043549223525
67,0.79010849531,0.75265738578,0.568656251073,0.0206672305953,0.0401824719108
68,0.779724786233,0.737637658844,0.568656251073,0.0218190287814,0.0401824719108
69,0.820113261123,0.818062078753,0.673624447009,0.0150417171192,0.0304040026615
70,0.800315361466,0.766733179097,0.673624447009,0.0194661379347,0.0304040026615
71,0.77288296513,0.711223029375,0.673624447009,0.0243429239231,0.0304040026615
72,0.8166485128,0.80620267987,0.673709214678,0.016049718786,0.0303961060026
73,0.821383095807,0.79665562183,0.673709214678,0.0167043081828,0.0303961060026
74,0.761208502502,0.690591848548,0.673709214678,0.0254717578537,0.0303961060026
75,0.788631584033,0.752337871938,0.64033437413,0.0202159785459,0.0335051891786
76,0.780339286276,0.726993671494,0.64033437413,0.0225312784156,0.0335051891786
77,0.716352065894,0.686207579355,0.64033437413,0.0270179360617,0.0335051891786
78,0.751177581555,0.701343628299,0.570644818486,0.0244060853619,0.0399972239399
79,0.582072042567,0.476687962211,0.570644818486,0.0447959613208,0.0399972239399
80,0.767483876193,0.721995052859,0.540424065757,0.0227595076798,0.0428124833489
81,0.803777567176,0.740705599451,0.599018129534,0.0218739502621,0.0373540657232
82,0.77556115152,0.759563248007,0.555480425851,0.0201271682236,0.0414098856109
83,0.77556115152,0.759563248007,0.555480425851,0.0201271682236,0.0414098856109
84,0.767952148198,0.758857371921,0.555480425851,0.0202056055405,0.0414098856109
85,0.725593665978,0.664148010323,0.555480425851,0.0279807320064,0.0414098856109
86,0.73413241496,0.684225369745,0.567974638166,0.0256194589202,0.0402459685803
87,0.716361119922,0.644970592691,0.567974638166,0.0290889196906,0.0402459685803
88,0.718186209201,0.636309705429,0.567974638166,0.0303876752828,0.0402459685803
89,0.646489064792,0.624161623413,0.567974638166,0.0323379007496,0.0402459685803
90,0.791940963518,0.721187814568,0.63282418128,0.0229781616913,0.0342048124234
91,0.728878299783,0.635696563156,0.63282418128,0.0294378803601,0.0342048124234
92,0.753383565101,0.672475122485,0.58826980396,0.0266117404512,0.0383553420639
93,0.767918158486,0.690247843799,0.593065997064,0.0250994730545,0.0379085455236
94,0.679568283278,0.530530714666,0.593065997064,0.039185763316,0.0379085455236
95,0.618764234756,0.455024099635,0.593065997064,0.0466161205131,0.0379085455236
96,0.774160692549,0.654839937068,0.600680604559,0.0284923437445,0.0371991953765
97,0.665378966889,0.505541850621,0.600680604559,0.0425144688144,0.0371991953765
98,0.760317250764,0.683597785201,0.612701624231,0.0256662823665,0.0360793593141
99,0.738492316952,0.684064737108,0.631843772953,0.0256315884946,0.034296143827
100,0.757270554704,0.679461145554,0.631843772953,0.0267391689569,0.034296143827
101,0.558919670688,0.477328870454,0.631843772953,0.0445779047745,0.034296143827
102,0.757055063185,0.654311437323,0.599226198269,0.0288810920079,0.0373346827691
103,0.766351508334,0.682141291711,0.638612540003,0.0265057445793,0.0336655892113
104,0.75601208988,0.691090260613,0.621948565991,0.0263254067484,0.0352179466277
105,0.776987898252,0.774831162982,0.657183243827,0.018964208737,0.0319356075282
106,0.716872278228,0.65677648714,0.657183243827,0.0285341071427,0.0319356075282
107,0.776987898252,0.774831162982,0.657183243827,0.018964208737,0.0319356075282
108,0.710291841901,0.68075037338,0.657183243827,0.0273508364425,0.0319356075282
109,0.630626686528,0.515344105076,0.657183243827,0.0414630203002,0.0319356075282
110,0.712505135582,0.62794284562,0.561728864628,0.0310688209575,0.0408278029534
111,0.623210244422,0.560899095413,0.561728864628,0.0374556282443,0.0408278029534
112,0.728143719829,0.624266056258,0.535066194965,0.0315975740696,0.0433116038141
113,0.63700823714,0.627344003289,0.401814702576,0.0325937259597,0.0557248458358
114,0.640774319126,0.606752879746,0.401814702576,0.0337638846895,0.0557248458358
115,0.645330967479,0.538865428308,0.401814702576,0.0392840964013,0.0557248458358
116,0.611560098288,0.509337381094,0.401814702576,0.0420089157021,0.0557248458358
117,0.668286701421,0.700271978396,0.438764643428,0.0257604000479,0.0522827188452
118,0.673574420309,0.687261964024,0.438764643428,0.0268620761955,0.0522827188452
119,0.672540707367,0.688628091996,0.46792132183,0.0268561428502,0.0495665848713
120,0.667323807014,0.621201670257,0.46792132183,0.0325598505704,0.0495665848713
121,0.672540707367,0.688628091996,0.46792132183,0.0268561428502,0.0495665848713
122,0.652620772652,0.615257533177,0.46792132183,0.0332769608452,0.0495665848713
123,0.65722919233,0.634331960078,0.490083409069,0.031622133788,0.047502042496
124,0.649717964009,0.587665141798,0.490083409069,0.0353514109919,0.047502042496
125,0.65722919233,0.634331960078,0.490083409069,0.031622133788,0.047502042496
126,0.671402689733,0.61131910276,0.490083409069,0.0334513932099,0.047502042496
127,0.771029211361,0.678197978173,0.627306574187,0.0264652697732,0.0347188133625
128,0.762489946402,0.659253479826,0.627306574187,0.0276877844188,0.0347188133625
129,0.806265825073,0.672546546723,0.653450867141,0.0268327543155,0.0322833026593
130,0.767793309083,0.67955926558,0.592162919214,0.0263087130765,0.0379926730911
131,0.64069516502,0.536818675723,0.592162919214,0.0395998215259,0.0379926730911
132,0.698293995756,0.623915742207,0.528742435985,0.0317593009517,0.0439007030376
133,0.716596929969,0.663244644173,0.54733371995,0.028180234608,0.0421688041806
134,0.711266911297,0.643915986279,0.54733371995,0.0301892740004,0.0421688041806
135,0.589356966523,0.407210668403,0.54733371995,0.050055635944,0.0421688041806
136,0.782886284175,0.6820495499,0.577938916199,0.0263670070361,0.0393177313608
137,0.782886284175,0.6820495499,0.577938916199,0.0263670070361,0.0393177313608
138,0.655287377284,0.466237412881,0.577938916199,0.0451829578967,0.0393177313608
139,0.789204375627,0.705269637275,0.534850957563,0.0245712737508,0.043331654576
140,0.669510722078,0.561067953272,0.534850957563,0.0378812252849,0.043331654576
141,0.776791405276,0.688532927866,0.548816434374,0.0259879884956,0.0420306797014
142,0.635306416353,0.54389577068,0.548816434374,0.0390834051069,0.0420306797014
143,0.794114665468,0.697213691204,0.534628014196,0.0250569627455,0.0433524231988
144,0.726657713615,0.690290087946,0.534628014196,0.0249887009533,0.0433524231988
145,0.770158208933,0.678946778719,0.534628014196,0.0266148439451,0.0433524231988
146,0.775486292792,0.642606164536,0.534628014196,0.029698986554,0.0433524231988
147,0.795703542858,0.705921185129,0.614631101698,0.0242271468976,0.0358996159555
148,0.795205355437,0.696568436552,0.614631101698,0.0249310056261,0.0358996159555
149,0.761655709459,0.668183019324,0.614631101698,0.0271020350593,0.0358996159555
150,0.796808890041,0.711684565039,0.631840570121,0.0237090436973,0.0342964421916
151,0.780896616402,0.68115140421,0.631840570121,0.0263823453928,0.0342964421916
152,0.6205109577,0.490927858545,0.631840570121,0.0435074135893,0.0342964421916
153,0.786331351036,0.713382504503,0.610564819597,0.0236837393077,0.0362784165449
154,0.796787180069,0.733945452667,0.631202851487,0.0218792921312,0.0343558498245
155,0.784787738266,0.754019646469,0.668799357251,0.0201145038123,0.0308534911128
156,0.635161680932,0.568045233635,0.668799357251,0.0381640775434,0.0308534911128
157,0.762547794564,0.72294759197,0.626999327444,0.0228498358645,0.0347474353922
158,0.706870935508,0.623457273962,0.626999327444,0.0311339897867,0.0347474353922
159,0.696121407541,0.633834066046,0.508792314843,0.0313950879344,0.0457591864036
160,0.689195595429,0.616105681233,0.508792314843,0.0331933424131,0.0457591864036
161,0.665984971715,0.606320428218,0.508792314843,0.033772121402,0.0457591864036
162,0.634420601914,0.563981102787,0.508792314843,0.0375713924401,0.0457591864036
163,0.603064386898,0.493306543784,0.508792314843,0.0429356799893,0.0457591864036
164,0.718458526019,0.642691223731,0.516205239333,0.0305822415092,0.0450686243383
165,0.707134813841,0.695350867017,0.477910806312,0.026261434131,0.0486359995073
166,0.664693349192,0.606694799141,0.477910806312,0.0334496268598,0.0486359995073
167,0.702218450092,0.666839924005,0.483735666952,0.0291401941819,0.0480933759045
168,0.646843502982,0.486058576066,0.483735666952,0.0430007229954,0.0480933759045
169,0.658434240743,0.580966583483,0.467551217768,0.0361538453167,0.0496010624686
170,0.663402744442,0.577342680086,0.467551217768,0.0361854823348,0.0496010624686
171,0.623073219362,0.501360059162,0.467551217768,0.0426581514542,0.0496010624686
172,0.651307211949,0.54034798265,0.453488850961,0.0399562269154,0.0509110632756
173,0.624350672779,0.493767395119,0.453488850961,0.0439451915357,0.0509110632756
174,0.631418455863,0.510714914974,0.372977953381,0.0421263256655,0.058411176326
175,0.66561551146,0.578326774895,0.277083787437,0.0365593591916,0.0673443407431
176,0.66561551146,0.578326774895,0.277083787437,0.0365593591916,0.0673443407431
177,0.586770049603,0.493590961691,0.277083787437,0.0441291655566,0.0673443407431
178,0.655168445135,0.521109066994,0.457224214135,0.0407558004057,0.0505630899337
179,0.633013503357,0.610179030321,0.436777584422,0.0326241686027,0.0524678262981
180,0.612634755074,0.61211732118,0.362649712204,0.0326234239207,0.0593733190765
181,0.655117536214,0.627842379938,0.383303956399,0.0321859344812,0.0574492420746
182,0.605120403328,0.486390678059,0.383303956399,0.0439474168957,0.0574492420746
183,0.656864239075,0.552329453325,0.507385225306,0.038967776543,0.0458902659334
184,0.649153317111,0.546044868146,0.507385225306,0.0399249456805,0.0458902659334
185,0.694299216293,0.564277118872,0.506505341304,0.0365657553314,0.0459722328433
186,0.659315019388,0.540567222228,0.506505341304,0.0385810421636,0.0459722328433
187,0.639332998247,0.531200980349,0.506505341304,0.0396380421206,0.0459722328433
188,0.690649185056,0.578162253647,0.507956888363,0.0359886843969,0.0458370118065
189,0.679461914566,0.571275726266,0.507956888363,0.037106402837,0.0458370118065
190,0.686983305732,0.556685361512,0.507956888363,0.0376198392997,0.0458370118065
191,0.768404809943,0.704232693905,0.609740114447,0.0241580933819,0.0363552431863
192,0.752380280484,0.651936542408,0.609740114447,0.0281094432175,0.0363552431863
193,0.724392852039,0.670638415821,0.543705889188,0.0271357425864,0.0425067601799
194,0.71096037561,0.634307362745,0.543705889188,0.0300983932375,0.0425067601799
195,0.699171026263,0.670130870879,0.54972294773,0.0271904305978,0.0419462320942
196,0.624931845219,0.609589568979,0.54972294773,0.0345778077483,0.0419462320942
197,0.730968131393,0.659361451848,0.547605607958,0.0281949796616,0.0421434760467
198,0.750019693013,0.712825045674,0.55870321243,0.0239924441729,0.0411096621081
199,0.620960181439,0.585168600506,0.55870321243,0.0367055869123,0.0411096621081
200,0.720405230025,0.689557121663,0.558779051218,0.0259250085117,0.0411025972324
201,0.746987233963,0.673324153179,0.558779051218,0.0272745428882,0.0411025972324
202,0.627527216557,0.589741571905,0.558779051218,0.0355642499861,0.0411025972324
203,0.716369291909,0.678777476889,0.527282588683,0.0268373044558,0.0440366972959
204,0.752934315066,0.702726886349,0.578250980909,0.0246392607621,0.0392886605061
205,0.782899909068,0.696846382358,0.578250980909,0.0252541336972,0.0392886605061
206,0.716369291909,0.678777476889,0.578250980909,0.0268373044558,0.0392886605061
207,0.614943614414,0.478512652081,0.578250980909,0.0447488106075,0.0392886605061
208,0.748744175658,0.665720478847,0.501560274291,0.0276056691723,0.0464328979551
209,0.740865579046,0.637949319916,0.501560274291,0.0304401679038,0.0464328979551
210,0.67810464868,0.577723253902,0.501560274291,0.0364234926561,0.0464328979551
211,0.7534180131,0.652864824847,0.565244246787,0.0283719038211,0.0405003222719
212,0.720551697487,0.618011523176,0.565244246787,0.0314173673829,0.0405003222719
213,0.729769295704,0.619830889226,0.581408903649,0.0309240864502,0.0389944794913
214,0.65311151745,0.570113973687,0.581408903649,0.0368217617279,0.0389944794913
215,0.626993981465,0.446056025718,0.581408903649,0.047389711326,0.0389944794913
216,0.721153417951,0.625736366768,0.521108810285,0.0318574042101,0.0446118248541
217,0.762431077278,0.628263599383,0.64065013599,0.0302499007652,0.0334757739104
218,0.555460865477,0.348192689828,0.64065013599,0.055158242399,0.0334757739104
219,0.714714281097,0.591347575351,0.56919509842,0.0333261224688,0.0401322747804
220,0.731095369013,0.633834065071,0.572020313696,0.0299965587514,0.0398690876269
221,0.731095369013,0.633834065071,0.572020313696,0.0299965587514,0.0398690876269
222,0.495703441213,0.317964040156,0.572020313696,0.0572614973554,0.0398690876269
223,0.641233857116,0.497268842106,0.536016511742,0.0425201091644,0.0432230756337
224,0.674214856304,0.577446626952,0.521441513859,0.0356800698127,0.0445808313552
225,0.626447368181,0.494592722001,0.521441513859,0.0425586958176,0.0445808313552
226,0.616367162984,0.501010341687,0.375058913332,0.0428181642583,0.0582173213901
227,0.676384243743,0.625552369776,0.390721314906,0.0327663361823,0.0567582669519
228,0.57113708574,0.423310465442,0.390721314906,0.0493061098351,0.0567582669519
229,0.664685840461,0.608326227658,0.381588453435,0.0338857467008,0.0576090523184
230,0.68100755029,0.607677572238,0.381588453435,0.0331787536557,0.0576090523184
231,0.652314118542,0.608645380866,0.383502579965,0.0341416124317,0.0574307389994
232,0.670520538353,0.587675828751,0.383502579965,0.0353186375322,0.0574307389994
233,0.623283248605,0.596580264927,0.445942789303,0.0343321506311,0.0516140279329
234,0.625356348165,0.564179022682,0.445942789303,0.037360056227,0.0516140279329
235,0.538418075498,0.418346368971,0.445942789303,0.0495833334594,0.0516140279329
236,0.615919614658,0.528953013942,0.40344729572,0.0400007402108,0.0555727591803
237,0.673581220773,0.637594709286,0.419487567042,0.0312479760561,0.0540785037205
238,0.600946004087,0.501564900409,0.419487567042,0.0419146855016,0.0540785037205
239,0.629194194533,0.534243756399,0.441654661687,0.0396002044201,0.0520134948729
240,0.65084908528,0.561377542537,0.423651159447,0.0376576405831,0.0536906380444
241,0.65084908528,0.561377542537,0.423651159447,0.0376576405831,0.0536906380444
242,0.629722656423,0.534954024953,0.423651159447,0.0400380584658,0.0536906380444
243,0.567844184761,0.416123326191,0.423651159447,0.0500907178725,0.0536906380444
244,0.705998732347,0.659321284232,0.545485430064,0.0293151634745,0.0423409843887
245,0.649293489488,0.530991978619,0.545485430064,0.0402807936494,0.0423409843887
246,0.676315113074,0.567311241069,0.498456343696,0.0367264761726,0.046722049251
247,0.681658995874,0.586982108734,0.503386297255,0.0356009637009,0.0462627920555
248,0.69002404716,0.72867230852,0.47825384216,0.0235687923119,0.04860404349
249,0.699318715201,0.682223848823,0.47825384216,0.0272717380902,0.04860404349
250,0.682005651659,0.629738650741,0.47825384216,0.0324205105064,0.04860404349
251,0.671356124158,0.642826483924,0.464089414332,0.0310591421631,0.049923551944
252,0.691179249178,0.620983811751,0.464089414332,0.0328167489788,0.049923551944
253,0.611879353149,0.519625313845,0.464089414332,0.0412175828355,0.049923551944
254,0.717218129066,0.707670734982,0.134038452353,0.0252750804401,0.0806699428257
255,0.73424075252,0.71346660184,0.520429445379,0.0251945005169,0.0446751121078
256,0.702774907703,0.701008120824,0.520429445379,0.0262882650147,0.0446751121078
257,0.735797742159,0.655037519238,0.520429445379,0.0294985920169,0.0446751121078
258,0.649139159687,0.592652977292,0.520429445379,0.0356553799021,0.0446751121078
259,0.707858538067,0.642085497647,0.549843517581,0.0312087654704,0.0419350002295
260,0.684794388262,0.612934300946,0.549843517581,0.033418892412,0.0419350002295
261,0.737511477974,0.69628251405,0.579767711589,0.0263218321437,0.0391473671917
262,0.70512197002,0.640404414243,0.579767711589,0.0312518482915,0.0391473671917
263,0.718729971034,0.65059583628,0.551530342061,0.0297023300762,0.0417778615728
264,0.605557708736,0.442338020242,0.551530342061,0.0466893995466,0.0417778615728
265,0.724756686154,0.608479321437,0.59149016277,0.0330004674686,0.0380553447236
266,0.649942533165,0.509260321022,0.59149016277,0.0413031291999,0.0380553447236
267,0.725186454451,0.608765597616,0.603079746204,0.0327599624614,0.0369756997491
268,0.672079293339,0.577341824167,0.603079746204,0.0355708937862,0.0369756997491
269,0.685649659279,0.542558514236,0.603079746204,0.0386911757846,0.0369756997491
270,0.627365417775,0.443118301885,0.603079746204,0.0466424754615,0.0369756997491
271,0.71192024945,0.591150829818,0.570636540131,0.034264908254,0.0399979951225
272,0.684687981396,0.550398939342,0.570636540131,0.0378456085269,0.0399979951225
273,0.672372070386,0.517733060185,0.570636540131,0.0400261387492,0.0399979951225
274,0.725536648424,0.609645962866,0.609843942639,0.0328090088538,0.0363455709159
275,0.698303485958,0.564372939229,0.609843942639,0.0367835614815,0.0363455709159
276,0.64584784094,0.498608024306,0.609843942639,0.0425452806548,0.0363455709159
277,0.698715898671,0.626130715972,0.54421080145,0.0313690779462,0.0424597243232
278,0.701287641968,0.617570286469,0.54421080145,0.0329748435459,0.0424597243232
279,0.715138299651,0.643509632659,0.560648782707,0.0301893646253,0.0409284195998
280,0.669698607372,0.511854679998,0.560648782707,0.0411905332286,0.0409284195998
281,0.685109858873,0.630603217795,0.522371467148,0.0320349683118,0.044494200166
282,0.618363480199,0.514374385422,0.522371467148,0.041573965513,0.044494200166
283,0.692350370341,0.630883707929,0.529136891551,0.0319917833134,0.0438639569395
284,0.684422323185,0.646235993954,0.517355906218,0.0305369611771,0.0449614322441
285,0.66087305559,0.550282560289,0.517355906218,0.0394011166807,0.0449614322441
286,0.558147353403,0.420959995101,0.517355906218,0.0498816018469,0.0449614322441
287,0.763869150629,0.673894177103,0.599703034779,0.0272937907333,0.037290262351
288,0.749268770557,0.662717641632,0.599703034779,0.028546705291,0.037290262351
289,0.749889337765,0.63365897797,0.599703034779,0.0301490227018,0.037290262351
290,0.72627788804,0.65636340578,0.571467165497,0.028473499625,0.0399206169745
291,0.595864896473,0.447463400253,0.571467165497,0.0468387947836,0.0399206169745
292,0.707164676945,0.610433621418,0.532053294606,0.0317842169983,0.0435922750521
293,0.600249892185,0.473167049465,0.532053294606,0.045409101061,0.0435922750521
294,0.707164676945,0.610433621418,0.532053294606,0.0317842169983,0.0435922750521
295,0.752808830788,0.660331856237,0.581930808582,0.0276918775239,0.0389458606569
296,0.784247019668,0.703394975499,0.604069205261,0.024722014558,0.0368835252111
297,0.743952551032,0.663592042538,0.604069205261,0.0281018324502,0.0368835252111
298,0.638337866253,0.519862234933,0.604069205261,0.040755375509,0.0368835252111
299,0.699049286651,0.565162978807,0.0983494704331,0.0372818120503,0.0839946033014
300,0.703585896216,0.594608674924,0.0496975932797,0.0346452324305,0.0885268416658
301,0.656484376368,0.606656768756,0.369868629965,0.0328665017092,0.0587008299982
302,0.672558078807,0.617723926383,0.314045588831,0.0321749123507,0.063901108866
303,0.629757752658,0.603734534242,0.314045588831,0.034531434395,0.063901108866
304,0.678122092711,0.566073361959,0.314045588831,0.0362809805991,0.063901108866
305,0.764246773396,0.701259512091,0.611689983962,0.024193978137,0.036173600176
306,0.738369877337,0.66317071234,0.611689983962,0.0274686515062,0.036173600176
307,0.733020556651,0.674002338043,0.596118950998,0.0268092080613,0.0376241430348
308,0.710738853027,0.634365782401,0.596118950998,0.0299595440675,0.0376241430348
309,0.724634554362,0.663780087801,0.615319245746,0.0277961120778,0.0358355108678
310,0.759482136455,0.712840489176,0.617916041845,0.0237339228044,0.0355936024442
311,0.747241270697,0.688310238884,0.617916041845,0.0256357962083,0.0355936024442
312,0.763236290297,0.714375717437,0.622409082942,0.0236996026917,0.0351750464825
313,0.766642273062,0.684748529291,0.622409082942,0.0262946783453,0.0351750464825
314,0.753158027707,0.680080128092,0.622409082942,0.0265288666816,0.0351750464825
315,0.72789453687,0.635886291069,0.622409082942,0.0297943980664,0.0351750464825
316,0.727765844239,0.670448044138,0.603135907239,0.0273262630329,0.0369704679839
317,0.787260028005,0.680305458129,0.598977098185,0.0260079427418,0.0373578880599
318,0.71458777667,0.629445669195,0.598977098185,0.0309678061904,0.0373578880599
319,0.68793780896,0.611995913206,0.598977098185,0.0340088386178,0.0373578880599
320,0.741679847989,0.656889869347,0.613300393531,0.0281628858663,0.0360235800647
321,0.610543136476,0.483673003582,0.613300393531,0.044516940241,0.0360235800647
322,0.773053835784,0.68658587769,0.583473870643,0.0263699824031,0.0388021144032
323,0.765760571962,0.675994216674,0.583473870643,0.0267636156517,0.0388021144032
324,0.680999167941,0.582873921305,0.583473870643,0.0360974519183,0.0388021144032
325,0.668090092784,0.546466406734,0.583473870643,0.0388799342917,0.0388021144032
326,0.76211815647,0.679957511481,0.589655882881,0.0258093582943,0.0382262198094
327,0.76211815647,0.679957511481,0.589655882881,0.0258093582943,0.0382262198094
328,0.730964462644,0.69723293093,0.52434049479,0.0248775525448,0.0443107724517
329,0.72284349205,0.683142358093,0.52434049479,0.0257750540293,0.0443107724517
330,0.727360344282,0.704910039202,0.594208443034,0.0241036836033,0.037802119261
331,0.749228768077,0.68510500104,0.594208443034,0.0258657566511,0.037802119261
332,0.703194785756,0.650218889728,0.594208443034,0.02865916555,0.037802119261
333,0.742273361421,0.7016905293,0.629898093479,0.0244330817382,0.0344773965078
334,0.767769002613,0.694530562972,0.629898093479,0.0250900224759,0.0344773965078
335,0.750971619904,0.674698767116,0.629898093479,0.0265307562387,0.0344773965078
336,0.795379803406,0.74517614919,0.591640195721,0.021339449603,0.0380413681797
337,0.740234185038,0.745945171316,0.563909603939,0.0207167996054,0.0406246529221
338,0.735203526304,0.72176194337,0.563909603939,0.0229549966375,0.0406246529221
339,0.766994122297,0.730881941991,0.61436591237,0.021818842869,0.035924320064
340,0.673936047414,0.598971607318,0.61436591237,0.033973798126,0.035924320064
341,0.695610214523,0.650033948192,0.487922864167,0.0292266742655,0.047703311287
342,0.702724682054,0.634077423126,0.487922864167,0.0305485731379,0.047703311287
343,0.706818468633,0.636438139712,0.507026646091,0.0304477127245,0.0459236699163
344,0.710024784387,0.632090315896,0.507026646091,0.0311430428808,0.0459236699163
345,0.731485216996,0.663451992266,0.494255301161,0.0285925462999,0.0471134036501
346,0.694238479859,0.618852301209,0.494255301161,0.0320198231609,0.0471134036501
347,0.720267004651,0.65453416961,0.456980285523,0.0300018945861,0.0505858134683
348,0.600783841426,0.434429055019,0.456980285523,0.0484690051189,0.0505858134683
349,0.70912765805,0.572605801932,0.337452940022,0.0359637124083,0.0617205620653
350,0.617503434746,0.556432728178,0.337452940022,0.0382659077187,0.0617205620653
351,0.686938435599,0.545340497858,0.337452940022,0.0384080986645,0.0617205620653
352,0.681832838811,0.647132216202,0.418497309562,0.0301837908713,0.0541707526369
353,0.681832838811,0.647132216202,0.418497309562,0.0301837908713,0.0541707526369
354,0.699326625948,0.601699240652,0.418497309562,0.0342913082471,0.0541707526369
355,0.674976566169,0.518296412459,0.418497309562,0.0419009177817,0.0541707526369
356,0.632421088696,0.606077594131,0.451387507341,0.0337958977547,0.0511068170827
357,0.683085889099,0.666050914727,0.498851922947,0.0279774076722,0.0466851984743
358,0.666958401168,0.638875999824,0.498851922947,0.0311136029274,0.0466851984743
359,0.656779483907,0.645124432286,0.479098656319,0.0307961574115,0.0485253435637
360,0.661946458025,0.629219737066,0.479098656319,0.0322728137882,0.0485253435637
361,0.660178180591,0.604879764573,0.479098656319,0.0335815049409,0.0485253435637
362,0.649881511839,0.638637036472,0.472751288995,0.0313350984392,0.0491166420579
363,0.695662317156,0.662651459171,0.557756509326,0.02910678832,0.0411978536514
364,0.635232136143,0.571037741815,0.557756509326,0.036677510255,0.0411978536514
365,0.685469968374,0.624132735885,0.579763263873,0.032089890258,0.0391477815253
366,0.660188168667,0.643791454879,0.530963765272,0.0295090126754,0.0436937717864
367,0.664706007847,0.582504689428,0.530963765272,0.0352529870145,0.0436937717864
368,0.651106359343,0.621019358208,0.468005859432,0.0322715377247,0.0495587096445
369,0.648799690719,0.515743954191,0.468005859432,0.0405217243582,0.0495587096445
370,0.69124493662,0.665822690157,0.381193149258,0.0279383062526,0.0576458774701
371,0.668176913699,0.549147708668,0.381193149258,0.0375756810845,0.0576458774701
372,0.678568010319,0.54115080018,0.381193149258,0.0390159150302,0.0576458774701
373,0.659272232217,0.672048174915,0.463927274303,0.0279065868739,0.0499386563409
374,0.787732986461,0.760736657468,0.58942654414,0.0200638363424,0.0382475842027
375,0.759634001656,0.726594670959,0.58942654414,0.0222876379395,0.0382475842027
376,0.675624366623,0.692072515094,0.58942654414,0.0265220554536,0.0382475842027
377,0.794888532538,0.75134041548,0.635096144801,0.0202844940075,0.0339931642644
378,0.750178727928,0.657995233223,0.635096144801,0.0277214585352,0.0339931642644
379,0.776712440631,0.717303975589,0.65955039752,0.0230499897813,0.0317150917863
380,0.746354399725,0.654543576415,0.65955039752,0.0283122297972,0.0317150917863
381,0.80262322164,0.776389074613,0.637413351098,0.0183834215637,0.0337773014468
382,0.769782137815,0.718587458453,0.637413351098,0.0232618288587,0.0337773014468
383,0.803418647544,0.761178462901,0.643510934895,0.019815773437,0.0332092719107
384,0.754617759914,0.688361360203,0.643510934895,0.0257155884002,0.0332092719107
385,0.773467482646,0.713861234717,0.582812474,0.0241615372595,0.0388637277965
386,0.762578970074,0.686441781659,0.582812474,0.026221673565,0.0388637277965
387,0.752225165135,0.683782800807,0.582812474,0.0268160988801,0.0388637277965
388,0.792132179451,0.735653646646,0.595477382487,0.0222970381632,0.0376839093088
389,0.818652867315,0.802156114239,0.659550627387,0.0165905503723,0.0317150703728
390,0.706041361553,0.667070841076,0.659550627387,0.0283933347508,0.0317150703728
391,0.782517461035,0.734995071127,0.576716919627,0.0222115613444,0.0394315682787
392,0.671676134291,0.551240389072,0.576716919627,0.0379984456088,0.0394315682787
393,0.782517461035,0.734995071127,0.576716919627,0.0222115613444,0.0394315682787
394,0.816753957804,0.822857423451,0.589384664793,0.0150303434993,0.0382514855359
395,0.767555752014,0.707236500214,0.589384664793,0.0244498650523,0.0382514855359
396,0.815659582539,0.809360430043,0.587290297011,0.0163167540264,0.0384465894983
397,0.708575343533,0.70077844735,0.587290297011,0.0267534309986,0.0384465894983
398,0.781531882187,0.746009426562,0.524206216286,0.0213285688238,0.0443232813665
399,0.755552733009,0.681465932794,0.524206216286,0.0261549367875,0.0443232813665
400,0.747623401551,0.686799328925,0.541227089297,0.0257835235636,0.0427376764903
401,0.781498080065,0.754903452349,0.567945327411,0.0200924122885,0.0402486990675
402,0.776776859865,0.710276569669,0.567945327411,0.0239564556844,0.0402486990675
403,0.698837572204,0.685302307071,0.567945327411,0.026631009701,0.0402486990675
404,0.701378946079,0.602334462462,0.567945327411,0.0324163795979,0.0402486990675
405,0.718102082527,0.663890401415,0.590913512815,0.0272611914199,0.0381090634124
406,0.67839548274,0.659400519975,0.590913512815,0.0288405972061,0.0381090634124
407,0.708580971121,0.628248709315,0.590913512815,0.0301161248639,0.0381090634124
408,0.755504488552,0.711734823867,0.573170780619,0.0237293505844,0.0397619141605
409,0.734518172959,0.684280284008,0.573170780619,0.0262117756909,0.0397619141605
410,0.743831912294,0.676915977104,0.573170780619,0.0264013512522,0.0397619141605
411,0.733956858416,0.672075559873,0.573170780619,0.0265997520419,0.0397619141605
412,0.730347280053,0.657404883832,0.573170780619,0.0278902738298,0.0397619141605
413,0.737402770191,0.680013743336,0.591058476914,0.0264876725751,0.038095559065
414,0.671874059715,0.614243774311,0.591058476914,0.0332426413758,0.038095559065
415,0.73509479081,0.691881449213,0.559831090718,0.0252513988452,0.0410045929197
416,0.760539947542,0.749011896667,0.570219833098,0.0207401327591,0.0400368140892
417,0.72990285023,0.703262809447,0.570219833098,0.0244304340835,0.0400368140892
418,0.680263802076,0.65608417013,0.570219833098,0.0297412255978,0.0400368140892
419,0.777079555937,0.702433436011,0.524727837182,0.0244016438537,0.0442746889921
420,0.767970699305,0.664870289288,0.524727837182,0.0272532669856,0.0442746889921
421,0.671954427401,0.518318825999,0.524727837182,0.0414879718342,0.0442746889921
422,0.748386131332,0.683722186384,0.513867147361,0.0261151223663,0.0452864327921
423,0.726808752018,0.649725107996,0.513867147361,0.028663692537,0.0452864327921
424,0.735959987061,0.659746558511,0.593880527302,0.0280488991275,0.0378326667413
425,0.741116324259,0.652335632666,0.593880527302,0.028176628998,0.0378326667413
426,0.699423025201,0.656813886817,0.54712154851,0.0280927756926,0.0421885693284
427,0.579649682309,0.499616103099,0.54712154851,0.0432636169451,0.0421885693284
428,0.699423025201,0.656813886817,0.54712154851,0.0280927756926,0.0421885693284
429,0.580397291637,0.482352995272,0.54712154851,0.0437923730394,0.0421885693284
430,0.763536050277,0.716032060821,0.608991675337,0.0229823477839,0.0364249651507
431,0.725536177937,0.670283423518,0.608991675337,0.0265357902261,0.0364249651507
432,0.769925003759,0.739991601009,0.570277553899,0.0212832199639,0.0400314370217
433,0.743212293041,0.720688803522,0.570277553899,0.0225756746583,0.0400314370217
434,0.783541390159,0.74339440544,0.606875620611,0.0211262185708,0.0366220893928
435,0.781436964282,0.78279059788,0.585859728914,0.0181642119773,0.0385798562085
436,0.766724749481,0.749039026777,0.585859728914,0.020731570619,0.0385798562085
437,0.700228233387,0.667602349911,0.585859728914,0.0285095387518,0.0385798562085
438,0.693459760973,0.649396334634,0.585859728914,0.0305158930519,0.0385798562085
439,0.822830003621,0.791616037574,0.67047310009,0.0175282237667,0.0306975710959
440,0.726161850186,0.693832864009,0.67047310009,0.0268264838369,0.0306975710959
441,0.784302976907,0.723101721875,0.620037837884,0.0231426401965,0.0353959433615
442,0.639810011101,0.596800359078,0.620037837884,0.0343417994089,0.0353959433615
443,0.732751938509,0.684782622083,0.56700995413,0.0260352647803,0.0403358351641
444,0.728200237312,0.64506221852,0.56700995413,0.02869496368,0.0403358351641
445,0.728121559219,0.651713246362,0.60938014516,0.0286772346441,0.0363887766635
446,0.620467044409,0.509849915458,0.60938014516,0.0423039896302,0.0363887766635
447,0.769022587574,0.70039936118,0.583269506869,0.0249906356441,0.0388211522162
448,0.724813445484,0.642655605372,0.583269506869,0.0291218409122,0.0388211522162
449,0.730777312168,0.664165000211,0.572998760256,0.0276738265345,0.0397779389746
450,0.767702511343,0.707569920243,0.589116260139,0.0239481743868,0.0382764891728
451,0.674202500177,0.603488177804,0.589116260139,0.0333827880589,0.0382764891728
452,0.772783920057,0.701554815345,0.560430071544,0.0248015993096,0.0409487939652
453,0.691256640178,0.660627793051,0.560430071544,0.0297756033369,0.0409487939652
454,0.772465581574,0.690883531321,0.640802692974,0.0249018088348,0.0334615622364
455,0.685364460005,0.588374097883,0.640802692974,0.0342004662645,0.0334615622364
456,0.646655617565,0.602391299743,0.474305804122,0.0351956437895,0.0489718288768
457,0.588378222201,0.47500329044,0.474305804122,0.0457042226547,0.0489718288768
458,0.66746098597,0.62813302636,0.514665650113,0.0328953543137,0.0452120470742
459,0.624732140225,0.547058527105,0.514665650113,0.0391394811701,0.0452120470742
460,0.685488526112,0.620934045221,0.55035365978,0.0335775959979,0.0418874771701
461,0.661973760994,0.586425253655,0.55035365978,0.0359259547717,0.0418874771701
462,0.668358970419,0.593924751594,0.463426710907,0.035719893405,0.0499852870725
463,0.666339052173,0.582290728966,0.463426710907,0.036488954129,0.0499852870725
464,0.667238983697,0.59286369021,0.506213820418,0.0353190723729,0.0459993899073
465,0.666556997302,0.597033380172,0.514166008917,0.0348427889934,0.045258591897
466,0.696138575159,0.642852969245,0.510390273247,0.030994102515,0.0456103261991
467,0.670869074122,0.608922949823,0.510390273247,0.0338357926889,0.0456103261991
468,0.667444135617,0.580863988669,0.510390273247,0.0351985809413,0.0456103261991
469,0.68041859467,0.571674107752,0.510390273247,0.037229334036,0.0456103261991
470,0.690505448124,0.630283122841,0.497954734913,0.0317608685065,0.0467687773672
471,0.690505448124,0.630283122841,0.497954734913,0.0317608685065,0.0467687773672
472,0.745858838575,0.680500943148,0.60443484889,0.0274308962089,0.0368494631322
473,0.620708159124,0.634836994986,0.60443484889,0.0313066360589,0.0368494631322
474,0.705124466377,0.59302822901,0.60443484889,0.0346044721208,0.0368494631322
475,0.733723251287,0.639062862045,0.61151709066,0.0303998951651,0.0361897063101
476,0.750793401922,0.627603715558,0.61151709066,0.0306035751979,0.0361897063101
477,0.733123594697,0.639404375742,0.566932040462,0.0309026721209,0.0403430933284
478,0.721491878331,0.595262561454,0.566932040462,0.0344322013007,0.0403430933284
479,0.70379237876,0.551342598987,0.566932040462,0.0382262451937,0.0403430933284
480,0.599280735052,0.521562642759,0.566932040462,0.0409744442565,0.0403430933284
481,0.650492821162,0.599695170864,0.47951001053,0.0345607171952,0.0484870232471
482,0.666928196398,0.606092022205,0.451154588322,0.0339814320305,0.0511285150022
483,0.678291654575,0.605190434182,0.451154588322,0.0338331546357,0.0511285150022
484,0.609182299315,0.490472372776,0.451154588322,0.0436867037249,0.0511285150022
485,0.596386207559,0.460938961445,0.451154588322,0.0462480197805,0.0511285150022
486,0.691411879964,0.653646850721,0.526502955552,0.0300543192863,0.0441093251859
487,0.709924724031,0.692645332997,0.554459346656,0.0268956554937,0.0415050057701
488,0.670995140049,0.588088412938,0.554459346656,0.0353924087515,0.0415050057701
489,0.661627131555,0.604340819356,0.542725669479,0.0339228967608,0.0425980740126
490,0.693297817933,0.648501496939,0.496423136829,0.0301679367902,0.0469114556769
491,0.648983721324,0.564811930538,0.496423136829,0.0371586305582,0.0469114556769
492,0.739136720268,0.700580052563,0.624367625838,0.0246986642664,0.0349925954904
493,0.690672327332,0.677431801572,0.624367625838,0.0276773569362,0.0349925954904
494,0.755640273042,0.681122694928,0.598865622748,0.0257997721324,0.0373682727209
495,0.74336937528,0.652455923749,0.598865622748,0.0281362930032,0.0373682727209
496,0.759316402935,0.685346474223,0.607625895806,0.0254724957723,0.0365521963852
497,0.611086840405,0.479812831109,0.607625895806,0.0441514825902,0.0365521963852
498,0.719057859139,0.634502055385,0.585261063373,0.0301427441801,0.0386356257921
499,0.759162874779,0.671365836793,0.582877370345,0.0270453899168,0.0388576822805
