generation,train,validation,test,validmse,testmse
0,0.690014798111,0.530710423487,0.604332625167,0.0401731118699,0.0368589859359
1,0.753297672329,0.666235512071,0.54616930522,0.0275999999439,0.0422772769759
2,0.745825344595,0.662431310422,0.54616930522,0.0281600582343,0.0422772769759
3,0.761723095093,0.675048574322,0.606094712903,0.0270964925661,0.036694836018
4,0.766743441275,0.687933615967,0.567099361578,0.0258234660921,0.0403275062797
5,0.78265168263,0.738285336533,0.610773918544,0.0218093380644,0.0362589376198
6,0.753501713067,0.661273250851,0.610773918544,0.0287201021423,0.0362589376198
7,0.774278610629,0.735238385071,0.580299356091,0.0216402504726,0.0390978410531
8,0.760716061984,0.723526501847,0.580299356091,0.022580839226,0.0390978410531
9,0.750061137485,0.677975534259,0.580299356091,0.0258473354166,0.0390978410531
10,0.774278610629,0.735238385071,0.580299356091,0.0216402504726,0.0390978410531
11,0.731154051399,0.674561722565,0.580299356091,0.0266315949183,0.0390978410531
12,0.716554534146,0.657987410322,0.580299356091,0.0285296921193,0.0390978410531
13,0.637312137127,0.609885527027,0.580299356091,0.0330107045412,0.0390978410531
14,0.739586708545,0.705333901815,0.62642087275,0.0240182708513,0.0348013222042
15,0.74985119063,0.711009323507,0.624708396419,0.0235698995541,0.0349608504974
16,0.760238796002,0.728406778931,0.586885866795,0.0223015766351,0.0384842647998
17,0.686719675133,0.691880325327,0.586885866795,0.026246747708,0.0384842647998
18,0.745412419771,0.698266644048,0.608621702277,0.0247788974874,0.0364594305443
19,0.693338167574,0.630428436299,0.608621702277,0.0302355616461,0.0364594305443
20,0.767837607767,0.727903819717,0.633695630437,0.0220562543033,0.0341236312741
21,0.607815578746,0.486393096809,0.633695630437,0.0432073417719,0.0341236312741
22,0.732255565045,0.678782713573,0.591610476843,0.0259064762694,0.0380441366862
23,0.748209436631,0.682222937705,0.584234741333,0.0257300674406,0.0387312343564
24,0.641054182664,0.49737252713,0.584234741333,0.042080461257,0.0387312343564
25,0.774296026952,0.729995577623,0.628666875059,0.0217492677222,0.0345920925007
26,0.749297773348,0.673339112483,0.628666875059,0.0265081937382,0.0345920925007
27,0.758209656957,0.73996592162,0.592402573247,0.0215084844559,0.0379703477612
28,0.651027648784,0.637723490835,0.592402573247,0.031743024391,0.0379703477612
29,0.661640004557,0.617223978335,0.592402573247,0.032684333764,0.0379703477612
30,0.632671223765,0.539796102672,0.592402573247,0.0394590619245,0.0379703477612
31,0.689870973403,0.658948273037,0.506058675147,0.0292543301989,0.046013842697
32,0.688546822023,0.623999102686,0.506058675147,0.0314185143998,0.046013842697
33,0.654817556261,0.574316210868,0.506058675147,0.0362821334419,0.046013842697
34,0.692683015288,0.672086692189,0.510918503578,0.027687019786,0.0455611181127
35,0.72264951102,0.673129843524,0.513104544528,0.0277268868927,0.0453574741993
36,0.699172944924,0.584830590969,0.513104544528,0.0353422090334,0.0453574741993
37,0.65467677246,0.558896221569,0.513104544528,0.0369145055006,0.0453574741993
38,0.685626934218,0.59934382283,0.0631095683743,0.0344964528261,0.0872774290712
39,0.654707233966,0.561797713169,0.0631095683743,0.0373733196281,0.0872774290712
40,0.696135523034,0.652230635131,0.0732260091274,0.0296511404633,0.0863350169059
41,0.7302154683,0.704470486964,0.434628151554,0.0248334099272,0.0526680599309
42,0.733079134874,0.768779004389,0.31904651751,0.0192726503995,0.0634352398771
43,0.727713693081,0.703124906938,0.31904651751,0.0250397869929,0.0634352398771
44,0.71944795557,0.7497191838,0.282038843298,0.0209823615527,0.0668827451052
45,0.715477758843,0.75408896708,0.304239116423,0.0207540452818,0.0648146454666
46,0.739147708399,0.73336991514,0.304239116423,0.022891015392,0.0648146454666
47,0.673423220971,0.60245405011,0.304239116423,0.0336488542949,0.0648146454666
48,0.712555109937,0.700549279166,0.355652128754,0.0251470129238,0.0600251894261
49,0.709976727301,0.659271003018,0.355652128754,0.0288366275966,0.0600251894261
50,0.61918805417,0.573821565269,0.355652128754,0.0358102996607,0.0600251894261
51,0.611747130753,0.549066986617,0.355652128754,0.0379815708072,0.0600251894261
52,0.712555109937,0.700549279166,0.355652128754,0.0251470129238,0.0600251894261
53,0.737992834036,0.741718329243,0.374442800329,0.0218767438348,0.0582747163182
54,0.721451264009,0.690965760505,0.374442800329,0.0263587177974,0.0582747163182
55,0.799578343796,0.736138349743,0.578791450063,0.0225582634327,0.0392383122939
56,0.69480724527,0.692750348479,0.578791450063,0.0268289176865,0.0392383122939
57,0.729554739407,0.636625875967,0.578791450063,0.0309725548582,0.0392383122939
58,0.729554739407,0.636625875967,0.578791450063,0.0309725548582,0.0392383122939
59,0.684497439651,0.6305810448,0.578791450063,0.0322973277481,0.0392383122939
60,0.735387396587,0.630353789144,0.578791450063,0.0316241810977,0.0392383122939
61,0.777362831661,0.717191646707,0.505832462989,0.0239008391847,0.0460349158289
62,0.77677767635,0.740416294045,0.451798341788,0.0220512623305,0.0510685451855
63,0.695960880534,0.675175536029,0.451798341788,0.0282886645679,0.0510685451855
64,0.644933680349,0.636880152252,0.451798341788,0.031272612295,0.0510685451855
65,0.773572552588,0.749408698202,0.439817869225,0.0215712771652,0.0521846040212
66,0.773572552588,0.749408698202,0.439817869225,0.0215712771652,0.0521846040212
67,0.727666063368,0.675135483636,0.439817869225,0.0281508662318,0.0521846040212
68,0.724876078921,0.681613091972,0.52462152987,0.0273908640793,0.0442845922086
69,0.709335499244,0.629140465474,0.52462152987,0.0317162437131,0.0442845922086
70,0.717704912105,0.667050241964,0.517904057745,0.0286496650859,0.0449103683689
71,0.730072667838,0.581516124858,0.517904057745,0.0351612160339,0.0449103683689
72,0.641772725897,0.562192049335,0.517904057745,0.037302800416,0.0449103683689
73,0.692451087276,0.540703967254,0.517904057745,0.0391123376699,0.0449103683689
74,0.633547883799,0.564478369261,0.411767204618,0.0379893005517,0.0547977056262
75,0.587385041537,0.39531417734,0.411767204618,0.0515504559333,0.0547977056262
76,0.62553865783,0.551955470754,0.458661978248,0.0378148497133,0.050429152868
77,0.709748837488,0.624107230485,0.505039309489,0.0326792451177,0.0461088032291
78,0.718091610663,0.58051720464,0.505039309489,0.0357514960742,0.0461088032291
79,0.602818505656,0.534640889074,0.505039309489,0.039528344683,0.0461088032291
80,0.73192346528,0.633037445645,0.577999846496,0.0318053404276,0.0393120553079
81,0.734992621827,0.645127781934,0.542087253149,0.0304920588758,0.0426575466405
82,0.687298532612,0.52552408539,0.542087253149,0.0413814868006,0.0426575466405
83,0.778230836791,0.732372801531,0.588322091972,0.0230768820886,0.0383504710959
84,0.743125457797,0.676730313969,0.588322091972,0.0273406175557,0.0383504710959
85,0.657119448602,0.599788041269,0.588322091972,0.0343020750753,0.0383504710959
86,0.790124102503,0.720822881135,0.61799575979,0.0236479702684,0.0355861761999
87,0.78567155296,0.729378205733,0.594950137211,0.0229072067409,0.0377330256309
88,0.817808855491,0.77091654975,0.5712050524,0.0195663766892,0.039945034512
89,0.752632738999,0.676181414726,0.5712050524,0.0265602553445,0.039945034512
90,0.817808855491,0.77091654975,0.5712050524,0.0195663766892,0.039945034512
91,0.708535923481,0.634726793665,0.5712050524,0.0313283504746,0.039945034512
92,0.779914625152,0.670182146291,0.634270301223,0.0273836249058,0.0340700969577
93,0.760084857447,0.653632487273,0.634270301223,0.0284595283253,0.0340700969577
94,0.773132728717,0.665570838124,0.604829878673,0.0276244162404,0.036812663542
95,0.769277424307,0.640526817763,0.604829878673,0.0298989340428,0.036812663542
96,0.695235345963,0.563738094068,0.604829878673,0.0376083774285,0.036812663542
97,0.688242369482,0.547450467223,0.604829878673,0.038507590854,0.036812663542
98,0.70624008524,0.604588119425,0.439756140557,0.0339150488676,0.0521903544476
99,0.743406683846,0.671698426528,0.568559602132,0.0285488690804,0.0401914753874
100,0.765972385196,0.689124043308,0.614040776465,0.0255317861815,0.0359546085853
101,0.787730706731,0.711800853615,0.658767096537,0.0236773734672,0.0317880613606
102,0.738795396144,0.660970945216,0.658767096537,0.0275239983448,0.0317880613606
103,0.783634862161,0.711957845122,0.617711597514,0.0239397535669,0.0356126477616
104,0.823498741181,0.729050387833,0.641050043104,0.0228895691992,0.0334385199652
105,0.667440913519,0.586680417773,0.641050043104,0.0348141722609,0.0334385199652
106,0.771071772458,0.678147573378,0.629817508602,0.0267855699597,0.0344849035124
107,0.765658616323,0.735150599672,0.638103898812,0.0218993032559,0.033712972442
108,0.769485723443,0.763513937906,0.659330797635,0.0199083849626,0.031735548942
109,0.742356486253,0.703587994847,0.659330797635,0.0246307037006,0.031735548942
110,0.770493280485,0.722149925806,0.637971616859,0.0232941290123,0.0337252953652
111,0.810028150258,0.790740106963,0.628546428844,0.0169767246432,0.034603312848
112,0.780482980535,0.75793798396,0.628546428844,0.0199211228685,0.034603312848
113,0.684021354464,0.600201687872,0.628546428844,0.0336131860777,0.034603312848
114,0.715869474015,0.643856161575,0.569499080974,0.0301546063137,0.0401039568311
115,0.679946437264,0.558247315332,0.569499080974,0.0374991939281,0.0401039568311
116,0.701919961114,0.630902912885,0.505973154462,0.0314071458268,0.0460218095043
117,0.694775854734,0.663683466323,0.548051069585,0.0293199503195,0.0421019784028
118,0.729482161557,0.67974497263,0.546809764446,0.0280251303708,0.0422176140391
119,0.71096379359,0.604112920796,0.546809764446,0.0339399097146,0.0422176140391
120,0.717933545975,0.629915571092,0.494092256247,0.0327573442559,0.0471285923428
121,0.728419332047,0.667849250047,0.518270850258,0.0290939015784,0.044876199264
122,0.650693264336,0.579085347879,0.518270850258,0.0359921705641,0.044876199264
123,0.728419332047,0.667849250047,0.518270850258,0.0290939015784,0.044876199264
124,0.728419332047,0.667849250047,0.518270850258,0.0290939015784,0.044876199264
125,0.650686844525,0.562128197197,0.518270850258,0.0370894601473,0.044876199264
126,0.678429602715,0.565631335271,0.503617581914,0.0379263959178,0.0462412463873
127,0.711983686544,0.57186591327,0.483751893966,0.036550812047,0.0480918642528
128,0.693475743924,0.580982916167,0.44961387479,0.0344782353186,0.051272042475
129,0.705005728392,0.652105716373,0.504069012761,0.0299049892326,0.0461991926717
130,0.640356461422,0.500493538468,0.504069012761,0.042908903514,0.0461991926717
131,0.685664695293,0.635400069356,0.522784844192,0.0322348691506,0.0444556914093
132,0.709201134582,0.634541844434,0.522784844192,0.0315802528912,0.0444556914093
133,0.708782041768,0.658268359051,0.512249638986,0.0299655115894,0.0454371142033
134,0.696978633357,0.60888855031,0.512249638986,0.0340031977012,0.0454371142033
135,0.697526958272,0.618439714637,0.503720974617,0.0324291451484,0.0462316146854
136,0.672661639735,0.565831436184,0.503720974617,0.0366467013736,0.0462316146854
137,0.713902111591,0.582583846399,0.4975523605,0.0359089777019,0.0468062611573
138,0.696880830676,0.596902907531,0.512076466145,0.0343683334589,0.0454532463783
139,0.683198006713,0.532931557237,0.512076466145,0.0396923563784,0.0454532463783
140,0.708661261741,0.620360301617,0.525229589968,0.0320867069282,0.044227947461
141,0.706280538589,0.579341013348,0.525229589968,0.0354599902452,0.044227947461
142,0.608308286292,0.476540196657,0.525229589968,0.0443850135744,0.044227947461
143,0.642050878348,0.566010626243,0.48064171849,0.0369524632188,0.0483815972998
144,0.622476470199,0.531850401322,0.48064171849,0.0396133149886,0.0483815972998
145,0.652866026897,0.587047242565,0.460820978972,0.0348883520247,0.0502280279272
146,0.638218043642,0.562883330324,0.460820978972,0.0367873006483,0.0502280279272
147,0.631005725417,0.58682017556,0.45733927686,0.03512463421,0.0505523710936
148,0.652898550419,0.522939618695,0.45733927686,0.0396944534605,0.0505523710936
149,0.615185040412,0.48020079708,0.45733927686,0.043535750204,0.0505523710936
150,0.533833833501,0.416345578884,0.45733927686,0.0499961045565,0.0505523710936
151,0.656391367525,0.5721996273,0.508164792468,0.0367596547859,0.0458176441887
152,0.664070390834,0.538429681928,0.508164792468,0.0387893946888,0.0458176441887
153,0.657412293773,0.598428928707,0.511078072801,0.0348934811201,0.0455462532032
154,0.789330388028,0.768802992379,0.672184953453,0.0192737960193,0.0305381008362
155,0.674963881768,0.630242637389,0.672184953453,0.0304606182002,0.0305381008362
156,0.798153822739,0.770719491235,0.612282050119,0.0192126497823,0.0361184453679
157,0.772547317332,0.736241604765,0.612282050119,0.0218920427914,0.0361184453679
158,0.648243012551,0.520930734555,0.612282050119,0.0418737361568,0.0361184453679
159,0.791285408227,0.731336535619,0.620679019335,0.0224135246931,0.0353362131448
160,0.652414229233,0.572071094778,0.620679019335,0.0363681674909,0.0353362131448
161,0.785880176591,0.732376910748,0.614548294046,0.0217647137428,0.0359073300262
162,0.762033447493,0.71633908286,0.614548294046,0.0232334306956,0.0359073300262
163,0.739700149101,0.636726725144,0.614548294046,0.0297546421731,0.0359073300262
164,0.774268256521,0.728500021578,0.618931913275,0.0222216220831,0.0354989674222
165,0.618118466159,0.463210306796,0.618931913275,0.0462835167395,0.0354989674222
166,0.783856841623,0.765595503202,0.606358675011,0.0191157751007,0.0366702462331
167,0.688103857245,0.605873851552,0.606358675011,0.0319291548295,0.0366702462331
168,0.801355472294,0.804852913939,0.605441263848,0.016153500982,0.0367557090418
169,0.717105365603,0.683835203867,0.605441263848,0.0260773691454,0.0367557090418
170,0.740790118531,0.674148311164,0.605441263848,0.0267893054606,0.0367557090418
171,0.814697177281,0.817964558512,0.570163263054,0.0154360322926,0.0400420839563
172,0.787402440759,0.771722594058,0.570163263054,0.0191325159249,0.0400420839563
173,0.76096295821,0.752467582389,0.570163263054,0.0205781688368,0.0400420839563
174,0.784332533971,0.771412890593,0.581763660746,0.0190656690697,0.0389614315634
175,0.756849715106,0.726638749921,0.581763660746,0.0223373772538,0.0389614315634
176,0.780057399959,0.740277113877,0.600485231831,0.0216957340322,0.037217395615
177,0.790815928673,0.753686873588,0.599403342466,0.0205368246349,0.0373181806366
178,0.781756110089,0.773403401893,0.588132461818,0.01893524514,0.0383681363764
179,0.75590687383,0.626886457722,0.588132461818,0.0303457095585,0.0383681363764
180,0.704399774538,0.606589914087,0.588132461818,0.0335450898692,0.0383681363764
181,0.799237047954,0.764704496385,0.592905191396,0.0194073327043,0.0379235256161
182,0.665014092065,0.583695654687,0.592905191396,0.0349462662761,0.0379235256161
183,0.713467140961,0.592919475689,0.615771353838,0.0333894965924,0.0357933940624
184,0.714824917917,0.587236003419,0.615771353838,0.0345340471761,0.0357933940624
185,0.7257408657,0.634539685377,0.545215865025,0.029934359829,0.042366096123
186,0.728007358839,0.647272549424,0.539223914543,0.0290626699019,0.0429242852298
187,0.713630046686,0.648693828997,0.572475479725,0.028989814837,0.0398266859548
188,0.761005763705,0.710278722521,0.610018583634,0.0239945013195,0.0363293019728
189,0.742462938119,0.681726418107,0.610018583634,0.0261249373654,0.0363293019728
190,0.762548608123,0.662222590244,0.610018583634,0.0277873074341,0.0363293019728
191,0.762028422054,0.708065400387,0.624499274172,0.024221806021,0.0349803315931
192,0.605130601825,0.518436015679,0.624499274172,0.041439010692,0.0349803315931
193,0.747650254813,0.663428328555,0.602350404403,0.0279674769684,0.0370436426751
194,0.752146665826,0.676676664762,0.579025435111,0.0268530756256,0.0392165150669
195,0.739610198257,0.669791651474,0.579025435111,0.0268405052055,0.0392165150669
196,0.767672187208,0.702293673031,0.616395199281,0.0246392049604,0.0357352788073
197,0.790935160822,0.755100546546,0.654514611189,0.0205572841868,0.0321842079919
198,0.778172527065,0.663505706789,0.654514611189,0.0273071717507,0.0321842079919
199,0.82010914875,0.771533580416,0.661095665942,0.0189846018798,0.0315711399959
200,0.76704677336,0.687784394731,0.661095665942,0.0259147320213,0.0315711399959
201,0.742160437378,0.669553209636,0.661095665942,0.0272471847583,0.0315711399959
202,0.767212228309,0.666814030029,0.661095665942,0.0278815293638,0.0315711399959
203,0.762313361336,0.714372601317,0.661372077465,0.0231005617163,0.0315453904672
204,0.776485605648,0.73242737031,0.643817094135,0.0219687109599,0.0331807511889
205,0.797449844887,0.748312103968,0.659424422676,0.0204021287198,0.0317268271613
206,0.78791994763,0.735501680384,0.659424422676,0.021630526011,0.0317268271613
207,0.744141983816,0.656604981974,0.659424422676,0.0280375441747,0.0317268271613
208,0.760191624959,0.694601855171,0.628732691053,0.0249503893335,0.0345859613133
209,0.762472392519,0.656983770627,0.628732691053,0.0284358578595,0.0345859613133
210,0.656637960523,0.493054475446,0.628732691053,0.0427409743543,0.0345859613133
211,0.797449844887,0.748312103968,0.659424422676,0.0204021287198,0.0317268271613
212,0.806359983575,0.780117695363,0.663967220834,0.0186882702701,0.0313036360062
213,0.786811792958,0.740623076342,0.663967220834,0.0217668485322,0.0313036360062
214,0.713083526632,0.665763097643,0.663967220834,0.0291381759914,0.0313036360062
215,0.751989701192,0.700665252582,0.594524817482,0.0249746713285,0.0377726469262
216,0.766809694865,0.753071729616,0.47575430802,0.0208695000201,0.0488368913302
217,0.750877604769,0.686910989325,0.47575430802,0.0256788895068,0.0488368913302
218,0.64476581102,0.535596715674,0.47575430802,0.0388323400632,0.0488368913302
219,0.739823458842,0.630955736866,0.524954413299,0.0301671526447,0.0442535819551
220,0.742765608055,0.721978577967,0.412750487441,0.0229643808408,0.0547061064446
221,0.696140253966,0.648674688526,0.412750487441,0.0306481067303,0.0547061064446
222,0.658530049407,0.579070456714,0.412750487441,0.0361309829955,0.0547061064446
223,0.753596171766,0.717229095384,0.59893554913,0.0235311687451,0.0373617586243
224,0.728921420318,0.66606909392,0.59893554913,0.0274868750656,0.0373617586243
225,0.753596171766,0.717229095384,0.59893554913,0.0235311687451,0.0373617586243
226,0.800813247176,0.750131849068,0.629146202152,0.0214646408822,0.0345474400686
227,0.711261419332,0.625446270836,0.629146202152,0.0323513967564,0.0345474400686
228,0.743850299402,0.720208624137,0.63907353099,0.0233678314639,0.0336226449066
229,0.62259948598,0.519938869959,0.63907353099,0.0409155444924,0.0336226449066
230,0.764475445983,0.71799852982,0.628681100406,0.0229524078751,0.0345907673172
231,0.752912574595,0.704796322179,0.628681100406,0.0244175445434,0.0345907673172
232,0.751138554228,0.685515185594,0.628681100406,0.0253794594448,0.0345907673172
233,0.767857457921,0.752889314187,0.66129166955,0.020488751634,0.0315528809867
234,0.754472053171,0.689649899353,0.66129166955,0.0253075818834,0.0315528809867
235,0.721473690438,0.634037817593,0.66129166955,0.0315157556722,0.0315528809867
236,0.747929804677,0.731425072521,0.643794369532,0.0224680545653,0.0331828681333
237,0.784899720168,0.747219406042,0.624875391577,0.0209119606745,0.0349452938138
238,0.784899720168,0.747219406042,0.624875391577,0.0209119606745,0.0349452938138
239,0.745677002572,0.67402982939,0.624875391577,0.0265392402058,0.0349452938138
240,0.789199548751,0.723681986303,0.617525766602,0.0227134031264,0.0356299591181
241,0.789199548751,0.723681986303,0.617525766602,0.0227134031264,0.0356299591181
242,0.628484116562,0.442278880985,0.617525766602,0.0474823798898,0.0356299591181
243,0.784995694681,0.704650557234,0.613567956284,0.0246909637688,0.0359986548563
244,0.763988554048,0.67512076373,0.613567956284,0.0269643583139,0.0359986548563
245,0.7724228234,0.688254702521,0.573342376882,0.0257025012492,0.039745928854
246,0.761086503248,0.691647982538,0.625938160818,0.0255815874991,0.034846289956
247,0.732635775045,0.632256876617,0.625938160818,0.0306141011792,0.034846289956
248,0.758601916161,0.681294913989,0.532153226355,0.0273462973673,0.0435829657606
249,0.734073259902,0.602356440752,0.532153226355,0.0337159868169,0.0435829657606
250,0.712393183567,0.621389518801,0.4656593418,0.0322500166743,0.0497773030033
251,0.693868017575,0.5878144299,0.4656593418,0.0349870867231,0.0497773030033
252,0.780980562835,0.693477205301,0.572667821361,0.0253185709645,0.0398087680822
253,0.741556485754,0.634908179283,0.572667821361,0.0305755410275,0.0398087680822
254,0.730981233784,0.657928953924,0.616401341514,0.0282240945962,0.0357347066185
255,0.734810461949,0.621023229048,0.616401341514,0.0314880294802,0.0357347066185
256,0.715801977665,0.633315190774,0.581534512968,0.0297326052537,0.0389827781673
257,0.730260362541,0.649467969284,0.60720580322,0.0285563341427,0.0365913307382
258,0.600883921311,0.482872093838,0.60720580322,0.0444464830167,0.0365913307382
259,0.639108681543,0.565248445686,0.529461179726,0.0366024747019,0.0438337473897
260,0.679456888584,0.61717923818,0.494964309935,0.0325300443996,0.0470473548776
261,0.669739622203,0.604526282571,0.494964309935,0.0336389989128,0.0470473548776
262,0.71717022496,0.619586736793,0.528354882741,0.0320660390687,0.0439368061396
263,0.71717022496,0.619586736793,0.528354882741,0.0320660390687,0.0439368061396
264,0.713049461347,0.642933358889,0.521220219713,0.0304550952515,0.0446014463422
265,0.722542260249,0.660471623538,0.547129044935,0.0287706189953,0.0421878709877
266,0.722542260249,0.660471623538,0.547129044935,0.0287706189953,0.0421878709877
267,0.687022403615,0.61216657529,0.547129044935,0.0333592255364,0.0421878709877
268,0.712868976305,0.695183877609,0.506689190043,0.0256163410567,0.0459551061391
269,0.68799379376,0.658610724445,0.506689190043,0.0291519377358,0.0459551061391
270,0.632064210749,0.599561722229,0.506689190043,0.0340999849809,0.0459551061391
271,0.701917808136,0.654104124878,0.452338374364,0.0290036146555,0.0510182376434
272,0.709182641769,0.624198670499,0.452338374364,0.0329014723917,0.0510182376434
273,0.708897055686,0.700525477788,0.491490107499,0.0248187231474,0.0473709994004
274,0.656645464465,0.560945730742,0.491490107499,0.0366513194982,0.0473709994004
275,0.643286385538,0.631196537605,0.427720439431,0.0317397524064,0.0533115581828
276,0.674583388605,0.618021325712,0.427720439431,0.0328189008716,0.0533115581828
277,0.58079278519,0.542588660625,0.427720439431,0.0396113017662,0.0533115581828
278,0.700032123627,0.600801218439,0.46942235634,0.033586906904,0.049426753757
279,0.654093912034,0.583252539928,0.46942235634,0.0354121120159,0.049426753757
280,0.668791229536,0.599332256148,0.486886927549,0.0340961677298,0.0477998155117
281,0.655686083832,0.617003219546,0.431307342981,0.0324184084417,0.0529774148191
282,0.751031760367,0.694866920393,0.610729913254,0.0246294988625,0.0362630369984
283,0.756328816093,0.700460539436,0.585714092054,0.0243227939602,0.0385934232279
284,0.780047617623,0.726080530778,0.639031429883,0.0224887728686,0.0336265668981
285,0.55425918047,0.366275182671,0.639031429883,0.0537785674116,0.0336265668981
286,0.795562420411,0.772958059226,0.543349327136,0.0191055429034,0.0425399762511
287,0.581262876841,0.443994410373,0.543349327136,0.0485573699911,0.0425399762511
288,0.788851748167,0.73253124494,0.583401905545,0.0222898756091,0.0388088184195
289,0.589507102113,0.456267481817,0.583401905545,0.0473370529797,0.0388088184195
290,0.743357971728,0.647180975798,0.526732832537,0.0300785915976,0.0440879106518
291,0.684498568863,0.560965926826,0.526732832537,0.0369790207241,0.0440879106518
292,0.730188308603,0.659174808715,0.522447548279,0.0291862830343,0.0444871127145
293,0.691943418222,0.67148086685,0.546261854461,0.0280932184467,0.0422686554131
294,0.6877787355,0.616647386033,0.546261854461,0.0327206121423,0.0422686554131
295,0.709528407115,0.62383913877,0.512880487983,0.0327351213768,0.0453783465218
296,0.730727902069,0.650881141293,0.500148803502,0.0304254610514,0.046564385627
297,0.703231075757,0.596164722289,0.500148803502,0.0351396917708,0.046564385627
298,0.736856323284,0.65933960563,0.502836423306,0.0296489221545,0.0463140163854
299,0.7215329829,0.640160172277,0.502836423306,0.0305104637382,0.0463140163854
300,0.663958454067,0.54644474922,0.502836423306,0.0394408973464,0.0463140163854
301,0.711792882693,0.600778925123,0.432339915585,0.0339546044175,0.0528812239742
302,0.795200434265,0.688133455057,0.545388161058,0.0257638944932,0.0423500456284
303,0.78350724161,0.653588804113,0.545388161058,0.0284072018622,0.0423500456284
304,0.706867879375,0.604237414484,0.545388161058,0.0335892506191,0.0423500456284
305,0.756284062984,0.70059928074,0.618122267257,0.0244092391338,0.0355743912076
306,0.729961600015,0.657987416702,0.618122267257,0.0277585045157,0.0355743912076
307,0.653207002279,0.574857871266,0.618122267257,0.0356275941536,0.0355743912076
308,0.685371315369,0.626427493322,0.439277849756,0.0315002370098,0.0522349103423
309,0.611950720676,0.515517698322,0.439277849756,0.0407371457685,0.0522349103423
310,0.667923996718,0.556076904533,0.491375944276,0.0372795344077,0.0473816344461
311,0.629094034536,0.512769999194,0.491375944276,0.0404890977151,0.0473816344461
312,0.667923996718,0.556076904533,0.491375944276,0.0372795344077,0.0473816344461
313,0.702246103425,0.560957576409,0.578520270421,0.0375336387759,0.039263574439
314,0.6980783205,0.572021896429,0.527005477847,0.0366737487667,0.0440625119702
315,0.687605548623,0.57450387547,0.519478870694,0.0361477242698,0.0447636643139
316,0.656311618764,0.525402838186,0.519478870694,0.0407119173333,0.0447636643139
317,0.7298800705,0.679223494331,0.559302548151,0.0273862039074,0.0410538300929
318,0.650647673665,0.508773177581,0.559302548151,0.0419779458799,0.0410538300929
319,0.710290145441,0.576950768861,0.554322396115,0.0355822631529,0.0415177636025
320,0.833302844579,0.771472608681,0.677518002577,0.0190630944116,0.0300412926707
321,0.755030466855,0.683304644023,0.677518002577,0.0268642325593,0.0300412926707
322,0.833302844579,0.771472608681,0.677518002577,0.0190630944116,0.0300412926707
323,0.835739858501,0.766815304348,0.677518002577,0.019704865283,0.0300412926707
324,0.786918497964,0.751538801076,0.677518002577,0.0208159483145,0.0300412926707
325,0.763274819414,0.669099329549,0.677518002577,0.0282060818048,0.0300412926707
326,0.763274819414,0.669099329549,0.677518002577,0.0282060818048,0.0300412926707
327,0.818548518271,0.722172415202,0.646519512226,0.0231662808767,0.0329290033907
328,0.797011333606,0.733193681979,0.631330482288,0.02211956115,0.0343439601864
329,0.730540207079,0.680680336332,0.631330482288,0.0272461863675,0.0343439601864
330,0.781052522546,0.726771022937,0.598443132235,0.0226014389483,0.0374076304564
331,0.781052522546,0.726771022937,0.598443132235,0.0226014389483,0.0374076304564
332,0.655285487357,0.580491087759,0.598443132235,0.0353111186026,0.0374076304564
333,0.751211943921,0.656755796107,0.585678092231,0.0284133505146,0.0385967768453
334,0.726438652484,0.66373773551,0.599400978219,0.027816902903,0.0373184008815
335,0.760573338136,0.668887192939,0.624638445149,0.0276425406723,0.0349673669126
336,0.517440506022,0.318059615934,0.624638445149,0.058124730725,0.0349673669126
337,0.764831482349,0.697641816161,0.629377237294,0.024861595918,0.0345259176445
338,0.760950959292,0.691679190529,0.629377237294,0.0251886833222,0.0345259176445
339,0.756228143763,0.66188538822,0.629377237294,0.0282755551332,0.0345259176445
340,0.755453845339,0.668403629317,0.610348946729,0.0270868210387,0.0362985265047
341,0.769300868227,0.693048200522,0.604520191328,0.0254422565297,0.0368415129297
342,0.75163196147,0.678423697854,0.604520191328,0.0265107012458,0.0368415129297
343,0.741154743941,0.646437403914,0.604520191328,0.0290054846202,0.0368415129297
344,0.781912181567,0.691652023629,0.609170287639,0.0251690962733,0.0364083262547
345,0.787514379258,0.709871556372,0.607098412991,0.023430467973,0.0366013348355
346,0.774346081157,0.733742876482,0.609399780677,0.021845893633,0.0363869474875
347,0.752972942434,0.693166810191,0.609399780677,0.0250193203925,0.0363869474875
348,0.761458552835,0.704899436419,0.600357827492,0.0241572363622,0.0372292641568
349,0.55240279861,0.352547035028,0.600357827492,0.054346904238,0.0372292641568
350,0.752821405093,0.676510650075,0.563924409288,0.0263441610932,0.0406232737077
351,0.681616146491,0.626855462318,0.563924409288,0.0312378895089,0.0406232737077
352,0.741950445271,0.674616729651,0.576468878575,0.0264587012677,0.0394546749137
353,0.779643538548,0.705940721269,0.614096464799,0.0242984224837,0.0359494208553
354,0.684736549688,0.6052353519,0.614096464799,0.0337218729718,0.0359494208553
355,0.803214170801,0.738543056237,0.658138117434,0.0220273227183,0.0318466548495
356,0.775130030582,0.700686694337,0.658138117434,0.0252687359819,0.0318466548495
357,0.803214170801,0.738543056237,0.658138117434,0.0220273227183,0.0318466548495
358,0.784466935939,0.706093040205,0.658138117434,0.0246130671072,0.0318466548495
359,0.808432064101,0.749304186535,0.584733481287,0.0210176332188,0.0386847734902
360,0.725463563345,0.687234143759,0.584733481287,0.0273200193127,0.0386847734902
361,0.806826362458,0.742568004828,0.613198845982,0.0212125589523,0.0360330398784
362,0.758788968777,0.700908947554,0.613198845982,0.0256494847998,0.0360330398784
363,0.805257880329,0.704410744222,0.571681064059,0.0248038682764,0.0399006909341
364,0.755156944876,0.641691115711,0.571681064059,0.0295858769775,0.0399006909341
365,0.734720456899,0.621030647621,0.571681064059,0.0322651380851,0.0399006909341
366,0.742239598875,0.615238554649,0.571681064059,0.0326980859347,0.0399006909341
367,0.670818891729,0.566457096397,0.571681064059,0.0372321724862,0.0399006909341
368,0.792343641714,0.699355112186,0.626618854831,0.024807886686,0.0347828788874
369,0.755764902152,0.662719123812,0.626618854831,0.0275418656132,0.0347828788874
370,0.747336303661,0.646898808694,0.626618854831,0.0293937774074,0.0347828788874
371,0.754842394998,0.64928424683,0.65196413435,0.0290872941015,0.0324218014756
372,0.74566931515,0.637476729557,0.65196413435,0.029692989654,0.0324218014756
373,0.73064060975,0.609035073061,0.65196413435,0.0321351935056,0.0324218014756
374,0.70813831754,0.618684014805,0.562281877501,0.0315101699231,0.0407762862124
375,0.730057731393,0.631223023058,0.625746356824,0.0304578177193,0.0348641577439
376,0.738372081828,0.660011726375,0.571604475348,0.0276958818199,0.03990782567
377,0.720189887696,0.641830848251,0.571604475348,0.0293399621267,0.03990782567
378,0.720566483436,0.664133625645,0.570181883167,0.0269251287927,0.0400403493718
379,0.735527820164,0.640634581402,0.570181883167,0.0287790936302,0.0400403493718
380,0.742687191994,0.655935445054,0.602572972155,0.0277481857191,0.0370229090434
381,0.768589876813,0.72257862618,0.643803728627,0.0226414073937,0.0331819962728
382,0.752973889311,0.687278827729,0.643803728627,0.025304912907,0.0331819962728
383,0.736189305213,0.650923802108,0.643803728627,0.0283985615459,0.0331819962728
384,0.764440616888,0.730200887198,0.622843878655,0.0221093707976,0.0351345424378
385,0.740076701643,0.690541064698,0.622843878655,0.0258415302998,0.0351345424378
386,0.751029360409,0.651282969302,0.622843878655,0.0284899938646,0.0351345424378
387,0.74720734435,0.695852029153,0.562343620294,0.0245862715516,0.0407705344701
388,0.760230594625,0.691056286553,0.562343620294,0.0254045031759,0.0407705344701
389,0.74720734435,0.695852029153,0.562343620294,0.0245862715516,0.0407705344701
390,0.706212785926,0.662878910843,0.562343620294,0.0273958768806,0.0407705344701
391,0.752533584937,0.686619659178,0.587740279029,0.0255399930374,0.0384046707506
392,0.711623060556,0.643651897529,0.587740279029,0.0297848575653,0.0384046707506
393,0.634000599784,0.550768998426,0.587740279029,0.0379387275333,0.0384046707506
394,0.752774708584,0.723479208846,0.571017839471,0.0226070665513,0.0399624746123
395,0.784669835121,0.71873811996,0.571017839471,0.0232892904056,0.0399624746123
396,0.610111878453,0.569140346996,0.571017839471,0.0365914877121,0.0399624746123
397,0.752774708584,0.723479208846,0.571017839471,0.0226070665513,0.0399624746123
398,0.758814171482,0.671310639692,0.571017839471,0.0265388663129,0.0399624746123
399,0.748442773083,0.683884886446,0.57920895784,0.0255807712606,0.0391994187326
400,0.76154123078,0.712857703766,0.596584354242,0.0235913135433,0.0375807876997
401,0.627235817881,0.448616699359,0.596584354242,0.047004982901,0.0375807876997
402,0.642551223004,0.631608709086,0.414024861964,0.0310889277155,0.0545873901804
403,0.676330071479,0.645546707115,0.493301513721,0.0307609970186,0.0472022551452
404,0.616436101542,0.5705313599,0.493301513721,0.037128080606,0.0472022551452
405,0.777398653406,0.765373352051,0.624128479151,0.0199097446901,0.0350148735577
406,0.781614336363,0.72717886361,0.624128479151,0.0231932134216,0.0350148735577
407,0.753006993487,0.642500448867,0.624128479151,0.0291187590252,0.0350148735577
408,0.768585925702,0.727565143014,0.62658974331,0.022810949956,0.0347855908147
409,0.777868529675,0.745443785767,0.596103240234,0.0207604167667,0.0376256065945
410,0.73644798105,0.672063291793,0.596103240234,0.0267577667665,0.0376256065945
411,0.7506365168,0.734770488647,0.601620943046,0.0220723747949,0.0371115967386
412,0.733207944247,0.701266718677,0.601620943046,0.0247697637382,0.0371115967386
413,0.749357204369,0.69258253258,0.601620943046,0.0253435630954,0.0371115967386
414,0.755214469764,0.704759732989,0.610804358593,0.0251206703825,0.0362561019315
415,0.645075256716,0.572292449709,0.610804358593,0.0371692924543,0.0362561019315
416,0.730201581239,0.675628599036,0.631917842234,0.0277725263706,0.0342892437924
417,0.723233991012,0.648087105519,0.631917842234,0.0292014730363,0.0342892437924
418,0.761816493542,0.675199512885,0.601051717165,0.0272789632637,0.0371646238267
419,0.570647501226,0.4079583321,0.601051717165,0.0514160191156,0.0371646238267
420,0.724280730671,0.651154907125,0.616284197896,0.0285697772966,0.0357456193074
421,0.500421828609,0.336473797103,0.616284197896,0.0569900841543,0.0357456193074
422,0.719438812235,0.667988735002,0.657169105002,0.0274403364144,0.0319369246516
423,0.610981305925,0.537663592679,0.657169105002,0.03948151708,0.0319369246516
424,0.59432774927,0.536695751602,0.657169105002,0.0403594190711,0.0319369246516
425,0.758233835161,0.695603888681,0.637081063883,0.0252137144191,0.0338082561592
426,0.636616332218,0.526583417158,0.637081063883,0.0404579434492,0.0338082561592
427,0.756579617416,0.691164172829,0.613938391403,0.0257953736963,0.0359641464188
428,0.58935206053,0.477684618991,0.613938391403,0.0450449490023,0.0359641464188
429,0.725623670613,0.624820795437,0.569902301444,0.0305681989665,0.0400663942253
430,0.746611509045,0.675892855133,0.608590932925,0.0264828537481,0.0364622969093
431,0.743669942915,0.676771890983,0.602087494128,0.0261667646333,0.037068134475
432,0.738588862948,0.659550504191,0.602087494128,0.0280086923121,0.037068134475
433,0.71263360692,0.646313748364,0.602087494128,0.0293393552757,0.037068134475
434,0.583012229594,0.479862855336,0.602087494128,0.0448691322859,0.037068134475
435,0.705754282923,0.631431341546,0.580974730224,0.0299495745377,0.0390349255659
436,0.705754282923,0.631431341546,0.580974730224,0.0299495745377,0.0390349255659
437,0.704781178383,0.642498543856,0.605345761788,0.0291737060809,0.0367646056791
438,0.556780700036,0.454045500358,0.605345761788,0.0472170118309,0.0367646056791
439,0.738821296971,0.652186448871,0.606954718486,0.0289902078702,0.036614720912
440,0.622145575219,0.528534861592,0.606954718486,0.0407418167056,0.036614720912
441,0.760832354626,0.684193946444,0.588819985739,0.0259419403086,0.0383040890575
442,0.740106395653,0.665482122222,0.588819985739,0.0275629837746,0.0383040890575
443,0.740870522703,0.659872760617,0.588819985739,0.027473969813,0.0383040890575
444,0.663090792334,0.501382141849,0.588819985739,0.042023214343,0.0383040890575
445,0.755742551041,0.661920832827,0.59452605227,0.0279755697385,0.0377725318977
446,0.744002662999,0.655837270107,0.59452605227,0.0285751690664,0.0377725318977
447,0.670472528021,0.585743009798,0.59452605227,0.0358618093713,0.0377725318977
448,0.730715426004,0.628724137992,0.631733095891,0.0297056485996,0.0343064541143
449,0.748355119793,0.669721641046,0.562499197614,0.027374656459,0.0407560414323
450,0.76970969983,0.69637052639,0.589712614359,0.0249808156051,0.0382209349037
451,0.778185494953,0.70776785115,0.603624087096,0.0241070930406,0.0369249908594
452,0.689255258266,0.604173928479,0.603624087096,0.0337541033236,0.0369249908594
453,0.79090165148,0.703467894177,0.631765470576,0.0240815038488,0.034303438202
454,0.793823440064,0.710304279478,0.619777733591,0.0238547604059,0.0354201737659
455,0.763726541582,0.655502095042,0.619777733591,0.0281470624417,0.0354201737659
456,0.631586147935,0.485172027489,0.619777733591,0.0438444977395,0.0354201737659
457,0.631586147935,0.485172027489,0.619777733591,0.0438444977395,0.0354201737659
458,0.791877847344,0.703096685526,0.595418986624,0.0244122180025,0.0376893492628
459,0.643998362033,0.473463127286,0.595418986624,0.0450546990635,0.0376893492628
460,0.750864023672,0.679694529565,0.55853893828,0.0264960535039,0.0411249653123
461,0.699348819395,0.61767733847,0.55853893828,0.0314073431286,0.0411249653123
462,0.790646489562,0.77665271674,0.64717902771,0.0183616958149,0.0328675652396
463,0.783255412774,0.791171544858,0.664393910625,0.0174991538228,0.0312638870807
464,0.777926573359,0.766779739066,0.664393910625,0.0195444210116,0.0312638870807
465,0.835693456914,0.781953941203,0.655440806774,0.0186551762768,0.0320979268573
466,0.835155853216,0.803437883239,0.67795508048,0.0166626517908,0.0300005760251
467,0.794619366626,0.708376625565,0.67795508048,0.0246626176663,0.0300005760251
468,0.802798072049,0.745013758106,0.634010085592,0.0207825784164,0.0340943377339
469,0.787132591957,0.700526014969,0.634010085592,0.0247743573146,0.0340943377339
470,0.768704539878,0.718453764317,0.561788745719,0.022916971719,0.0408222246408
471,0.736922167277,0.66990710651,0.561788745719,0.0269519011664,0.0408222246408
472,0.706696420754,0.656154726448,0.561788745719,0.0290248450904,0.0408222246408
473,0.782937192286,0.722179385311,0.627829751753,0.0227970310027,0.034670075974
474,0.588660152591,0.426602974367,0.627829751753,0.0488787684318,0.034670075974
475,0.735854333983,0.657235043274,0.60574858538,0.0280789634958,0.036727080045
476,0.754280238646,0.639315704791,0.60574858538,0.0292613403784,0.036727080045
477,0.763979791988,0.65215974378,0.606977294376,0.0288469287358,0.0366126178212
478,0.753260343745,0.702724521103,0.592933524258,0.0243877324591,0.0379208862259
479,0.742475895086,0.68961040312,0.592933524258,0.025279487357,0.0379208862259
480,0.762404354905,0.679059751119,0.592933524258,0.0260585096918,0.0379208862259
481,0.758285748979,0.678367796339,0.592933524258,0.0264563994393,0.0379208862259
482,0.745162396363,0.706643732872,0.628357414788,0.0244343186279,0.034620920735
483,0.745162396363,0.706643732872,0.628357414788,0.0244343186279,0.034620920735
484,0.752086613705,0.684538020862,0.628357414788,0.0260617853908,0.034620920735
485,0.743609010195,0.67856109603,0.628357414788,0.0265502894579,0.034620920735
486,0.60801320348,0.545901980146,0.628357414788,0.0389961969479,0.034620920735
487,0.732061043662,0.665948226434,0.592348653681,0.0274854598529,0.037975370719
488,0.751657086169,0.650983257431,0.592348653681,0.0286989886225,0.037975370719
489,0.695333376082,0.689674940827,0.482683961215,0.0271594909743,0.0481913491251
490,0.674596257888,0.550467989835,0.482683961215,0.0383818555964,0.0481913491251
491,0.678124834426,0.618226766635,0.226491966745,0.0324681495701,0.0720572974486
492,0.665104673891,0.608090022999,0.226491966745,0.0341221922402,0.0720572974486
493,0.578717375629,0.378240760982,0.226491966745,0.0520717573141,0.0720572974486
494,0.708824758367,0.656130431057,0.271933270288,0.029783798787,0.0678241448696
495,0.74052169394,0.713687288631,0.482764998514,0.0245548216899,0.0481837999743
496,0.727356357938,0.697435710262,0.482764998514,0.0256861889528,0.0481837999743
497,0.716595514173,0.652039370134,0.482764998514,0.0297367859294,0.0481837999743
498,0.794025711586,0.72956631948,0.592619179052,0.0224027089855,0.0379501695236
499,0.742052477823,0.664988510625,0.592619179052,0.0289916208109,0.0379501695236
