generation,train,validation,test,validmse,testmse
0,0.674610337636,0.56272554006,0.224969578887,0.0378474441561,0.0721991177659
1,0.677474020344,0.562624604317,0.224969578887,0.0375024210077,0.0721991177659
2,0.645029861606,0.521213625509,0.224969578887,0.0410841420527,0.0721991177659
3,0.630410792149,0.514028243548,0.224969578887,0.0413854939982,0.0721991177659
4,0.681934444382,0.558531724333,0.53451521201,0.0371303615095,0.0433629314551
5,0.688765461068,0.649997528942,0.507260216593,0.0302415926795,0.045901911307
6,0.70103826547,0.653674826918,0.528160108447,0.0301116381044,0.0439549506301
7,0.679059403147,0.622721609276,0.528160108447,0.0321189810775,0.0439549506301
8,0.707516210955,0.628085591622,0.578218218471,0.0315517700816,0.03929171254
9,0.731699044219,0.680791978732,0.589382547516,0.0270918596896,0.038251682774
10,0.824483695049,0.78925491288,0.610883315253,0.0175364389344,0.0362487466058
11,0.749125962641,0.666030728255,0.610883315253,0.0276194208164,0.0362487466058
12,0.730459288773,0.602441067022,0.610883315253,0.0330749315968,0.0362487466058
13,0.704369370937,0.650562099935,0.549937082585,0.0299179539523,0.0419262840417
14,0.709658304391,0.630480767886,0.549937082585,0.031881700001,0.0419262840417
15,0.721570277129,0.678462642603,0.512832188424,0.0270261131138,0.0453828459394
16,0.68308120063,0.639865657939,0.512832188424,0.0309857065619,0.0453828459394
17,0.721604074646,0.61551629149,0.512832188424,0.032185461009,0.0453828459394
18,0.694717694745,0.613221271484,0.512832188424,0.0328920272446,0.0453828459394
19,0.805076865186,0.770089696558,0.624344616185,0.0189534303216,0.0349947389891
20,0.721570277129,0.678462642603,0.624344616185,0.0270261131138,0.0349947389891
21,0.776669842478,0.692803987461,0.603734938605,0.0256287071397,0.0369146643213
22,0.778146162864,0.686506822386,0.603734938605,0.0262624530875,0.0369146643213
23,0.77798018891,0.70630371546,0.623455910693,0.0246844893129,0.035077527678
24,0.653400064111,0.614225378391,0.623455910693,0.0333987156787,0.035077527678
25,0.812704203815,0.752398412984,0.619356421554,0.0206966435344,0.0354594217187
26,0.75785485516,0.674644584417,0.619356421554,0.0270090749535,0.0354594217187
27,0.828140224603,0.773712777951,0.662934010843,0.018923039131,0.0313998862278
28,0.786628079007,0.723123456153,0.662934010843,0.0223537183197,0.0313998862278
29,0.788219056531,0.701201972633,0.662934010843,0.0249873066312,0.0313998862278
30,0.726283508281,0.689520101195,0.662934010843,0.025458550918,0.0313998862278
31,0.728438344808,0.62578152032,0.662934010843,0.030470626126,0.0313998862278
32,0.767714481479,0.688020805028,0.609181019481,0.0252889492648,0.0364073265139
33,0.776388510654,0.743870850711,0.622127818408,0.0207757900629,0.0352012481007
34,0.787366751861,0.735756926354,0.622127818408,0.0219173792993,0.0352012481007
35,0.800510042481,0.777995160241,0.681534252754,0.0181934653371,0.02966715288
36,0.8068562865,0.758618216732,0.681534252754,0.0207635434687,0.02966715288
37,0.804895828235,0.734475960845,0.681534252754,0.0221506819973,0.02966715288
38,0.710040193791,0.697530414279,0.681534252754,0.0260944947217,0.02966715288
39,0.778386308844,0.751084488894,0.634405983859,0.0202159211648,0.0340574572388
40,0.759310359321,0.690399742761,0.634405983859,0.0253915942368,0.0340574572388
41,0.694239669842,0.639372391073,0.634405983859,0.0312147891264,0.0340574572388
42,0.77241941048,0.680013201249,0.58320342589,0.0263365849192,0.0388273080886
43,0.762440300242,0.70742033627,0.617204862384,0.0241941004375,0.0356598534303
44,0.675188502989,0.63833857737,0.617204862384,0.0312262749358,0.0356598534303
45,0.676520684471,0.643864867969,0.107813489639,0.0312579473382,0.0831129684409
46,0.668172684447,0.552459063484,0.107813489639,0.0387092616981,0.0831129684409
47,0.6584725877,0.633314806952,0.124959865738,0.0320924230391,0.0815156721368
48,0.630565764539,0.568726124653,0.124959865738,0.0376767242767,0.0815156721368
49,0.584917299177,0.48506757602,0.124959865738,0.0444669290108,0.0815156721368
50,0.6584725877,0.633314806952,0.124959865738,0.0320924230391,0.0815156721368
51,0.660989991277,0.618399881653,0.124959865738,0.0335798749456,0.0815156721368
52,0.58929817841,0.495934188152,0.124959865738,0.0433677285595,0.0815156721368
53,0.663952895705,0.534461819848,0.322014737867,0.0399416076781,0.0631587308715
54,0.573519679505,0.378558258561,0.322014737867,0.0531220992318,0.0631587308715
55,0.6674214206,0.54044305967,0.331187357248,0.0397647008534,0.0623042417974
56,0.67287166498,0.548695171767,0.318369268424,0.0389952045084,0.0634983300285
57,0.689459292248,0.541454807315,0.318369268424,0.0397043251539,0.0634983300285
58,0.6674214206,0.54044305967,0.318369268424,0.0397647008534,0.0634983300285
59,0.690290790699,0.626543889247,0.411415908763,0.0325329090759,0.0548304311169
60,0.624264675043,0.494867215069,0.411415908763,0.0431595570378,0.0548304311169
61,0.586659471252,0.4902811193,0.411415908763,0.0434831905078,0.0548304311169
62,0.689005652338,0.623903133211,0.384718430073,0.0328179852804,0.0573174746645
63,0.679211809612,0.605256019165,0.384718430073,0.0344297967018,0.0573174746645
64,0.685412052341,0.6096690407,0.464736089239,0.0332292875828,0.0498633099761
65,0.671178128131,0.5779719592,0.464736089239,0.0359365647023,0.0498633099761
66,0.696332390754,0.692522626818,0.47292292598,0.0262368640282,0.0491006529579
67,0.704085253555,0.711877754446,0.523595422271,0.0250414463248,0.0443801807964
68,0.661698490432,0.598855367409,0.523595422271,0.0343778038871,0.0443801807964
69,0.608113965042,0.501367360082,0.523595422271,0.0432695615492,0.0443801807964
70,0.667621693887,0.621351399338,0.519894675051,0.0331057623158,0.0447249294373
71,0.679289314846,0.627253366687,0.49457781724,0.0324933488501,0.0470833591824
72,0.780482143368,0.688499517168,0.589958723459,0.0263596847024,0.0381980082425
73,0.740011597679,0.659597365774,0.589958723459,0.0289995294636,0.0381980082425
74,0.697775799255,0.615156298244,0.589958723459,0.0325276999735,0.0381980082425
75,0.768664767048,0.717098242969,0.477184379685,0.0244544126548,0.0487036708659
76,0.72156956725,0.674099628293,0.477184379685,0.0280611938672,0.0487036708659
77,0.704349827403,0.653233503745,0.477184379685,0.0302837492838,0.0487036708659
78,0.671404559189,0.609404922944,0.477184379685,0.0334839705641,0.0487036708659
79,0.742821722064,0.665659758686,0.326398479426,0.0284047682247,0.0627503568716
80,0.720243422114,0.63178936514,0.326398479426,0.0316787000089,0.0627503568716
81,0.726691324649,0.695098973598,0.356575979915,0.0265268677047,0.0599391266897
82,0.717664873968,0.680767106175,0.356575979915,0.0275721094496,0.0599391266897
83,0.692274013045,0.617978856715,0.356575979915,0.0328348496097,0.0599391266897
84,0.691313180885,0.642492242374,0.372462078269,0.03084435961,0.0584592334434
85,0.713894080131,0.674833451243,0.36478889506,0.0279435782708,0.0591740402989
86,0.652324812103,0.542248101599,0.36478889506,0.0387779635279,0.0591740402989
87,0.634003006089,0.611843729208,0.191586556286,0.0331691426503,0.0753089631532
88,0.632573922985,0.542959695505,0.191586556286,0.0389199610327,0.0753089631532
89,0.666574999085,0.645544974533,0.363427986962,0.0298612489175,0.0593008177277
90,0.65261328767,0.599450341301,0.363427986962,0.0339110674332,0.0593008177277
91,0.655345872186,0.611799487542,0.427990915641,0.0333761450569,0.0532863615669
92,0.655345872186,0.611799487542,0.427990915641,0.0333761450569,0.0532863615669
93,0.650965236637,0.574315079589,0.427990915641,0.0365036844336,0.0532863615669
94,0.655345872186,0.611799487542,0.427990915641,0.0333761450569,0.0532863615669
95,0.610116272936,0.583985538434,0.427990915641,0.0350146228823,0.0532863615669
96,0.65961531812,0.627342979168,0.434378945066,0.0319836923089,0.052691275134
97,0.689894743955,0.67548501346,0.426002362097,0.0273916772409,0.0534716082458
98,0.688796635982,0.656497815087,0.426002362097,0.0288631962883,0.0534716082458
99,0.691580700107,0.618237740588,0.426002362097,0.0319205075374,0.0534716082458
100,0.682560413458,0.604164807417,0.426002362097,0.0332398658271,0.0534716082458
101,0.669067091462,0.604702613843,0.489628134042,0.033222531879,0.047544454322
102,0.675634747635,0.618711306232,0.542676485196,0.0320287887667,0.0426026558481
103,0.637237043727,0.56411806123,0.542676485196,0.0372696590287,0.0426026558481
104,0.649735651245,0.62892812197,0.123368949602,0.0313980892157,0.0816638763082
105,0.611171593258,0.552220526931,0.123368949602,0.038454808295,0.0816638763082
106,0.675634747635,0.618711306232,0.542676485196,0.0320287887667,0.0426026558481
107,0.709556146232,0.615251287954,0.542676485196,0.0324425156265,0.0426026558481
108,0.720692981578,0.679544808728,0.602230267103,0.0264604800165,0.0370548342449
109,0.696114420534,0.688778501904,0.576953848097,0.0253580509477,0.0394094968528
110,0.641825343658,0.568381699197,0.576953848097,0.0367336117372,0.0394094968528
111,0.726984774822,0.702729963202,0.616705589117,0.0244481938442,0.0357063639781
112,0.749484316567,0.662390079162,0.616705589117,0.0272347003009,0.0357063639781
113,0.729740192558,0.669174411808,0.536974692278,0.0271667716801,0.0431338148931
114,0.734975393042,0.671542297157,0.564209266239,0.0270404637288,0.0405967374324
115,0.772582397117,0.718632478885,0.562741204058,0.0230714814047,0.0407334969601
116,0.711633518281,0.67056708276,0.562741204058,0.0273397640074,0.0407334969601
117,0.631300725895,0.485690958653,0.562741204058,0.044127496581,0.0407334969601
118,0.651645875578,0.58684789559,0.348327643108,0.0355315030109,0.0607075128386
119,0.655362136937,0.566583441075,0.348327643108,0.0372217524502,0.0607075128386
120,0.679734480306,0.640408634728,0.387648395707,0.0302966618465,0.0570445293347
121,0.679734480306,0.640408634728,0.387648395707,0.0302966618465,0.0570445293347
122,0.631235815898,0.444606692917,0.387648395707,0.0465403529929,0.0570445293347
123,0.63291597373,0.575746595825,0.479600424415,0.0354575207178,0.0484786006065
124,0.63291597373,0.575746595825,0.479600424415,0.0354575207178,0.0484786006065
125,0.654675699035,0.638176821631,0.47371036128,0.0307205470642,0.0490272982451
126,0.665779620021,0.638951139021,0.355747937235,0.031246141903,0.0600162642438
127,0.672203995318,0.625493345701,0.355747937235,0.0321373731527,0.0600162642438
128,0.665095258232,0.601231885103,0.355747937235,0.034199142264,0.0600162642438
129,0.593703878209,0.476494932592,0.355747937235,0.0449645691189,0.0600162642438
130,0.651819939573,0.571984536622,0.470966122638,0.0365339834724,0.0492829418992
131,0.644866414885,0.554465648101,0.470966122638,0.0385264403909,0.0492829418992
132,0.651819939573,0.571984536622,0.470966122638,0.0365339834724,0.0492829418992
133,0.684977415242,0.59419554923,0.528017632822,0.0350040134014,0.04396822316
134,0.66687782319,0.548612938649,0.528017632822,0.0383700528916,0.04396822316
135,0.802691611942,0.753082098264,0.51870133628,0.0206758928253,0.0448360966948
136,0.708789700538,0.641466083464,0.51870133628,0.0312341087045,0.0448360966948
137,0.682894952778,0.568317346469,0.51870133628,0.0373823273849,0.0448360966948
138,0.805251753166,0.750473869005,0.568483972934,0.0207518821089,0.0401985207384
139,0.79993298907,0.73952148757,0.568483972934,0.021656601037,0.0401985207384
140,0.71857347158,0.605604565594,0.568483972934,0.0327652804402,0.0401985207384
141,0.817434794598,0.743015360641,0.597882270563,0.0212600705886,0.0374598783641
142,0.768519570694,0.671285426531,0.597882270563,0.027060948885,0.0374598783641
143,0.774287100544,0.686283500692,0.560008318459,0.0256699848693,0.0409880830045
144,0.608069358298,0.429614720262,0.560008318459,0.0481527642328,0.0409880830045
145,0.740108293203,0.65399407802,0.566149828786,0.0282371884538,0.0404159614267
146,0.728107916112,0.605165866456,0.566149828786,0.0321733710772,0.0404159614267
147,0.771572080483,0.693662332953,0.56054791227,0.0250623477729,0.0409378163362
148,0.746843576993,0.636355595834,0.56054791227,0.0298961810094,0.0409378163362
149,0.640885528529,0.550111673652,0.56054791227,0.0378285301586,0.0409378163362
150,0.736802084577,0.64241658919,0.605667078581,0.0293624455539,0.0367346729327
151,0.73280096703,0.666085872985,0.623245717647,0.0273786104297,0.0350971085256
152,0.563548883245,0.459871650354,0.623245717647,0.0458841144347,0.0350971085256
153,0.73880387158,0.66391747493,0.625810612662,0.0275800464767,0.0348581718952
154,0.768790809878,0.728684312274,0.636448893754,0.0220252433175,0.0338671469129
155,0.7984108257,0.741914878746,0.613014153072,0.0218776405022,0.0360502452226
156,0.765641833261,0.655598224587,0.613014153072,0.0284861049468,0.0360502452226
157,0.772280309991,0.680899328635,0.625235179182,0.0267786599279,0.0349117772614
158,0.783517322308,0.705643693694,0.516103768579,0.0249573972058,0.0450780769982
159,0.703665766522,0.619807783386,0.516103768579,0.0315096217054,0.0450780769982
160,0.740281795982,0.656683502525,0.564743869981,0.0300995410074,0.0405469356215
161,0.711370083724,0.599086889925,0.564743869981,0.0349151626581,0.0405469356215
162,0.683795085183,0.627575866298,0.434878867127,0.0327527178873,0.0526447041468
163,0.640332147356,0.520898353696,0.434878867127,0.0425400944029,0.0526447041468
164,0.719075500844,0.654054691769,0.501573443501,0.0299268983215,0.0464316711577
165,0.620155457623,0.459384607431,0.501573443501,0.0459195821264,0.0464316711577
166,0.69476749083,0.647338862293,0.40312080008,0.0302260963092,0.0556031743697
167,0.694240250868,0.635873497016,0.40312080008,0.0316015139413,0.0556031743697
168,0.694238943769,0.630512822902,0.40312080008,0.0312188359417,0.0556031743697
169,0.706608182285,0.615054860912,0.40312080008,0.0328272538122,0.0556031743697
170,0.719075500844,0.654054691769,0.501573443501,0.0299268983215,0.0464316711577
171,0.639005965591,0.527946257593,0.501573443501,0.0411316306178,0.0464316711577
172,0.729298100536,0.64762267473,0.512420846777,0.0306531856667,0.0454211650857
173,0.719120830341,0.64953881699,0.424699154988,0.030358239556,0.0535930104527
174,0.649410628509,0.533697359337,0.424699154988,0.0406714658768,0.0535930104527
175,0.665317428816,0.616163348147,0.372046847026,0.0338074406403,0.0584979149307
176,0.645477333769,0.58959323222,0.372046847026,0.0357032228618,0.0584979149307
177,0.679141322399,0.612770258009,0.447295797877,0.0338906468076,0.051487986396
178,0.64946704933,0.514352697916,0.447295797877,0.0408863491127,0.051487986396
179,0.640355427659,0.47463417612,0.447295797877,0.0449310728982,0.051487986396
180,0.713862510222,0.637780336994,0.51958124989,0.0299948788346,0.0447541270268
181,0.72493184962,0.62611798559,0.51958124989,0.0305399915658,0.0447541270268
182,0.719809456759,0.712216161322,0.465098524624,0.0250768673572,0.0498295467659
183,0.704766932081,0.689548860748,0.465098524624,0.0272485045664,0.0498295467659
184,0.683350816654,0.631430351965,0.465098524624,0.0318395163287,0.0498295467659
185,0.680780517148,0.631201663607,0.465098524624,0.0321050461274,0.0498295467659
186,0.691614820959,0.714064515159,0.483846532303,0.0243508987422,0.0480830480771
187,0.665516801719,0.677186234947,0.483846532303,0.0276660994687,0.0480830480771
188,0.634320086636,0.621448403191,0.483846532303,0.0326529188498,0.0480830480771
189,0.680120340925,0.666669416518,0.512544580194,0.028340093343,0.0454096385141
190,0.675625677294,0.662328775611,0.512544580194,0.0288009859633,0.0454096385141
191,0.658205215515,0.588383739178,0.512544580194,0.0345515517962,0.0454096385141
192,0.67078080164,0.644453015507,0.48499369537,0.0295183617269,0.0479761823862
193,0.676238098628,0.579830459741,0.48499369537,0.034867091554,0.0479761823862
194,0.651602451643,0.589887334455,0.338967290415,0.0347750822419,0.06157949049
195,0.655869209438,0.569680113742,0.338967290415,0.0365932226656,0.06157949049
196,0.67078080164,0.644453015507,0.48499369537,0.0295183617269,0.0479761823862
197,0.66706692065,0.621978550639,0.48499369537,0.0318973063154,0.0479761823862
198,0.687087557759,0.677586891583,0.510090913404,0.0270327650049,0.0456382135129
199,0.703701983864,0.625597001788,0.510090913404,0.0321835657677,0.0456382135129
200,0.666881582054,0.582642044202,0.510090913404,0.0350824479299,0.0456382135129
201,0.689086408625,0.687237602921,0.485745745857,0.0262801289572,0.0479061239985
202,0.690559740675,0.63012662383,0.485745745857,0.0311890939666,0.0479061239985
203,0.688205046457,0.636944811728,0.510394945681,0.0302324354926,0.0456098909315
204,0.687057914344,0.626376986755,0.510394945681,0.0310608910808,0.0456098909315
205,0.683749279242,0.625208717593,0.510394945681,0.031451205427,0.0456098909315
206,0.723411997183,0.657161558527,0.553956872282,0.0289074559924,0.0415518145217
207,0.701962518639,0.64098554539,0.553956872282,0.0299699142244,0.0415518145217
208,0.718606303383,0.624805132378,0.553956872282,0.0315405891466,0.0415518145217
209,0.707055441761,0.627525290913,0.531052474348,0.0311132873226,0.0436855079597
210,0.675230546874,0.594500760329,0.531052474348,0.0336627411351,0.0436855079597
211,0.716406880326,0.609049693803,0.426831189487,0.0330506989895,0.0533943975909
212,0.672958938837,0.586310150443,0.426831189487,0.0355696221582,0.0533943975909
213,0.621330531024,0.479582634557,0.426831189487,0.0428031689429,0.0533943975909
214,0.618931920681,0.470439145648,0.426831189487,0.0448876710275,0.0533943975909
215,0.658232230181,0.559025385548,0.512627816236,0.0367307053233,0.0454018845362
216,0.738709868178,0.665486107398,0.5862266917,0.0268805508935,0.0385456712414
217,0.734600024038,0.633839041615,0.5862266917,0.0297001162588,0.0385456712414
218,0.732736924228,0.625433639326,0.5862266917,0.0308163094325,0.0385456712414
219,0.661189324704,0.591991726338,0.5862266917,0.0338322949958,0.0385456712414
220,0.660358239767,0.592023532787,0.502968859841,0.033798696627,0.046301679062
221,0.670699799931,0.593808458751,0.486481426782,0.0338316804816,0.0478375905419
222,0.639019840955,0.508683753133,0.486481426782,0.0414968903883,0.0478375905419
223,0.698996047269,0.645256989872,0.50064537686,0.0297724875977,0.0465181265933
224,0.627204266982,0.47237923355,0.50064537686,0.0444055193155,0.0465181265933
225,0.683739358848,0.616653216348,0.51436885179,0.0322416922956,0.0452396957658
226,0.697420989547,0.621683390982,0.497025942651,0.0316964044996,0.0468553003992
227,0.686611955171,0.669676928612,0.475837997742,0.0274307798318,0.0488290950891
228,0.642629689433,0.623072234899,0.475837997742,0.0324325259971,0.0488290950891
229,0.685627771743,0.657406953304,0.414671048375,0.0284243083576,0.054527193719
230,0.657215890522,0.522771131053,0.414671048375,0.0401383423659,0.054527193719
231,0.685173328706,0.635640143486,0.321569006855,0.030791987456,0.0632002536104
232,0.65792861344,0.587830769018,0.321569006855,0.0351656782698,0.0632002536104
233,0.67201389783,0.604562574747,0.481567119459,0.0338789211985,0.0482953901888
234,0.700757400073,0.665415578641,0.502086757806,0.0291666025888,0.0463838525961
235,0.772310071183,0.715167911998,0.593746785989,0.0236792972016,0.0378451256133
236,0.618094707342,0.5130911168,0.593746785989,0.0421472606572,0.0378451256133
237,0.740640171664,0.70358469823,0.588493790595,0.0249025907181,0.038334476254
238,0.734424635889,0.661171545347,0.588493790595,0.0288933053026,0.038334476254
239,0.787069324201,0.736069284675,0.633981077233,0.0219737214481,0.034097040051
240,0.739002208143,0.671418698433,0.633981077233,0.0274693077998,0.034097040051
241,0.762031467315,0.700910800437,0.607020834944,0.0245303506083,0.0366085617345
242,0.736917322624,0.672114277564,0.607020834944,0.0273305326748,0.0366085617345
243,0.789096474177,0.747751195088,0.596433297599,0.0209309124532,0.0375948596072
244,0.763725705258,0.715047896362,0.596433297599,0.023384437739,0.0375948596072
245,0.765120089081,0.684379737544,0.596433297599,0.0255238596054,0.0375948596072
246,0.687229365436,0.591246031486,0.596433297599,0.0355994172476,0.0375948596072
247,0.757149931088,0.669229683129,0.5874366142,0.027169523553,0.0384329591018
248,0.761755295468,0.672063677624,0.578467379323,0.0268765652001,0.0392685015882
249,0.761755295468,0.672063677624,0.578467379323,0.0268765652001,0.0392685015882
250,0.781439049988,0.708730078488,0.588761659583,0.0242929727679,0.0383095225178
251,0.763219635223,0.724981786211,0.57456592565,0.0226327395234,0.0396319473389
252,0.736790506905,0.662630433482,0.57456592565,0.0275370984941,0.0396319473389
253,0.675183088534,0.629987295844,0.57456592565,0.0321520172523,0.0396319473389
254,0.763219635223,0.724981786211,0.57456592565,0.0226327395234,0.0396319473389
255,0.753990875634,0.708085545945,0.57456592565,0.0238870660263,0.0396319473389
256,0.64327317666,0.560864953357,0.57456592565,0.0379902188635,0.0396319473389
257,0.645862605303,0.586264236298,0.40956177539,0.0358942247461,0.0550031556838
258,0.640985095995,0.586682158649,0.309253065971,0.0361799945565,0.0643475634992
259,0.574469792791,0.556105289615,0.309253065971,0.0394312344936,0.0643475634992
260,0.620276996838,0.526249759677,0.309253065971,0.0411958258253,0.0643475634992
261,0.629761810081,0.557223826433,0.301198314218,0.0381400166781,0.0650979159429
262,0.635599282938,0.553355549181,0.301198314218,0.0380878316694,0.0650979159429
263,0.608328170395,0.579910175532,0.399611637134,0.0363533329688,0.0559300756912
264,0.753819870559,0.703203676315,0.555090700295,0.0243114609148,0.0414461910778
265,0.766236879465,0.690909226581,0.555090700295,0.025271741167,0.0414461910778
266,0.722349200079,0.692081371663,0.50445093378,0.0254694650468,0.046163614248
267,0.735881680338,0.699837329152,0.570027273588,0.0251997363043,0.0400547522583
268,0.59437931766,0.588994198512,0.570027273588,0.0354515433298,0.0400547522583
269,0.764287296664,0.719472048649,0.633956228234,0.0233826476955,0.0340993548966
270,0.753691701225,0.659701246913,0.633956228234,0.0277307873585,0.0340993548966
271,0.622624925337,0.512446236331,0.633956228234,0.0419534483317,0.0340993548966
272,0.746232462203,0.650565315984,0.562125430162,0.0289780116824,0.0407908602982
273,0.615803318809,0.567912102364,0.562125430162,0.0372106533896,0.0407908602982
274,0.486989258429,0.307984008656,0.562125430162,0.0590283895077,0.0407908602982
275,0.737607026472,0.63279621458,0.568167317592,0.0302198008282,0.0402280192403
276,0.734516217379,0.648545982245,0.557552796474,0.0291530203383,0.0412168308267
277,0.761424401381,0.697123793109,0.630782171808,0.0247184072483,0.0343950388691
278,0.761424401381,0.697123793109,0.630782171808,0.0247184072483,0.0343950388691
279,0.768337910505,0.71508429607,0.59768238959,0.0233451559693,0.0374784985751
280,0.723848487457,0.666826224234,0.59768238959,0.0278430736417,0.0374784985751
281,0.627854257779,0.610836255872,0.59768238959,0.0334733415195,0.0374784985751
282,0.754904159661,0.679024366717,0.586065598265,0.0264287397425,0.0385606781413
283,0.743230819656,0.668670083787,0.586065598265,0.0274813033068,0.0385606781413
284,0.619995631055,0.529436654762,0.586065598265,0.0403906323223,0.0385606781413
285,0.73834277576,0.675713854334,0.395915463368,0.0265859963359,0.0562743982852
286,0.662961563402,0.600724693766,0.395915463368,0.0349725173372,0.0562743982852
287,0.73345650405,0.656368832495,0.488336041146,0.0282667854795,0.0476648211676
288,0.74021910692,0.655982921098,0.488336041146,0.0278974543495,0.0476648211676
289,0.710886568123,0.619182358632,0.488336041146,0.0316531752051,0.0476648211676
290,0.610253021174,0.544842342691,0.488336041146,0.03906190274,0.0476648211676
291,0.756522346123,0.657596532842,0.520307615171,0.0280570766498,0.044686461383
292,0.758063059306,0.651574441991,0.520307615171,0.0284367912967,0.044686461383
293,0.749728621923,0.665773536741,0.588432360945,0.0271957845103,0.0383401988249
294,0.749728621923,0.665773536741,0.588432360945,0.0271957845103,0.0383401988249
295,0.762051709947,0.683380332478,0.477949347921,0.0256229298533,0.0486324091061
296,0.778891304339,0.688952930037,0.633759242539,0.0253757331356,0.0341177053936
297,0.767985781207,0.693142666303,0.622007683138,0.0251113949108,0.0352124394814
298,0.748885532064,0.6699863138,0.622007683138,0.0265972210634,0.0352124394814
299,0.549334903466,0.391701119634,0.622007683138,0.0521024463107,0.0352124394814
300,0.751920321486,0.636063344748,0.574464906463,0.0293891410677,0.0396413579324
301,0.740839052661,0.605242459063,0.574464906463,0.0325029919601,0.0396413579324
302,0.756583135341,0.680464025494,0.628701666799,0.0259293753191,0.0345888514241
303,0.735168021886,0.662474048313,0.628701666799,0.0287571544381,0.0345888514241
304,0.707836495264,0.617525393951,0.628701666799,0.0310454442544,0.0345888514241
305,0.723933337463,0.662546615101,0.570033612214,0.0276709519587,0.0400541617742
306,0.760980411675,0.690482976566,0.651645063843,0.0250597160223,0.0324515249657
307,0.683320429109,0.632374817683,0.651645063843,0.0306778556079,0.0324515249657
308,0.754633126544,0.678889752612,0.589455210023,0.0262382382326,0.0382449137895
309,0.710875209957,0.637838218514,0.589455210023,0.0292405107042,0.0382449137895
310,0.748561800489,0.67020969644,0.586068088272,0.0272218459869,0.038560446181
311,0.800052632592,0.746692326767,0.629026352496,0.0209364423091,0.0345586048425
312,0.767974594742,0.658385972993,0.629026352496,0.0288075580343,0.0345586048425
313,0.616415270128,0.550161820171,0.629026352496,0.0383415185565,0.0345586048425
314,0.800052632592,0.746692326767,0.629026352496,0.0209364423091,0.0345586048425
315,0.794790823672,0.739368657785,0.629026352496,0.0215971578395,0.0345586048425
316,0.657940519589,0.54384917414,0.629026352496,0.039873787992,0.0345586048425
317,0.661481684402,0.581739685389,0.536578034084,0.0355816267062,0.0431707661803
318,0.634497919038,0.528727542164,0.536578034084,0.039980816975,0.0431707661803
319,0.68071812292,0.585202079135,0.496732901912,0.0353492449387,0.0468825990474
320,0.699589180859,0.610669995681,0.466043921178,0.0330804418611,0.0497414769362
321,0.691818270234,0.568114948877,0.466043921178,0.0375320455939,0.0497414769362
322,0.646061323795,0.530705914369,0.466043921178,0.0394932071018,0.0497414769362
323,0.643465828752,0.577695945867,0.498335541275,0.035262991537,0.0467333027811
324,0.653850963068,0.527235734321,0.498335541275,0.0398018215233,0.0467333027811
325,0.64055126086,0.534401755806,0.489951359315,0.0393420184417,0.0475143437883
326,0.608913731593,0.500127200749,0.489951359315,0.0428569005979,0.0475143437883
327,0.635885775106,0.615563711099,0.459831285071,0.0330411057958,0.0503202243425
328,0.664199658783,0.615424777639,0.459831285071,0.0336621249397,0.0503202243425
329,0.634883457911,0.632334334599,0.348087980706,0.0319420719937,0.0607298389481
330,0.641168395057,0.600778207951,0.348087980706,0.0341506237241,0.0607298389481
331,0.60022088991,0.489880503663,0.348087980706,0.0429843417922,0.0607298389481
332,0.755881695937,0.701981780597,0.571206407228,0.0246498676338,0.0399449083009
333,0.732130978283,0.623792629789,0.571206407228,0.0308935183999,0.0399449083009
334,0.756436010878,0.631846425987,0.475493701431,0.0303470179944,0.0488611685267
335,0.756316213496,0.682859310791,0.617316529776,0.0265244823338,0.0356494508874
336,0.74183054306,0.658589862883,0.617316529776,0.028602483557,0.0356494508874
337,0.62247545795,0.451909737426,0.617316529776,0.0466616359501,0.0356494508874
338,0.769627527025,0.691008910337,0.607955594676,0.026322921724,0.0365214827939
339,0.776156678624,0.689881063725,0.607955594676,0.025238688734,0.0365214827939
340,0.730187518673,0.678075050109,0.607955594676,0.0270327797415,0.0365214827939
341,0.747885857442,0.661309503757,0.607955594676,0.0279477618225,0.0365214827939
342,0.700783188369,0.637047965507,0.607955594676,0.0316997807723,0.0365214827939
343,0.708808356114,0.695149537739,0.54357011872,0.0271531794283,0.0425194080809
344,0.736998263274,0.735606691799,0.501589828627,0.0234228242075,0.0464301447767
345,0.810999830175,0.76885389816,0.6141900672,0.0197087390415,0.0359407011837
346,0.786224584993,0.736702775506,0.6141900672,0.0217826890265,0.0359407011837
347,0.816321304411,0.749464786993,0.593108556429,0.0211008606697,0.0379045808423
348,0.79496075025,0.739219033714,0.593108556429,0.0219301271222,0.0379045808423
349,0.722683073098,0.696029479273,0.593108556429,0.0263963121311,0.0379045808423
350,0.783436076529,0.683976205467,0.593108556429,0.0266981377401,0.0379045808423
351,0.722683073098,0.696029479273,0.414683531616,0.0263963121311,0.0545260308241
352,0.712340851428,0.698155609017,0.444860536178,0.0260455848417,0.051714846841
353,0.691611178188,0.609081074537,0.444860536178,0.032951699268,0.051714846841
354,0.680859606552,0.655185762599,0.417111190876,0.0299922332057,0.0542998785956
355,0.615137783685,0.562809358516,0.417111190876,0.0377139907897,0.0542998785956
356,0.669094343923,0.563876154945,0.451507716594,0.0376925548094,0.0510956188099
357,0.642036109267,0.573030998508,0.322157028547,0.0367428669272,0.0631454755704
358,0.63621457541,0.441948780821,0.322157028547,0.0466940205068,0.0631454755704
359,0.623517683056,0.532330699713,0.244418161536,0.0399493928996,0.0703873559682
360,0.646631088219,0.534564467243,0.182542602673,0.0396100623467,0.0761514661753
361,0.696985533472,0.637660546497,0.355832235576,0.0310182160286,0.0600084113058
362,0.684819645094,0.594846435351,0.355832235576,0.0348128579979,0.0600084113058
363,0.620476769717,0.523835772207,0.355832235576,0.0400999415063,0.0600084113058
364,0.699966202064,0.619606164419,0.435608760258,0.0320285665685,0.0525767098608
365,0.697951715695,0.578094198542,0.435608760258,0.035706512366,0.0525767098608
366,0.691582820806,0.606554486132,0.457974685335,0.033389207706,0.0504931786669
367,0.635903280057,0.530097365718,0.457974685335,0.0401261238641,0.0504931786669
368,0.695229906495,0.590515832484,0.529534676215,0.0345790629228,0.0438269007143
369,0.667669551694,0.533077636456,0.529534676215,0.0398907550629,0.0438269007143
370,0.675323661048,0.614481786352,0.475260270754,0.0322202748832,0.0488829141105
371,0.714935302489,0.665792168308,0.559170685208,0.0271587309917,0.0410661139825
372,0.77490383388,0.691610055402,0.594231304278,0.0256889377939,0.0377999895876
373,0.786336923629,0.71575484191,0.57651149921,0.023606838297,0.0394507045248
374,0.577138272633,0.472024930664,0.57651149921,0.0449889121509,0.0394507045248
375,0.779777792098,0.693841315745,0.585935148138,0.0253272966005,0.0385728304179
376,0.754520886731,0.667909198333,0.585935148138,0.0271525641045,0.0385728304179
377,0.792593132752,0.711720967536,0.603721595248,0.0237612470468,0.0369159073417
378,0.748440542302,0.67419326476,0.603721595248,0.0271383493843,0.0369159073417
379,0.773844722929,0.688983057426,0.571317644138,0.0257675999332,0.0399345458603
380,0.739133102923,0.654459735009,0.571317644138,0.0286720528166,0.0399345458603
381,0.652458616557,0.520665896805,0.571317644138,0.0415230775622,0.0399345458603
382,0.681418230068,0.549303360167,0.0406439124115,0.0390543638564,0.0893702508448
383,0.782048941411,0.69104326403,0.614169121506,0.0253401818956,0.0359426524111
384,0.761183136885,0.671732829988,0.614169121506,0.0270116008144,0.0359426524111
385,0.74995367641,0.685938168941,0.592985784171,0.0256042555802,0.0379160178756
386,0.74995367641,0.685938168941,0.592985784171,0.0256042555802,0.0379160178756
387,0.722369048208,0.672230823186,0.592985784171,0.0268899923674,0.0379160178756
388,0.780647880175,0.693344921007,0.636194125345,0.0254614128056,0.0338908802449
389,0.696800852103,0.594478164449,0.636194125345,0.0348113252599,0.0338908802449
390,0.789850432922,0.703176419816,0.656023814126,0.0248768496047,0.0320436159357
391,0.756096587834,0.657691563934,0.656023814126,0.0285928703506,0.0320436159357
392,0.750613108041,0.709743336127,0.593191943302,0.0241872242463,0.0378968128134
393,0.759159030523,0.681494683318,0.593191943302,0.0262539273193,0.0378968128134
394,0.702921075523,0.596685218533,0.593191943302,0.0339441107746,0.0378968128134
395,0.583287122425,0.489996169052,0.593191943302,0.0437699047006,0.0378968128134
396,0.626804731178,0.52512065459,0.352153339556,0.0406878581835,0.0603511243655
397,0.618627419055,0.492112867554,0.352153339556,0.0435578035892,0.0603511243655
398,0.640253734952,0.472068407535,0.352153339556,0.0450416519185,0.0603511243655
399,0.777422693764,0.709937916518,0.567769228752,0.0238917946665,0.0402651038015
400,0.780662048191,0.698336813233,0.567769228752,0.0248541350815,0.0402651038015
401,0.780132974922,0.698092252111,0.567769228752,0.0248395877366,0.0402651038015
402,0.652981905318,0.551320071989,0.567769228752,0.0385893521355,0.0402651038015
403,0.78557849565,0.722691461697,0.566288340285,0.0228314110902,0.0404030581809
404,0.66491856706,0.570411609428,0.566288340285,0.0368906265868,0.0404030581809
405,0.74021780484,0.621381929524,0.627019341576,0.0313454297386,0.0347455709458
406,0.769270537109,0.700484669538,0.660180607915,0.0244536366069,0.0316563835946
407,0.824603444469,0.745575349725,0.659726220222,0.0214401119008,0.0316987127596
408,0.775768675348,0.655816262649,0.659726220222,0.0289189195979,0.0316987127596
409,0.824603444469,0.745575349725,0.659726220222,0.0214401119008,0.0316987127596
410,0.776075553731,0.669929801195,0.659726220222,0.027591456715,0.0316987127596
411,0.824603444469,0.745575349725,0.659726220222,0.0214401119008,0.0316987127596
412,0.752428852798,0.637019820971,0.659726220222,0.0300425995041,0.0316987127596
413,0.745977294316,0.646360601566,0.593649676239,0.0292554810929,0.0378541720173
414,0.702439647387,0.561370867044,0.593649676239,0.0373014450039,0.0378541720173
415,0.758465508898,0.660911972917,0.63165301905,0.028217973879,0.0343139137921
416,0.693546803123,0.52949486743,0.63165301905,0.0402894686861,0.0343139137921
417,0.702134972855,0.656604948959,0.54731767579,0.0284882300769,0.0421702987984
418,0.716657453476,0.648771383083,0.54731767579,0.0291517383258,0.0421702987984
419,0.762718761299,0.722618604712,0.623983833957,0.0227074917263,0.035028348197
420,0.76314978016,0.682507163773,0.623983833957,0.0264281742183,0.035028348197
421,0.756581371372,0.703809534049,0.608180642384,0.0243992789482,0.0365005181381
422,0.756581371372,0.703809534049,0.608180642384,0.0243992789482,0.0365005181381
423,0.718228245458,0.660345614573,0.608180642384,0.0280396943602,0.0365005181381
424,0.761221136229,0.685317065916,0.602479997722,0.0255906068103,0.0370315702157
425,0.770938453929,0.677674034551,0.602479997722,0.0262698395616,0.0370315702157
426,0.761221136229,0.685317065916,0.602479997722,0.0255906068103,0.0370315702157
427,0.768079491322,0.678043650028,0.602479997722,0.0264419518439,0.0370315702157
428,0.748403622544,0.674895841763,0.602479997722,0.0265418727961,0.0370315702157
429,0.768087282447,0.722954421371,0.592503720994,0.0224364617628,0.0379609251916
430,0.700421165231,0.638424153436,0.592503720994,0.0300999575442,0.0379609251916
431,0.610018169575,0.510752748152,0.592503720994,0.0414011665402,0.0379609251916
432,0.756883907686,0.677428720056,0.632621394671,0.0265130570533,0.0342237033132
433,0.742129219774,0.664098065938,0.632621394671,0.0276774282431,0.0342237033132
434,0.748490259094,0.694266670621,0.600692730456,0.0249576102272,0.0371980657704
435,0.741997994169,0.696871059788,0.561728683599,0.0246242934352,0.0408278198175
436,0.791526751725,0.715071881833,0.620630574518,0.0241609875395,0.0353407260941
437,0.802289043432,0.708658682204,0.620630574518,0.0240696224394,0.0353407260941
438,0.769463979909,0.700170464502,0.620630574518,0.0250307298889,0.0353407260941
439,0.729784914344,0.651860466968,0.620630574518,0.0301087176361,0.0353407260941
440,0.789575513852,0.712889172004,0.62901960307,0.0242872230424,0.0345592335954
441,0.756310337463,0.655884950422,0.62901960307,0.0282639016837,0.0345592335954
442,0.744878676013,0.686514577999,0.533799531116,0.0260705043819,0.0434296017789
443,0.610043230393,0.427086202188,0.533799531116,0.0488192028863,0.0434296017789
444,0.720716053834,0.660219483707,0.531311509407,0.027934072664,0.0436613771615
445,0.715564678456,0.6765411872,0.540882324359,0.0263852188091,0.0427697935836
446,0.749980825436,0.669047229802,0.540882324359,0.0276130676243,0.0427697935836
447,0.730948227046,0.635103550483,0.540882324359,0.0291329502642,0.0427697935836
448,0.730138612941,0.656788658943,0.619857352579,0.0279711448694,0.0354127567401
449,0.752108685652,0.683374217513,0.377198648695,0.025905607194,0.0580179911429
450,0.752108685652,0.683374217513,0.377198648695,0.025905607194,0.0580179911429
451,0.728585537849,0.661538332711,0.377198648695,0.0272250722085,0.0580179911429
452,0.53623903732,0.364018248273,0.377198648695,0.0538070849529,0.0580179911429
453,0.74507612644,0.66774082978,0.494456356045,0.0269856750176,0.0470946740817
454,0.737855223568,0.632777014382,0.494456356045,0.0298155394361,0.0470946740817
455,0.751209957214,0.688928288175,0.540507376185,0.025007767255,0.0428047224414
456,0.574577287131,0.446054676971,0.540507376185,0.0465745558721,0.0428047224414
457,0.779539861537,0.695278558861,0.613296648012,0.0252973741064,0.036023928984
458,0.692515626487,0.586516042626,0.613296648012,0.0356552734923,0.036023928984
459,0.779575319343,0.722334771017,0.622738374703,0.0224957661037,0.0351443708162
460,0.773116282905,0.736684379548,0.622120913834,0.021300075731,0.0352018913066
461,0.568269595882,0.412895990223,0.622120913834,0.0492912628456,0.0352018913066
462,0.736445037558,0.663578314345,0.593710969529,0.027021753685,0.0378484621492
463,0.764143458567,0.671215923474,0.543963371981,0.0268389010843,0.0424827739853
464,0.755271467147,0.667070033248,0.543963371981,0.027356625043,0.0424827739853
465,0.766808447887,0.678677293616,0.596058219713,0.0268538855752,0.0376298005485
466,0.73481380826,0.645245752914,0.596058219713,0.028900842111,0.0376298005485
467,0.763825685393,0.65562838149,0.587703791266,0.0289826450102,0.0384080698227
468,0.66929824971,0.580547092739,0.587703791266,0.0358466560648,0.0384080698227
469,0.682224358441,0.604241931658,0.420679404112,0.0341017853609,0.0539674763562
470,0.697220220024,0.612917162786,0.428114415546,0.0330053786606,0.0532748567486
471,0.672881150778,0.591420865672,0.428114415546,0.0344732280076,0.0532748567486
472,0.676857997549,0.60461577391,0.435716260046,0.0334868384952,0.0525666955573
473,0.664913916681,0.559088891211,0.435716260046,0.0375663839149,0.0525666955573
474,0.669813927258,0.563392083622,0.511563828968,0.0371887767519,0.0455010018611
475,0.686587872636,0.580060088735,0.396704971575,0.036151023732,0.0562008504676
476,0.651775691273,0.510124991702,0.396704971575,0.0419529403618,0.0562008504676
477,0.717620106867,0.608785052418,0.497585409862,0.0336149657126,0.0468031823946
478,0.711681073456,0.607866891685,0.497585409862,0.0334759486813,0.0468031823946
479,0.669569456281,0.550906457446,0.497585409862,0.0384944194307,0.0468031823946
480,0.787909751187,0.693116337521,0.576951695802,0.0259288061933,0.039409697353
481,0.793256374808,0.741883696096,0.577558713696,0.021948597767,0.0393531496935
482,0.774550368742,0.713252523184,0.577558713696,0.025307078231,0.0393531496935
483,0.749309847655,0.698387277399,0.577558713696,0.0250594388771,0.0393531496935
484,0.676563808364,0.529431409926,0.577558713696,0.0400305219857,0.0393531496935
485,0.757605232032,0.671952159399,0.594267266949,0.0271537001681,0.0377966394312
486,0.681826044728,0.590084010793,0.594267266949,0.0353236564093,0.0377966394312
487,0.821559926403,0.725155566641,0.584999729542,0.0227894260297,0.0386599707359
488,0.728475748067,0.583785422697,0.584999729542,0.0356594970803,0.0386599707359
489,0.667660824389,0.483844143961,0.584999729542,0.0441347753362,0.0386599707359
490,0.780572020911,0.648216710195,0.602439570864,0.0294515498108,0.0370353362402
491,0.702350916899,0.495819362523,0.602439570864,0.0433973599697,0.0370353362402
492,0.762910976673,0.674487119382,0.614953182465,0.0269893052753,0.0358696120401
493,0.771735130822,0.692167409632,0.592278508042,0.0254078660573,0.037981905241
494,0.773226677121,0.696734240836,0.593632508493,0.0252914707463,0.0378557713043
495,0.780834602627,0.698848285557,0.60423607159,0.0251360162347,0.0368679805288
496,0.785514832317,0.703019945466,0.61176359682,0.0250446948165,0.0361667426601
497,0.690211145748,0.573056421078,0.61176359682,0.0367771396033,0.0361667426601
498,0.695678167102,0.617837791111,0.439033939334,0.0328041807771,0.0522576321824
499,0.690209269697,0.600237673939,0.439033939334,0.0339975038181,0.0522576321824
