predict: [ 0.2351669   0.27343153  0.60418801  0.33421175  0.0981375   0.29832366
  0.01344949  0.06133678  0.35983012  0.93633254  0.8642543   0.73002694
  0.622905    0.66176751  0.73684992  0.870554    0.66295698  0.72468403
  0.49182405  0.43988769  0.27448434  0.4641684   1.08384417  0.65003152
  0.68000197  0.20481409  0.47854706  0.22381958  0.28242477  0.28766058
  0.22811253]
predict_1.1: [ 0.23644979  0.27927114  0.66708361  0.35412126  0.10144658  0.3382112
  0.01761439  0.06782725  0.37560044  1.04795792  0.99252825  0.79560117
  0.6723031   0.71536221  0.801667    0.92119387  0.71349208  0.78305636
  0.5974368   0.48695365  0.2805179   0.50934381  1.05638421  0.69908593
  0.73074673  0.20481409  0.50547466  0.23460053  0.28726432  0.29231022
  0.23281924]
predict_1.2: [ 0.23642658  0.28500077  0.72644735  0.37326539  0.10463281  0.37612583
  0.02155908  0.07390787  0.3905571   1.13441821  1.10914286  0.85488736
  0.71536489  0.76591435  0.85287478  0.95110061  0.75958599  0.83376765
  0.68897836  0.53253255  0.28656103  0.5527254   0.99387377  0.74636662
  0.77925381  0.20481409  0.53095813  0.24489937  0.29210212  0.2969534
  0.23685619]
predict_0.8: [ 0.22873033  0.26142582  0.46887779  0.29243174  0.09116746  0.21298639
  0.00452489  0.04731852  0.3259084   0.64021939  0.57493004  0.58178167
  0.50587101  0.54632828  0.56900334  0.71116934  0.54942733  0.58718914
  0.24190758  0.3417743   0.26244797  0.36867122  1.03607513  0.54736663
  0.57258167  0.20481409  0.42069964  0.20098127  0.27274094  0.27834227
  0.21677355]

true values: [ 0.63462109  0.35642601  0.63450218  0.43969882  0.05113687  0.2336543
  0.23962881  0.20104398  0.          0.91650208  1.          0.85766899
  0.6617303   0.99276774  0.61681411  0.97556683  0.72010374  0.91753731
  0.61662505  0.48673577  0.14619631  0.79308565  0.99833469  0.7116999
  0.7516807   0.42972151  0.70755719  0.57205149  0.6923624   0.13122858
  0.06118647]
