generation,train,validation,test,validmse,testAvrMse
0,0.723209638108,0.467462006334,0.325692841405,0.0374042943827,0.0628160916366
1,0.716354969409,0.475389026728,0.196183067711,0.0367875492978,0.0748807682584
2,0.724094455193,0.487628370572,0.282872019475,0.036037094982,0.0668051293326
3,0.719311060628,0.476023630592,0.316341171312,0.0363301757551,0.0636872604475
4,0.716019463706,0.471826413705,0.250455926182,0.0368048938466,0.0698248989744
5,0.712727866783,0.467629196817,0.184570681053,0.0372796119381,0.0759625375013
6,0.712727866783,0.467629196817,0.184570681053,0.0372796119381,0.0759625375013
7,0.714031479463,0.470960527489,0.120330329154,0.0373053732354,0.0819469435397
8,0.703093206761,0.457104016778,0.192286051678,0.0382346731741,0.075243800614
9,0.712283625964,0.472161111897,0.195575838139,0.0373367595859,0.0749373356371
10,0.707688416362,0.464632564338,0.193930944909,0.03778571638,0.0750905681256
11,0.699579489429,0.455172757431,0.131903385092,0.0387379650895,0.0808688382088
12,0.708891733138,0.468017740011,0.112894509114,0.0374642940999,0.0826396384742
13,0.728279359421,0.493346683251,0.325133536316,0.0354608359908,0.0628681945385
14,0.740983495957,0.510335037718,0.388805989363,0.0340596304872,0.0569366919668
15,0.748603258885,0.527721377111,0.392103510213,0.0328545292768,0.0566295064813
16,0.751627812212,0.537579168944,0.393756137832,0.0320983848605,0.0564755534843
17,0.757676918866,0.557294752611,0.397061393071,0.030586096028,0.0561676474902
18,0.757676918866,0.557294752611,0.397061393071,0.030586096028,0.0561676474902
19,0.760701472193,0.567152544445,0.398714020691,0.0298299516117,0.0560136944932
20,0.760701472193,0.567152544445,0.398714020691,0.0298299516117,0.0560136944932
21,0.760701472193,0.567152544445,0.398714020691,0.0298299516117,0.0560136944932
22,0.760701472193,0.567152544445,0.398714020691,0.0298299516117,0.0560136944932
23,0.760701472193,0.567152544445,0.398714020691,0.0298299516117,0.0560136944932
24,0.760701472193,0.567152544445,0.398714020691,0.0298299516117,0.0560136944932
25,0.760701472193,0.567152544445,0.398714020691,0.0298299516117,0.0560136944932
26,0.7604250909,0.56605225507,0.399325705727,0.0298219216094,0.0559567120589
27,0.760148709606,0.564951965696,0.399937390764,0.0298138916071,0.0558997296247
28,0.764561287136,0.571599359795,0.392670886566,0.0294917050868,0.0565766516888
29,0.759872328313,0.563851676322,0.4005490758,0.0298058616048,0.0558427471905
30,0.759872328313,0.563851676322,0.4005490758,0.0298058616048,0.0558427471905
31,0.760148709606,0.564951965696,0.399937390764,0.0298138916071,0.0558997296247
32,0.760148709606,0.564951965696,0.399937390764,0.0298138916071,0.0558997296247
33,0.765113794674,0.567017679975,0.402154780639,0.0294298463803,0.0556931653553
34,0.765048177387,0.574856137119,0.398744345016,0.0290411312252,0.0560108695853
35,0.75959594702,0.562751386947,0.401160760837,0.0297978316025,0.0557857647563
36,0.75959594702,0.562751386947,0.401160760837,0.0297978316025,0.0557857647563
37,0.752773496519,0.548012887909,0.391279535522,0.0308546554201,0.0567062650757
38,0.75959594702,0.562751386947,0.401160760837,0.0297978316025,0.0557857647563
39,0.75959594702,0.562751386947,0.401160760837,0.0297978316025,0.0557857647563
40,0.755125473632,0.559686096608,0.402886930934,0.030011138595,0.0556249607997
41,0.759319565727,0.561651097573,0.401772445873,0.0297898016002,0.0557287823221
42,0.762815507868,0.575013069859,0.405029064248,0.0290028435937,0.0554254071678
43,0.762815507868,0.575013069859,0.405029064248,0.0290028435937,0.0554254071678
44,0.762815507868,0.575013069859,0.405029064248,0.0290028435937,0.0554254071678
45,0.759319565727,0.561651097573,0.401772445873,0.0297898016002,0.0557287823221
46,0.759319565727,0.561651097573,0.401772445873,0.0297898016002,0.0557287823221
47,0.759319565727,0.561651097573,0.401772445873,0.0297898016002,0.0557287823221
48,0.759319565727,0.561651097573,0.401772445873,0.0297898016002,0.0557287823221
49,0.756270063961,0.556138559348,0.394955789071,0.0302629160619,0.0563637981793
50,0.753220562195,0.550626021123,0.388139132268,0.0307360305235,0.0569988140366
51,0.753220562195,0.550626021123,0.388139132268,0.0307360305235,0.0569988140366
52,0.747121558662,0.539600944672,0.374505818663,0.0316822594468,0.0582688457511
53,0.747121558662,0.539600944672,0.374505818663,0.0316822594468,0.0582688457511
54,0.744072056896,0.534088406447,0.36768916186,0.0321553739084,0.0589038616084
55,0.744072056896,0.534088406447,0.36768916186,0.0321553739084,0.0589038616084
56,0.744072056896,0.534088406447,0.36768916186,0.0321553739084,0.0589038616084
57,0.744072056896,0.534088406447,0.36768916186,0.0321553739084,0.0589038616084
58,0.744072056896,0.534088406447,0.36768916186,0.0321553739084,0.0589038616084
59,0.744072056896,0.534088406447,0.36768916186,0.0321553739084,0.0589038616084
60,0.744072056896,0.534088406447,0.36768916186,0.0321553739084,0.0589038616084
61,0.740833452425,0.53577902683,0.376352363152,0.0320614353749,0.0580968281381
62,0.737594847954,0.537469647212,0.385015564444,0.0319674968414,0.0572897946679
63,0.734709802834,0.524611585433,0.389065129225,0.032890028072,0.0569125514055
64,0.734709802834,0.524611585433,0.389065129225,0.032890028072,0.0569125514055
65,0.734709802834,0.524611585433,0.389065129225,0.032890028072,0.0569125514055
66,0.734709802834,0.524611585433,0.389065129225,0.032890028072,0.0569125514055
67,0.750424316532,0.549838489848,0.379723327798,0.0310394477857,0.057782800886
68,0.76902387535,0.587923456042,0.36633196159,0.028266336269,0.0590302936289
69,0.793975693804,0.641758505636,0.364974761321,0.0243772986295,0.0591567256494
70,0.806451603031,0.668676030434,0.364296161186,0.0224327798098,0.0592199416596
71,0.806451603031,0.668676030434,0.364296161186,0.0224327798098,0.0592199416596
72,0.806451603031,0.668676030434,0.364296161186,0.0224327798098,0.0592199416596
73,0.806451603031,0.668676030434,0.364296161186,0.0224327798098,0.0592199416596
74,0.806451603031,0.668676030434,0.364296161186,0.0224327798098,0.0592199416596
75,0.812114583642,0.664708716148,0.335910874884,0.0226733813027,0.0618642154491
76,0.817777564253,0.660741401863,0.307525588581,0.0229139827955,0.0645084892385
77,0.817777564253,0.660741401863,0.307525588581,0.0229139827955,0.0645084892385
78,0.812114583642,0.664708716148,0.335910874884,0.0226733813027,0.0618642154491
79,0.806451603031,0.668676030434,0.364296161186,0.0224327798098,0.0592199416596
80,0.806451603031,0.668676030434,0.364296161186,0.0224327798098,0.0592199416596
81,0.806574205042,0.674556800791,0.362496142387,0.0220674966366,0.0593876251024
82,0.806696807053,0.680437571149,0.360696123588,0.0217022134634,0.0595553085451
83,0.806103132711,0.672381611702,0.36379090287,0.0222250845607,0.0592670097536
84,0.806574205042,0.674556800791,0.362496142387,0.0220674966366,0.0593876251024
85,0.791326198531,0.639550535176,0.377191641302,0.0245532748132,0.0580186439271
86,0.806451603031,0.668676030434,0.364296161186,0.0224327798098,0.0592199416596
87,0.806451603031,0.668676030434,0.364296161186,0.0224327798098,0.0592199416596
88,0.806451603031,0.668676030434,0.364296161186,0.0224327798098,0.0592199416596
89,0.813005657384,0.673084817918,0.375768329473,0.0224158414844,0.0581512346688
90,0.806451603031,0.668676030434,0.364296161186,0.0224327798098,0.0592199416596
91,0.806451603031,0.668676030434,0.364296161186,0.0224327798098,0.0592199416596
92,0.78915108332,0.641030700343,0.373085890455,0.0245321315533,0.0584011212865
93,0.806451603031,0.668676030434,0.364296161186,0.0224327798098,0.0592199416596
94,0.806451603031,0.668676030434,0.364296161186,0.0224327798098,0.0592199416596
95,0.806451603031,0.668676030434,0.364296161186,0.0224327798098,0.0592199416596
96,0.806451603031,0.668676030434,0.364296161186,0.0224327798098,0.0592199416596
97,0.806451603031,0.668676030434,0.364296161186,0.0224327798098,0.0592199416596
98,0.806451603031,0.668676030434,0.364296161186,0.0224327798098,0.0592199416596
99,0.806451603031,0.668676030434,0.364296161186,0.0224327798098,0.0592199416596
100,0.806451603031,0.668676030434,0.364296161186,0.0224327798098,0.0592199416596
101,0.806451603031,0.668676030434,0.364296161186,0.0224327798098,0.0592199416596
102,0.80438506031,0.656369782953,0.328806316325,0.0232531859859,0.0625260512249
103,0.806451603031,0.668676030434,0.364296161186,0.0224327798098,0.0592199416596
104,0.806451603031,0.668676030434,0.364296161186,0.0224327798098,0.0592199416596
105,0.792734548524,0.630391100757,0.376733424406,0.0251389023758,0.0580613298073
106,0.806451603031,0.668676030434,0.364296161186,0.0224327798098,0.0592199416596
107,0.806451603031,0.668676030434,0.364296161186,0.0224327798098,0.0592199416596
108,0.806451603031,0.668676030434,0.364296161186,0.0224327798098,0.0592199416596
109,0.810008262529,0.669243233981,0.374929123564,0.0224620422738,0.0582294121501
110,0.813564922027,0.669810437528,0.385562085941,0.0224913047378,0.0572388826406
111,0.813564922027,0.669810437528,0.385562085941,0.0224913047378,0.0572388826406
112,0.813564922027,0.669810437528,0.385562085941,0.0224913047378,0.0572388826406
113,0.813564922027,0.669810437528,0.385562085941,0.0224913047378,0.0572388826406
114,0.810008262529,0.669243233981,0.374929123564,0.0224620422738,0.0582294121501
115,0.810008262529,0.669243233981,0.374929123564,0.0224620422738,0.0582294121501
116,0.806451603031,0.668676030434,0.364296161186,0.0224327798098,0.0592199416596
117,0.806451603031,0.668676030434,0.364296161186,0.0224327798098,0.0592199416596
118,0.809548398246,0.670378176438,0.367609692636,0.0223343938219,0.0589112646827
119,0.809613604285,0.671635152964,0.366108880869,0.0223105359883,0.0590510750471
120,0.809653047366,0.667247299078,0.377355272559,0.022748302846,0.0580034006127
121,0.809627284408,0.661602468664,0.390102476017,0.0232099275374,0.0568159158139
122,0.809627284408,0.661602468664,0.390102476017,0.0232099275374,0.0568159158139
123,0.809627284408,0.661602468664,0.390102476017,0.0232099275374,0.0568159158139
124,0.809809222404,0.675406082545,0.361606445565,0.0222389624873,0.0594705061402
125,0.809809222404,0.675406082545,0.361606445565,0.0222389624873,0.0594705061402
126,0.811369433159,0.67659792797,0.372121158435,0.0220976374945,0.0584909923404
127,0.809631535484,0.676103498438,0.369790893054,0.0222042333141,0.0587080716963
128,0.808994382787,0.668689858689,0.365518989759,0.022804707798,0.0591060272355
129,0.808994382787,0.668689858689,0.365518989759,0.022804707798,0.0591060272355
130,0.809230635127,0.673894915666,0.358581687895,0.0223822549913,0.0597522819638
131,0.809230635127,0.673894915666,0.358581687895,0.0223822549913,0.0597522819638
132,0.809230635127,0.673894915666,0.358581687895,0.0223822549913,0.0597522819638
133,0.809230635127,0.673894915666,0.358581687895,0.0223822549913,0.0597522819638
134,0.806777633229,0.674960913067,0.356792102347,0.0223134906415,0.0599189934814
135,0.799350202842,0.652219777724,0.366794541109,0.0240158486527,0.0589872013421
136,0.806777633229,0.674960913067,0.356792102347,0.0223134906415,0.0599189934814
137,0.806777633229,0.674960913067,0.356792102347,0.0223134906415,0.0599189934814
138,0.808871607598,0.66905510749,0.334718927867,0.022571412315,0.0619752530557
139,0.806777633229,0.674960913067,0.356792102347,0.0223134906415,0.0599189934814
140,0.805515024605,0.674152014573,0.370447357217,0.0224271701798,0.0586469177956
141,0.805515024605,0.674152014573,0.370447357217,0.0224271701798,0.0586469177956
142,0.806367089846,0.675772348541,0.355569630638,0.0222046068647,0.0600328746614
143,0.806777633229,0.674960913067,0.356792102347,0.0223134906415,0.0599189934814
144,0.791599614134,0.652796917179,0.363863397036,0.0239337068512,0.0592602564511
145,0.776421595038,0.630632921291,0.370934691725,0.0255539230609,0.0586015194208
146,0.761243575942,0.608468925404,0.378005986414,0.0271741392705,0.0579427823905
147,0.759833732241,0.612420001219,0.377500548223,0.0269628795824,0.057989867241
148,0.773601907636,0.638535072923,0.369923815343,0.0251314036847,0.0586956891218
149,0.773601907636,0.638535072923,0.369923815343,0.0251314036847,0.0586956891218
150,0.773601907636,0.638535072923,0.369923815343,0.0251314036847,0.0586956891218
151,0.773601907636,0.638535072923,0.369923815343,0.0251314036847,0.0586956891218
152,0.773601907636,0.638535072923,0.369923815343,0.0251314036847,0.0586956891218
153,0.773601907636,0.638535072923,0.369923815343,0.0251314036847,0.0586956891218
154,0.773601907636,0.638535072923,0.369923815343,0.0251314036847,0.0586956891218
155,0.757014044839,0.620322152851,0.37648967184,0.0265403602063,0.0580840369419
156,0.792557557394,0.64903729975,0.337173001744,0.0241559193215,0.0617466401341
157,0.806777633229,0.674960913067,0.356792102347,0.0223134906415,0.0599189934814
158,0.806265633467,0.674064398657,0.35123389948,0.0223089241307,0.0604367761806
159,0.814110760939,0.679616052666,0.356339529335,0.0219245019596,0.0599611535971
160,0.818824409783,0.6819124828,0.357492243246,0.0218699372647,0.0598537708091
161,0.830871186336,0.688864052533,0.358192384144,0.021426383888,0.0597885481369
162,0.815205377043,0.667010233017,0.369436071616,0.0229553651853,0.0587411256179
163,0.843443271776,0.698236611059,0.354529237287,0.0203685472321,0.0601297940597
164,0.843683437817,0.699697970125,0.356694823584,0.0204007534923,0.0599280556301
165,0.845810481553,0.702258736407,0.355027776929,0.0202174174328,0.0600833518539
166,0.843443271776,0.698236611059,0.354529237287,0.0203685472321,0.0601297940597
167,0.822638714498,0.674197601296,0.36011222673,0.0222480130261,0.0596097023301
168,0.836425016106,0.6952411521,0.371260069951,0.0206552533025,0.0585712083257
169,0.829406760436,0.692245693142,0.387990902614,0.0209419593729,0.0570126225916
170,0.83532270019,0.698936787279,0.384944898845,0.0204787431758,0.0572963776274
171,0.841238639944,0.705627881416,0.381898895076,0.0200155269787,0.0575801326631
172,0.835425567589,0.706343056262,0.389053625653,0.0200297484012,0.0569136230379
173,0.840136324027,0.709323516595,0.39558372397,0.019839016852,0.0563053019648
174,0.840136324027,0.709323516595,0.39558372397,0.019839016852,0.0563053019648
175,0.837931692195,0.716714786953,0.422953381759,0.0194859965986,0.0537556405682
176,0.837931692195,0.716714786953,0.422953381759,0.0194859965986,0.0537556405682
177,0.836121481058,0.71534799262,0.410250949491,0.0195546439353,0.0549389546399
178,0.837931692195,0.716714786953,0.422953381759,0.0194859965986,0.0537556405682
179,0.837931692195,0.716714786953,0.422953381759,0.0194859965986,0.0537556405682
180,0.837931692195,0.716714786953,0.422953381759,0.0194859965986,0.0537556405682
181,0.837931692195,0.716714786953,0.422953381759,0.0194859965986,0.0537556405682
182,0.831412339442,0.709486304395,0.425605108551,0.0200119444184,0.0535086149939
183,0.831412339442,0.709486304395,0.425605108551,0.0200119444184,0.0535086149939
184,0.837931692195,0.716714786953,0.422953381759,0.0194859965986,0.0537556405682
185,0.837931692195,0.716714786953,0.422953381759,0.0194859965986,0.0537556405682
186,0.837931692195,0.716714786953,0.422953381759,0.0194859965986,0.0537556405682
187,0.836757568981,0.716014124126,0.424996524973,0.0195640280141,0.0535653085071
188,0.835583445768,0.715313461299,0.427039668187,0.0196420594296,0.0533749764459
189,0.835583445768,0.715313461299,0.427039668187,0.0196420594296,0.0533749764459
190,0.835583445768,0.715313461299,0.427039668187,0.0196420594296,0.0533749764459
191,0.817734622941,0.680720740673,0.430421468392,0.0221662624981,0.053059939791
192,0.832061076127,0.713211472818,0.433169097829,0.019876153676,0.0528039802624
193,0.81357046573,0.673109755621,0.436706159352,0.0227583561383,0.0524744800073
194,0.832061076127,0.713211472818,0.433169097829,0.019876153676,0.0528039802624
195,0.832061076127,0.713211472818,0.433169097829,0.019876153676,0.0528039802624
196,0.834272045093,0.716950495047,0.42456131944,0.019607004675,0.0536058507292
197,0.833235199341,0.713912135645,0.431125954615,0.0197981222606,0.0529943123236
198,0.832061076127,0.713211472818,0.433169097829,0.019876153676,0.0528039802624
199,0.832061076127,0.713211472818,0.433169097829,0.019876153676,0.0528039802624
200,0.832061076127,0.713211472818,0.433169097829,0.019876153676,0.0528039802624
201,0.814063173507,0.672931484978,0.437949788152,0.0227261976134,0.0523586279068
202,0.796065270887,0.632651497138,0.442730478476,0.0255762415507,0.0519132755513
203,0.796065270887,0.632651497138,0.442730478476,0.0255762415507,0.0519132755513
204,0.832061076127,0.713211472818,0.433169097829,0.019876153676,0.0528039802624
205,0.832061076127,0.713211472818,0.433169097829,0.019876153676,0.0528039802624
206,0.832061076127,0.713211472818,0.433169097829,0.019876153676,0.0528039802624
207,0.833666940866,0.718213188157,0.429445508093,0.0195104782365,0.053150856832
208,0.835272805604,0.723214903495,0.425721918357,0.0191448027969,0.0534977334017
209,0.835069677536,0.715632587671,0.41129159291,0.019501277634,0.0548420119461
210,0.830989821076,0.721242161196,0.444790687326,0.0192909235924,0.0517213537153
211,0.829058019129,0.717042532334,0.423068926124,0.0196135862849,0.0537448768601
212,0.829058019129,0.717042532334,0.423068926124,0.0196135862849,0.0537448768601
213,0.829058019129,0.717042532334,0.423068926124,0.0196135862849,0.0537448768601
214,0.820879684548,0.693892328277,0.432611596193,0.0213651918208,0.0528559151609
215,0.833666940866,0.718213188157,0.429445508093,0.0195104782365,0.053150856832
216,0.832061076127,0.713211472818,0.433169097829,0.019876153676,0.0528039802624
217,0.832061076127,0.713211472818,0.433169097829,0.019876153676,0.0528039802624
218,0.832061076127,0.713211472818,0.433169097829,0.019876153676,0.0528039802624
219,0.832061076127,0.713211472818,0.433169097829,0.019876153676,0.0528039802624
220,0.832061076127,0.713211472818,0.433169097829,0.019876153676,0.0528039802624
221,0.832061076127,0.713211472818,0.433169097829,0.019876153676,0.0528039802624
222,0.829795921975,0.710225473574,0.417084705793,0.0199980623891,0.0543023458531
223,0.832061076127,0.713211472818,0.433169097829,0.019876153676,0.0528039802624
224,0.832061076127,0.713211472818,0.433169097829,0.019876153676,0.0528039802624
225,0.832061076127,0.713211472818,0.433169097829,0.019876153676,0.0528039802624
226,0.832061076127,0.713211472818,0.433169097829,0.019876153676,0.0528039802624
227,0.832061076127,0.713211472818,0.433169097829,0.019876153676,0.0528039802624
228,0.832995039656,0.715746941511,0.441592207121,0.0198551007143,0.0520193129214
229,0.832061076127,0.713211472818,0.433169097829,0.019876153676,0.0528039802624
230,0.832061076127,0.713211472818,0.433169097829,0.019876153676,0.0528039802624
231,0.832061076127,0.713211472818,0.433169097829,0.019876153676,0.0528039802624
232,0.832273684042,0.711642980478,0.434747831957,0.0199937475417,0.052656910924
233,0.832273684042,0.711642980478,0.434747831957,0.0199937475417,0.052656910924
234,0.832823491683,0.714619678356,0.433457579502,0.0197838632929,0.0527771063208
235,0.833585907239,0.716027883894,0.433746061175,0.0196915729098,0.0527502323792
236,0.834348322794,0.717436089432,0.434034542848,0.0195992825267,0.0527233584376
237,0.832823491683,0.714619678356,0.433457579502,0.0197838632929,0.0527771063208
238,0.832823491683,0.714619678356,0.433457579502,0.0197838632929,0.0527771063208
239,0.832061076127,0.713211472818,0.433169097829,0.019876153676,0.0528039802624
240,0.830826827599,0.710806274393,0.419300199637,0.0199535465576,0.0540959582113
241,0.82959257907,0.708401075968,0.405431301446,0.0200309394391,0.0553879361602
242,0.828958211356,0.702981097154,0.404748413706,0.0204485633704,0.0554515515888
243,0.81501063332,0.668628367853,0.418629659626,0.0229007769663,0.0541584233687
244,0.816244881848,0.671033566278,0.432498557817,0.0228233840847,0.0528664454198
245,0.814473881943,0.665898472971,0.427721287619,0.023188159794,0.0533114791685
246,0.812702882038,0.660763379663,0.42294401742,0.0235529355033,0.0537565129172
247,0.826748076412,0.697806192895,0.418837287233,0.020970480804,0.0541390815085
248,0.826748076412,0.697806192895,0.418837287233,0.020970480804,0.0541390815085
249,0.827800210399,0.697217406533,0.419596808448,0.0210519490834,0.054068327174
250,0.830643677326,0.701596219042,0.421649028771,0.0206797631583,0.0538771495212
251,0.837018797355,0.707293972413,0.430012191667,0.0202245350193,0.0530980665764
252,0.836665196251,0.713774132882,0.436754990526,0.0197857012463,0.0524699310662
253,0.832061076127,0.713211472818,0.433169097829,0.019876153676,0.0528039802624
254,0.832061076127,0.713211472818,0.433169097829,0.019876153676,0.0528039802624
255,0.832061076127,0.713211472818,0.433169097829,0.019876153676,0.0528039802624
256,0.832061076127,0.713211472818,0.433169097829,0.019876153676,0.0528039802624
257,0.832061076127,0.713211472818,0.433169097829,0.019876153676,0.0528039802624
258,0.831198731048,0.716625178542,0.420395082233,0.0196013593444,0.0539939627859
259,0.825328856644,0.711427668561,0.418956379696,0.0199383780797,0.054127987272
260,0.823604166486,0.718255080008,0.393408348505,0.0193887894163,0.0565079523191
261,0.823604166486,0.718255080008,0.393408348505,0.0193887894163,0.0565079523191
262,0.827749350732,0.730280001437,0.36929901985,0.0185021820176,0.0587538928801
263,0.827749350732,0.730280001437,0.36929901985,0.0185021820176,0.0587538928801
264,0.828009283542,0.721815458367,0.366154000425,0.0191064989256,0.0590468718673
265,0.827749350732,0.730280001437,0.36929901985,0.0185021820176,0.0587538928801
266,0.812004793727,0.69179396648,0.384970775017,0.021255287816,0.0572939670939
267,0.827749350732,0.730280001437,0.36929901985,0.0185021820176,0.0587538928801
268,0.827749350732,0.730280001437,0.36929901985,0.0185021820176,0.0587538928801
269,0.827749350732,0.730280001437,0.36929901985,0.0185021820176,0.0587538928801
270,0.827749350732,0.730280001437,0.36929901985,0.0185021820176,0.0587538928801
271,0.824761387462,0.732985655874,0.370409592585,0.0183553048841,0.0586504358163
272,0.825343788542,0.728907093487,0.358847414643,0.0186196405307,0.0597275277913
273,0.825627541769,0.732397224483,0.36886537839,0.0183633011031,0.0587942893987
274,0.825627541769,0.732397224483,0.36886537839,0.0183633011031,0.0587942893987
275,0.825627541769,0.732397224483,0.36886537839,0.0183633011031,0.0587942893987
276,0.812901231606,0.693730872345,0.384760069388,0.0211390303,0.0573135956918
277,0.808130515656,0.693903441543,0.388412656122,0.0211925332424,0.056973333513
278,0.80371914701,0.695548559648,0.384238429793,0.0211557972229,0.0573621898083
279,0.823105355745,0.732657724183,0.368386081572,0.0184030263957,0.0588389390106
280,0.828983918572,0.733967535048,0.361109047982,0.0182230388649,0.0595168419558
281,0.828857197609,0.7317623815,0.365674572994,0.0183756974292,0.0590915336465
282,0.828857197609,0.7317623815,0.365674572994,0.0183756974292,0.0590915336465
283,0.827749350732,0.730280001437,0.36929901985,0.0185021820176,0.0587538928801
284,0.827347789508,0.730965752175,0.356481853535,0.0185015096177,0.0599478951734
285,0.826946228283,0.731651502914,0.34366468722,0.0185008372178,0.0611418974667
286,0.826544667059,0.732337253653,0.330847520905,0.018500164818,0.0623358997601
287,0.82961835773,0.728168671462,0.32817492601,0.0188012050906,0.0625848693338
288,0.832290487177,0.724685840009,0.3126851648,0.0191015729634,0.0640278412008
289,0.827986692903,0.722966823867,0.315186654241,0.0192534448191,0.0637948112116
290,0.834962616625,0.721203008557,0.29719540359,0.0194019408361,0.0654708130679
291,0.828815235281,0.72954017294,0.30254059338,0.0187998602909,0.0649728739204
292,0.82574154461,0.733708755131,0.305213188276,0.0184988200182,0.0647239043467
293,0.827902122131,0.728832264713,0.304675049179,0.018855139684,0.0647740354989
294,0.82574154461,0.733708755131,0.305213188276,0.0184988200182,0.0647239043467
295,0.82574154461,0.733708755131,0.305213188276,0.0184988200182,0.0647239043467
296,0.82574154461,0.733708755131,0.305213188276,0.0184988200182,0.0647239043467
297,0.82574154461,0.733708755131,0.305213188276,0.0184988200182,0.0647239043467
298,0.82574154461,0.733708755131,0.305213188276,0.0184988200182,0.0647239043467
299,0.82574154461,0.733708755131,0.305213188276,0.0184988200182,0.0647239043467
