r2: 0.58430560579
mse: 0.0387246328719
SV: 
[[ 0.30208503  0.23454022  0.06287695  0.41060061  0.18768454]
 [ 0.22130983  0.08284859  0.01641078  0.39525467  0.13585865]
 [ 0.53874586  0.22713199  0.56888243  0.66049864  0.10847019]
 [ 0.88235133  0.29539026  0.37337706  0.38594176  0.12053496]
 [ 0.14992186  0.0772484   0.29084463  0.04831504  0.0421904 ]
 [ 0.31477387  0.09709468  0.25763645 -0.02528975  0.0900261 ]
 [ 0.40464161  0.13338526  0.04150613  0.54434571  0.18567039]
 [ 0.5360959   0.22306608  0.63412304  0.60364367  0.16386673]
 [ 0.49372739  0.39805796  1.03574388  0.89433573  0.16684208]
 [ 0.49868984  0.38932227  0.48836049  0.59416381  0.13609746]
 [ 0.23248278  0.11754426  0.43297616  1.00271699  0.1853163 ]
 [ 0.19671658 -0.05704693  0.08915457  0.45760852 -0.04776883]
 [ 0.42131266  0.28492345  0.1497984   0.73337156  0.27720318]
 [ 0.24951502  0.12981423  0.31150147  0.60391615  0.23229261]
 [ 0.04710128  0.0236794   0.29490623  0.30928547  0.11394442]
 [ 0.04943688 -0.07273438  0.04949009  0.65217904  0.02926325]
 [ 0.13092854  0.02219933  0.05612337  0.7257934  -0.02265542]
 [ 0.19523743  0.09375935  0.05584103  0.32635512 -0.04334363]
 [ 0.17425998  0.02717367  0.4310026   0.2490873   0.05924502]
 [ 0.14103696  0.07031954  0.35220749  0.05334081  0.0351242 ]
 [ 0.47630687  0.36996574  0.22750474  0.7199883   0.44948095]
 [ 0.07926078  0.148273    0.49682002  0.97964286  0.2517077 ]
 [ 0.42535228  0.29152132  0.43161631  0.56406218  0.16216577]
 [ 0.26429435  0.12614768  0.41100378  0.94437593  0.16728183]
 [ 0.16787518  0.06466985  0.01781782  0.34791547  0.01458635]
 [ 0.41429088  0.21278922  0.22706311  0.67095012  0.28393405]
 [ 0.34331688  0.0837639   0.3021081   0.67100012  0.34638625]
 [ 0.41490904  0.11024225  0.33451454  0.31522013  0.05199176]
 [ 0.09973836  0.07806369  0.28346266  0.21150697 -0.0014452 ]
 [ 0.01879587 -0.03584469  0.06175464  0.83971364 -0.01784255]
 [-0.01194903 -0.03734346  0.08825752  0.70733631  0.06163243]
 [ 0.05115166  0.09591687  0.29996706  0.32800881  0.05040537]
 [ 0.18232874  0.12862566 -0.00476279  0.30240553 -0.08657739]
 [ 0.48504232  0.06399879  0.5257889   0.62356589  0.01227035]
 [ 0.19781742  0.08042926  0.52062401  0.17628137  0.19040976]
 [ 0.83112192  0.25449931  0.38147928  0.37361951  0.05253192]
 [ 0.38352597  0.08109558  0.14320998  0.61646647  0.19343494]
 [ 0.80527625  0.68051271  0.39726589  0.93978601  0.16192068]
 [ 0.39507557  0.19087592  0.7055046   0.81490884  0.04551865]
 [ 0.26347331  0.13502401  0.41385457  0.9654397   0.15797494]
 [ 0.13618549  0.08957319  0.09699204  0.46382556  0.02152508]
 [ 0.33094646  0.19699081  0.26450987  0.74849362  0.17062584]
 [ 0.43724912  0.33267589  0.73994444  0.72133079  1.03482844]
 [-0.02293191 -0.00135148  0.08727625  0.74705175  0.01594464]
 [ 0.17399296  0.10674015  0.26988845  0.29207094  0.00647992]
 [ 0.19000842  0.14363559  0.12922848  0.3414079   0.16180407]]
dual_coef: 
[[-1000.          1000.         -1000.          -530.40201035
    404.24342705   677.52312903  -103.90520393  1000.          -334.16903741
   -670.52309425 -1000.         -1000.          1000.            50.68092985
   1000.          1000.         -1000.          1000.          -146.82462703
  -1000.          -822.06617326  1000.          1000.         -1000.
   -945.78773087  1000.          1000.          1000.          1000.          1000.
  -1000.         -1000.          1000.           215.02773665
   -516.06373988  -167.64607564 -1000.           341.84797706  1000.         -1000.
  -1000.          1000.           -54.83001523   602.89450819 -1000.         -1000.        ]]
intercept: 
[-3.69959815]
