generation,train,validation,test,validmse,testmse
0,0.662656809073,0.497610265178,0.491723391825,0.0365845562398,0.0473492674502
1,0.676938935649,0.502741711299,0.495578702655,0.0377162772488,0.0469901202051
2,0.665991880824,0.509831686803,0.477043050231,0.0359075253993,0.0487168366226
3,0.68893006164,0.565286787089,0.451080426502,0.0328408483472,0.0511354236574
4,0.614703651228,0.525057315226,0.451080426502,0.0344990926787,0.0511354236574
5,0.655758846176,0.52737488771,0.427597241432,0.0357305719686,0.0533230348765
6,0.65680737618,0.493361403431,0.427597241432,0.037840396777,0.0533230348765
7,0.744818179121,0.589121562043,0.529978843301,0.0296942682792,0.0437855236653
8,0.73249205185,0.63264307635,0.553133251666,0.0257332248378,0.0416285401318
9,0.728651115126,0.571708531873,0.553133251666,0.0304583208753,0.0416285401318
10,0.737430684104,0.713031519032,0.543489019127,0.0214416486418,0.0425269630347
11,0.784244577196,0.738970237097,0.598245478878,0.0186506477363,0.0374260431505
12,0.767920944333,0.68160901422,0.598245478878,0.0233846079099,0.0374260431505
13,0.704158261128,0.470317007931,0.598245478878,0.0369443511511,0.0374260431505
14,0.784244577196,0.738970237097,0.598245478878,0.0186506477363,0.0374260431505
15,0.731813797633,0.547782624319,0.598245478878,0.0323554742054,0.0374260431505
16,0.767731330077,0.71646290661,0.612993990497,0.0214281202999,0.0360521234974
17,0.771048662046,0.758497989434,0.603660653767,0.0184015431247,0.0369215844364
18,0.758325264385,0.663211426106,0.603660653767,0.025075027753,0.0369215844364
19,0.781703111443,0.77977823426,0.603114693336,0.0167151543439,0.0369724441968
20,0.663809589211,0.508019345535,0.603114693336,0.0346431867176,0.0369724441968
21,0.708913049874,0.600159170501,0.466629163452,0.0293174090291,0.0496869578171
22,0.641603127239,0.416959287724,0.466629163452,0.0435663925235,0.0496869578171
23,0.711514637106,0.509434015819,0.443127381525,0.0360396724678,0.0518763014542
24,0.681827426382,0.536994287045,0.499831220115,0.0347749211792,0.0465939705823
25,0.743440934505,0.640515094604,0.572943701788,0.0267121232358,0.0397830680285
26,0.6749489163,0.528842719832,0.572943701788,0.0345651729837,0.0397830680285
27,0.727628772472,0.57237070751,0.52306012662,0.0309631046661,0.0444300470631
28,0.681282902575,0.536697779156,0.52306012662,0.0337528954865,0.0444300470631
29,0.725156856675,0.573210993707,0.485536140618,0.0312471454433,0.047925650088
30,0.665209790596,0.44733112259,0.485536140618,0.0406500658076,0.047925650088
31,0.644686514565,0.483727860893,0.461291603025,0.0376137444591,0.0501841862399
32,0.622243251894,0.42681861655,0.461291603025,0.040697147186,0.0501841862399
33,0.72321151855,0.701110736781,0.542095570201,0.0223454885535,0.042656771853
34,0.561872721624,0.299739130203,0.542095570201,0.0489504147712,0.042656771853
35,0.580628896746,0.397019921932,0.376786770119,0.0426178319179,0.0580563603075
36,0.63615488189,0.435400490262,0.339545353229,0.0406859502274,0.0615256401842
37,0.793584535433,0.719241867767,0.616961776764,0.0210617394672,0.0356824984348
38,0.792392585604,0.710436657065,0.616961776764,0.0212637507034,0.0356824984348
39,0.788678836717,0.682614340357,0.616961776764,0.0228642846973,0.0356824984348
40,0.787167081504,0.72089642823,0.658156134436,0.0210903786767,0.0318449764487
41,0.700170454618,0.550803525467,0.658156134436,0.0339980911275,0.0318449764487
42,0.776741885848,0.714641925843,0.648480871492,0.0212569252196,0.0327462900356
43,0.753769892945,0.691659130842,0.648480871492,0.0227819206268,0.0327462900356
44,0.765872586431,0.716290543148,0.634187547956,0.0207659033502,0.034077805962
45,0.771029181709,0.718692158547,0.64763334628,0.0204517838257,0.0328252425139
46,0.739244613847,0.667708100846,0.64763334628,0.024129193667,0.0328252425139
47,0.714887544457,0.561414524493,0.64763334628,0.0314106322154,0.0328252425139
48,0.60684128615,0.48556069121,0.64763334628,0.0365231257614,0.0328252425139
49,0.696437783557,0.59287707331,0.506311936608,0.02991145906,0.045990249747
50,0.661758075356,0.463793136784,0.506311936608,0.0391410196418,0.045990249747
51,0.695596896543,0.586745944524,0.486542730955,0.0292760972823,0.04783187966
52,0.679469721123,0.485939198167,0.486542730955,0.0369219124058,0.04783187966
53,0.719966932587,0.623406942936,0.519511529048,0.0267809521012,0.0447606219761
54,0.716037179255,0.614884864754,0.519511529048,0.0269638856643,0.0447606219761
55,0.652943118662,0.561227862344,0.519511529048,0.0320302301818,0.0447606219761
56,0.709151503834,0.528566708156,0.519511529048,0.0339142321097,0.0447606219761
57,0.742553666683,0.615241893929,0.567903771941,0.0290211888933,0.0402525702295
58,0.820925291143,0.804648224077,0.659195641343,0.014520759823,0.0317481396285
59,0.779900390818,0.702452849794,0.659195641343,0.0218263492186,0.0317481396285
60,0.821424839419,0.783387445794,0.670988536819,0.0162041889821,0.0306495548168
61,0.820925291143,0.804648224077,0.659195641343,0.014520759823,0.0317481396285
62,0.640031260451,0.555475670739,0.659195641343,0.0319045632991,0.0317481396285
63,0.784206810666,0.73276265898,0.61142731237,0.0201310744746,0.036198069741
64,0.779102701565,0.690949676626,0.61142731237,0.0230161765031,0.036198069741
65,0.792834579729,0.691109007344,0.68914738455,0.0222764108353,0.0289579402038
66,0.774519970988,0.698324765545,0.630447918059,0.0224543780829,0.0344261767769
67,0.627284642866,0.420232738451,0.630447918059,0.0424538892831,0.0344261767769
68,0.649199028542,0.406813127369,0.630447918059,0.0424266716615,0.0344261767769
69,0.598188516906,0.404539026734,0.630447918059,0.043536931101,0.0344261767769
70,0.699057032366,0.517885414292,0.507534721115,0.0363920081068,0.0458763394278
71,0.777887888671,0.670661715622,0.609661541321,0.0249879720979,0.0363625627834
72,0.672980378216,0.456853421824,0.609661541321,0.0401970445999,0.0363625627834
73,0.75013006142,0.657681430557,0.642834116683,0.0248153490905,0.0332723219232
74,0.729722931997,0.734145288648,0.575876542875,0.0200569501644,0.0395098548316
75,0.714112923498,0.583327868278,0.575876542875,0.0290469907837,0.0395098548316
76,0.643524389227,0.491366739933,0.575876542875,0.0366881047371,0.0395098548316
77,0.729003459154,0.675738124177,0.583751519764,0.0238700089817,0.0387762495842
78,0.740703384382,0.609768051963,0.583751519764,0.0288336833683,0.0387762495842
79,0.645292688189,0.399861126692,0.583751519764,0.0423584049824,0.0387762495842
80,0.724820960988,0.647586149327,0.508797357086,0.0259538209368,0.0457587166859
81,0.657750783668,0.493450494644,0.508797357086,0.0383464130979,0.0457587166859
82,0.720961196827,0.563716532585,0.479302654568,0.0321963200151,0.0485063398018
83,0.660272720789,0.426626580784,0.479302654568,0.0412881236261,0.0485063398018
84,0.645146844191,0.449108543904,0.369924081705,0.0387116863778,0.0586956643084
85,0.581100234559,0.374588785996,0.369924081705,0.0447796366151,0.0586956643084
86,0.690982910316,0.550727177908,0.423529609647,0.0322662031327,0.0537019611977
87,0.683563464385,0.535396200006,0.423529609647,0.0326137736629,0.0537019611977
88,0.649569343664,0.446196231745,0.423529609647,0.0397305379967,0.0537019611977
89,0.684562349599,0.505202075169,0.406895305855,0.0352865239285,0.0552515546403
90,0.69705548649,0.529624647095,0.25856425359,0.0329302356571,0.0690695556105
91,0.619200259398,0.387099946361,0.25856425359,0.0425212902347,0.0690695556105
92,0.69705548649,0.529624647095,0.25856425359,0.0329302356571,0.0690695556105
93,0.680278785544,0.454269384593,0.25856425359,0.0383910219883,0.0690695556105
94,0.703476976867,0.633512542942,0.508712837616,0.0267641282414,0.0457665902236
95,0.67851816617,0.576619308713,0.508712837616,0.0317655838202,0.0457665902236
96,0.665797600516,0.572506233815,0.508712837616,0.0302919409394,0.0457665902236
97,0.746250531547,0.656511121046,0.49463494878,0.0249516454932,0.0470780370084
98,0.77727256882,0.675505964188,0.643382738391,0.0228141770721,0.0332212142477
99,0.773688020182,0.613924285875,0.643382738391,0.0272333298121,0.0332212142477
100,0.760704496986,0.667280705208,0.617581596039,0.0231796815576,0.0356247582434
101,0.778972400346,0.763084499123,0.5987418929,0.0176792989981,0.0373797989599
102,0.810097227886,0.720090034037,0.5987418929,0.0208297756873,0.0373797989599
103,0.76923488589,0.735513166579,0.606761163288,0.0193647614013,0.0366327518359
104,0.740373163483,0.667481066485,0.606761163288,0.0244829727448,0.0366327518359
105,0.734804495168,0.707494187808,0.616985434351,0.0213977354188,0.0356802945769
106,0.722267930318,0.633172343367,0.616985434351,0.0258311390268,0.0356802945769
107,0.67559703981,0.569832939842,0.616985434351,0.0307606124379,0.0356802945769
108,0.780127146188,0.715933964606,0.675963931333,0.0203295767527,0.0301860645012
109,0.726070859181,0.585836047801,0.675963931333,0.0303183178356,0.0301860645012
110,0.736851926653,0.665543567075,0.617448234933,0.0236578039518,0.0356371816967
111,0.721817877808,0.604086565252,0.617448234933,0.0275405129095,0.0356371816967
112,0.735302019625,0.659334627527,0.630208296276,0.0246312687693,0.0344484991024
113,0.732438196885,0.621176787135,0.630208296276,0.0277152087634,0.0344484991024
114,0.757494250046,0.58919564725,0.630208296276,0.0297279287633,0.0344484991024
115,0.605488275537,0.31956302313,0.630208296276,0.0477099899243,0.0344484991024
116,0.701303463801,0.619545508156,0.594197675949,0.0270410888309,0.0378031222849
117,0.71168993919,0.621480976218,0.621684695724,0.0268322001923,0.035242527857
118,0.705646480621,0.579920909189,0.621684695724,0.0299344044568,0.035242527857
119,0.662003643331,0.686643476264,0.537971071652,0.0230341088714,0.0430409956827
120,0.720834329737,0.646667261359,0.537971071652,0.0254102163726,0.0430409956827
121,0.604002500347,0.374259453562,0.537971071652,0.0448642148934,0.0430409956827
122,0.75766090486,0.738330778542,0.625611319515,0.0194273637157,0.0348767373463
123,0.78474676709,0.724729820564,0.625611319515,0.0195224958727,0.0348767373463
124,0.722518666989,0.732861347631,0.600967944763,0.0195271003103,0.03717242777
125,0.612244366403,0.538646895589,0.600967944763,0.0335125963511,0.03717242777
126,0.702968777439,0.678762055814,0.608248765169,0.0233633982251,0.0364941720583
127,0.563609519171,0.429743137592,0.608248765169,0.0413649758924,0.0364941720583
128,0.661331834389,0.540471947055,0.566481295943,0.0337318363857,0.0403850831081
129,0.644587253961,0.534535095177,0.566481295943,0.0341635571167,0.0403850831081
130,0.683126693791,0.579729559439,0.557702074887,0.0321505612212,0.041202924573
131,0.677940255948,0.529295986926,0.557702074887,0.0335365087963,0.041202924573
132,0.678857699642,0.634089943217,0.532873308128,0.0275176598791,0.0435158854663
133,0.658136660658,0.418613239811,0.532873308128,0.0428628831854,0.0435158854663
134,0.740355216553,0.625246802093,0.547542729133,0.0265067914345,0.0421493336178
135,0.750794616356,0.640411151743,0.557656942512,0.0256429639315,0.0412071289468
136,0.727353202388,0.573381527218,0.557656942512,0.0301946806256,0.0412071289468
137,0.692864373969,0.531650573662,0.557656942512,0.0321678627854,0.0412071289468
138,0.724159885191,0.514385309417,0.557656942512,0.0342634148345,0.0412071289468
139,0.714167743308,0.593118050148,0.496829763712,0.0303281261865,0.0468735757416
140,0.607491321916,0.375293551883,0.496829763712,0.0446509104327,0.0468735757416
141,0.699714453718,0.568540847146,0.495575071649,0.0324197904571,0.0469904584568
142,0.704910355402,0.568496905392,0.495575071649,0.0325117763386,0.0469904584568
143,0.666072122953,0.518437697491,0.495575071649,0.035266060618,0.0469904584568
144,0.652228564283,0.471817100116,0.495575071649,0.0388232423151,0.0469904584568
145,0.709941995982,0.542445856441,0.503512393393,0.0330534759767,0.0462510453812
146,0.668836849778,0.5292819986,0.503512393393,0.0341785761713,0.0462510453812
147,0.690386829922,0.506907818613,0.503512393393,0.0359086890727,0.0462510453812
148,0.709941995982,0.542445856441,0.503512393393,0.0330534759767,0.0462510453812
149,0.788195618346,0.746054665195,0.586916591372,0.0193804444677,0.0384814026059
150,0.755709959076,0.692222115104,0.586916591372,0.0225494722123,0.0384814026059
151,0.750577713169,0.714385428628,0.547159668576,0.0211728373631,0.0421850181967
152,0.71038891652,0.532984994078,0.547159668576,0.0339943272726,0.0421850181967
153,0.675897928367,0.549050435323,0.50042061398,0.0335896532556,0.0465390647155
154,0.680609083262,0.536131308344,0.50042061398,0.0342614878113,0.0465390647155
155,0.697455453552,0.502530773579,0.50042061398,0.0363285790323,0.0465390647155
156,0.627335251104,0.433805630407,0.50042061398,0.0412785038702,0.0465390647155
157,0.610217886551,0.41562109701,0.50042061398,0.0423025799247,0.0465390647155
158,0.748335284515,0.68901915013,0.602357461078,0.0229250642864,0.0370429853
159,0.78404867153,0.781529829751,0.602620720298,0.0164412393414,0.0370184609937
160,0.78404867153,0.781529829751,0.602620720298,0.0164412393414,0.0370184609937
161,0.732634446556,0.72730822173,0.602620720298,0.0202628772215,0.0370184609937
162,0.74961315961,0.703395397488,0.602620720298,0.0222332892357,0.0370184609937
163,0.778195028689,0.734335669961,0.574073779036,0.020147283247,0.0396777939926
164,0.746351641106,0.718334941378,0.574073779036,0.0210076925905,0.0396777939926
165,0.751592088367,0.697933007236,0.574073779036,0.0229075306781,0.0396777939926
166,0.752562238883,0.610640328234,0.574073779036,0.0281483971452,0.0396777939926
167,0.726904833317,0.619396909267,0.5396032812,0.0274633682416,0.0428889447616
168,0.736410774887,0.658067371442,0.540356864457,0.0256142526344,0.0428187435865
169,0.723707355574,0.680952320668,0.553807827294,0.0236791775328,0.0415656990305
170,0.702775011389,0.69817200628,0.545972323328,0.022500431837,0.0422956271187
171,0.62320628213,0.50513338538,0.545972323328,0.0359429444435,0.0422956271187
172,0.704003891759,0.681251521507,0.561085479022,0.0231756323475,0.0408877385016
173,0.714276766566,0.664639990354,0.561085479022,0.0241245494437,0.0408877385016
174,0.623571221361,0.527082464905,0.561085479022,0.0343404985224,0.0408877385016
175,0.721658505022,0.683895839101,0.573812983679,0.0229865147643,0.0397020887741
176,0.703830687701,0.683259141949,0.573812983679,0.0231370905286,0.0397020887741
177,0.723159180864,0.611243818368,0.573812983679,0.0282470371636,0.0397020887741
178,0.744595073706,0.692908498562,0.585695573424,0.0230745178734,0.0385951483586
179,0.737917342229,0.679038522728,0.585695573424,0.0238762765557,0.0385951483586
180,0.731915128709,0.653079074083,0.585695573424,0.0260784446037,0.0385951483586
181,0.754874268238,0.677875582291,0.590632106926,0.0242148190068,0.0381352781987
182,0.725255379696,0.667041371144,0.590632106926,0.0254568397927,0.0381352781987
183,0.754874268238,0.677875582291,0.590632106926,0.0242148190068,0.0381352781987
184,0.660536683902,0.536682876763,0.590632106926,0.0345731994327,0.0381352781987
185,0.663877154312,0.469824249186,0.590632106926,0.0382815025703,0.0381352781987
186,0.680344690318,0.535306094874,0.536323045154,0.0331662311192,0.0431945200554
187,0.650916350606,0.454477795204,0.536323045154,0.0404733253448,0.0431945200554
188,0.657759626952,0.474533717635,0.518758978491,0.0380519343295,0.0448307269485
189,0.635649485404,0.508873402977,0.477406925099,0.0356848216519,0.0486829393152
190,0.685253636921,0.507212600118,0.477406925099,0.0344957251945,0.0486829393152
191,0.627475196147,0.457096838503,0.477406925099,0.0392060522137,0.0486829393152
192,0.635649485404,0.508873402977,0.477406925099,0.0356848216519,0.0486829393152
193,0.629791633363,0.502366326463,0.477406925099,0.0362374164352,0.0486829393152
194,0.635649485404,0.508873402977,0.477406925099,0.0356848216519,0.0486829393152
195,0.672077563672,0.45460550944,0.477406925099,0.0387305553708,0.0486829393152
196,0.630962462442,0.502645378325,0.484376994863,0.0356287696445,0.048033632044
197,0.65432054228,0.520065437556,0.475006811237,0.034122732554,0.0489065255108
198,0.66810380087,0.521235160389,0.234131171317,0.0352097142991,0.0713456559239
199,0.659275589939,0.466031753398,0.234131171317,0.0400159027798,0.0713456559239
200,0.66291461331,0.499534832017,0.414240760528,0.0364397417125,0.0545672778268
201,0.649784728479,0.475523120979,0.414240760528,0.036094365294,0.0545672778268
202,0.664813240139,0.473540980593,0.414240760528,0.0385934340735,0.0545672778268
203,0.651468323097,0.527678461135,0.440373677047,0.0361699511017,0.0521328269124
204,0.686722185563,0.522533793007,0.440373677047,0.0369254244291,0.0521328269124
205,0.654639523397,0.40968405818,0.440373677047,0.0440899356844,0.0521328269124
206,0.66835988084,0.507042435824,0.461235274187,0.0380402305165,0.050189433637
207,0.622268174204,0.444738939244,0.461235274187,0.0402183448364,0.050189433637
208,0.72814690708,0.630278020426,0.546482434586,0.0276497702015,0.0422481069417
209,0.685940176763,0.61103088873,0.546482434586,0.0278899973071,0.0422481069417
210,0.701683319534,0.552879459389,0.546482434586,0.0331921740904,0.0422481069417
211,0.72579583375,0.659566279587,0.540746380039,0.0248275708819,0.04278245768
212,0.752545998156,0.702961060108,0.605295191099,0.0210315841811,0.0367693166672
213,0.749253586774,0.652042231195,0.605295191099,0.0238791139679,0.0367693166672
214,0.718347007677,0.656446343579,0.580596415369,0.0244530210664,0.0390701680519
215,0.705758428772,0.621279585704,0.580596415369,0.0272774662844,0.0390701680519
216,0.723190854226,0.657477852849,0.563280756862,0.0249908409403,0.0406832341119
217,0.705139835112,0.563349259235,0.563280756862,0.0309304508917,0.0406832341119
218,0.700026210708,0.672215359871,0.554324444853,0.0251249083998,0.0415175727493
219,0.717023353393,0.60142169136,0.554324444853,0.0298976095627,0.0415175727493
220,0.744034693315,0.686335917624,0.591604482287,0.0229677002487,0.038044695118
221,0.734205207899,0.652938485327,0.591604482287,0.0246371034263,0.038044695118
222,0.742915150734,0.657528081087,0.597840602042,0.0246769721288,0.0374637600575
223,0.764627167639,0.694070343928,0.565277961186,0.0218918091999,0.0404971815567
224,0.762181255737,0.678833991628,0.565277961186,0.0229129327669,0.0404971815567
225,0.731847363973,0.613936664724,0.565277961186,0.0272213195966,0.0404971815567
226,0.764322273627,0.706490035874,0.570126579554,0.0206118669197,0.0400455012626
227,0.771550142726,0.669913260334,0.570126579554,0.0228023678611,0.0400455012626
228,0.754668768218,0.684171733221,0.573308291875,0.0229019496048,0.0397491040938
229,0.760119777849,0.697211111414,0.604616452388,0.0221989810072,0.0368325455867
230,0.782059619984,0.70047080873,0.563804092688,0.0223819219515,0.0406344819805
231,0.757402944931,0.700209783732,0.563804092688,0.0217651205611,0.0406344819805
232,0.743122050324,0.666591946248,0.563804092688,0.0247359367937,0.0406344819805
233,0.579346611139,0.432383375693,0.563804092688,0.0392539974496,0.0406344819805
234,0.743815198827,0.701201049194,0.597219700876,0.0217188749881,0.037521601034
235,0.576621344699,0.440922489351,0.597219700876,0.0390264522447,0.037521601034
236,0.738854211318,0.700186705794,0.581077958079,0.0218155506161,0.0390253092207
237,0.68449368231,0.644636518458,0.581077958079,0.0256758032839,0.0390253092207
238,0.76457037376,0.671315032813,0.571342602312,0.0236673420768,0.0399322208442
239,0.667951162291,0.32008549503,0.571342602312,0.0463824661227,0.0399322208442
240,0.781881610681,0.677018360896,0.605399043366,0.0231864583895,0.0367596421539
241,0.727885063401,0.561452211005,0.605399043366,0.0310989194768,0.0367596421539
242,0.776833696802,0.639230219945,0.645183837399,0.0253514508367,0.0330534301764
243,0.779479281804,0.682538447503,0.615343415939,0.0237455113646,0.0358332592573
244,0.714444195027,0.595620526735,0.615343415939,0.0300155449779,0.0358332592573
245,0.746806068927,0.559799558856,0.615343415939,0.0316103305573,0.0358332592573
246,0.719274518079,0.629925956609,0.635353160722,0.0274252808649,0.0339692215618
247,0.702213221915,0.610786137177,0.635353160722,0.0289241053546,0.0339692215618
248,0.708289581443,0.633745656043,0.615686841878,0.0278118576879,0.0358012669005
249,0.729605106482,0.626728666001,0.615686841878,0.0274945380825,0.0358012669005
250,0.739431049966,0.650222459759,0.618657827345,0.0259970540746,0.0355245003069
251,0.744798252371,0.720817939222,0.62162594776,0.0206972551362,0.0352480006114
252,0.746905156015,0.645779669253,0.62162594776,0.025758023394,0.0352480006114
253,0.753682891183,0.65679762565,0.588099908961,0.0253169226932,0.0383711688865
254,0.662747273365,0.459939960232,0.588099908961,0.0390799648005,0.0383711688865
255,0.633286851562,0.439213454531,0.588099908961,0.0396885679225,0.0383711688865
256,0.662747273365,0.459939960232,0.471794803116,0.0390799648005,0.0492057449301
257,0.687678736168,0.568055275574,0.483507741606,0.0320797053038,0.048114608631
258,0.737034105041,0.660788045037,0.563089866562,0.0254717872175,0.0407010167832
259,0.674718479679,0.624852500551,0.563089866562,0.0268998649608,0.0407010167832
260,0.720961546541,0.639746333896,0.574869519408,0.0269221331358,0.0396036656084
261,0.6668138672,0.56963245221,0.574869519408,0.0322643134502,0.0396036656084
262,0.730861865893,0.611138691698,0.62347170046,0.0276620024103,0.0350760567587
263,0.731300393098,0.633215305475,0.593083603463,0.0264877432075,0.0379069053732
264,0.622047464315,0.532111217884,0.593083603463,0.0335161954653,0.0379069053732
265,0.76362625253,0.676978944444,0.59762841505,0.0228694675461,0.037483526654
266,0.751973772323,0.684245226887,0.601378405627,0.0228181953409,0.0371341906745
267,0.758659752023,0.573149228932,0.601378405627,0.0308888079733,0.0371341906745
268,0.745742158598,0.678894730102,0.601157040393,0.0239217812242,0.0371548122839
269,0.739926711269,0.70063303806,0.602610439566,0.0221520987174,0.0370194187107
270,0.701952701006,0.600400402159,0.602610439566,0.0291980395845,0.0370194187107
271,0.649346395369,0.430493434611,0.602610439566,0.0399667940969,0.0370194187107
272,0.749483166972,0.681449873482,0.630449277185,0.0233114559052,0.0344260501654
273,0.780177944205,0.69169719266,0.57853829899,0.0232710258002,0.0392618949606
274,0.728035717181,0.564332732396,0.57853829899,0.0318281612044,0.0392618949606
275,0.74127755594,0.610516399454,0.630497805733,0.0285479583409,0.034421529416
276,0.741709917417,0.603231537593,0.630497805733,0.0290087715708,0.034421529416
277,0.690524594217,0.670633168264,0.555500077742,0.0251798861517,0.0414080549095
278,0.692852322544,0.696111152164,0.546467055874,0.022678893932,0.0422495395686
279,0.710007772553,0.720473095151,0.544556718393,0.0212464318632,0.0424274999131
280,0.725177496899,0.704254412534,0.544556718393,0.0223926113288,0.0424274999131
281,0.703095924198,0.648047121445,0.544556718393,0.0263457827172,0.0424274999131
282,0.710770603068,0.662831553616,0.580741848974,0.0256997304956,0.039056619967
283,0.602875993361,0.321316070946,0.580741848974,0.0481605200082,0.039056619967
284,0.742367743657,0.650770042426,0.602895813061,0.0249794778193,0.0369928343161
285,0.73383255307,0.624496673254,0.602895813061,0.0268643305392,0.0369928343161
286,0.72123857757,0.607459340988,0.602895813061,0.0282625211878,0.0369928343161
287,0.586193342012,0.327328499121,0.602895813061,0.0478005177508,0.0369928343161
288,0.74714431581,0.686879322499,0.5598103287,0.023696124612,0.0410065270366
289,0.754123042478,0.717851340073,0.595522990348,0.0215248240063,0.0376796606403
290,0.736679124646,0.662328717611,0.595522990348,0.0257917221122,0.0376796606403
291,0.725045598793,0.680334099843,0.53605720525,0.024866661404,0.0432192847691
292,0.723330798686,0.691633337561,0.569237498305,0.0238365511146,0.0401283249558
293,0.693694105396,0.62663265749,0.569237498305,0.0272480679484,0.0401283249558
294,0.699018556358,0.625907798798,0.569237498305,0.0274144134189,0.0401283249558
295,0.688841298196,0.452134596535,0.569237498305,0.0411267530756,0.0401283249558
296,0.690353707084,0.629591901573,0.534776239077,0.0276877995105,0.0433386150884
297,0.696445980065,0.624258087952,0.534776239077,0.0279783430614,0.0433386150884
298,0.735724798976,0.658483881457,0.564558985802,0.0245396224908,0.0405641587837
299,0.740908130039,0.617017671058,0.564558985802,0.0280691120569,0.0405641587837
300,0.738565558525,0.66252537771,0.582148435298,0.0234187661004,0.0389255873147
301,0.737477427696,0.656009309953,0.582148435298,0.0240627711415,0.0389255873147
302,0.735403215642,0.665280870217,0.576777877813,0.0231169475203,0.0394258896277
303,0.705717053732,0.601856269027,0.576777877813,0.028370998112,0.0394258896277
304,0.763691816334,0.69900345147,0.544873293114,0.0210540665322,0.0423980089216
305,0.708369171339,0.496901024369,0.544873293114,0.034409266909,0.0423980089216
306,0.748639249328,0.518788873038,0.359152033548,0.0330610699603,0.0596991505617
307,0.670433787054,0.517114232635,0.359152033548,0.0338779692283,0.0596991505617
308,0.736706739172,0.485827085345,0.359152033548,0.0355930599074,0.0596991505617
309,0.749617070501,0.521925233515,0.422220317657,0.0334249348872,0.0538239302508
310,0.737486721449,0.550312809711,0.39586916923,0.0327646379859,0.0562787108848
311,0.704841320421,0.607685821581,0.37307740277,0.028931716888,0.0584019119695
312,0.685923236944,0.467199651975,0.37307740277,0.037593085594,0.0584019119695
313,0.679866843879,0.521376342689,0.418679908334,0.0345149485738,0.0541537423751
314,0.676755151985,0.534737768489,0.476883955059,0.0345678438655,0.0487316573712
315,0.620340318926,0.544804075844,0.410577405372,0.0339593767976,0.0549085431541
316,0.582319569601,0.42873912973,0.410577405372,0.0422532086266,0.0549085431541
317,0.603837865634,0.469358917046,0.403507567668,0.0400460385456,0.0555671444568
318,0.603837865634,0.469358917046,0.403507567668,0.0400460385456,0.0555671444568
319,0.610179908115,0.447046868945,0.403507567668,0.0409694038938,0.0555671444568
320,0.616749861737,0.516259463555,0.406081438772,0.0358825524777,0.0553273716454
321,0.616749861737,0.516259463555,0.406081438772,0.0358825524777,0.0553273716454
322,0.639018601086,0.498640255863,0.406081438772,0.0378667238252,0.0553273716454
323,0.611530803774,0.423431932016,0.406081438772,0.0420290286859,0.0553273716454
324,0.693027045172,0.636624944319,0.556516230424,0.027349331874,0.041313393687
325,0.729061421955,0.60925002067,0.556516230424,0.0287794607498,0.041313393687
326,0.705288603098,0.593802914525,0.556516230424,0.0292301718561,0.041313393687
327,0.598700211474,0.505292831356,0.556516230424,0.0359079598853,0.041313393687
328,0.693027045172,0.636624944319,0.556516230424,0.027349331874,0.041313393687
329,0.69433958706,0.663084132279,0.564778020434,0.0252036943961,0.040543754285
330,0.6071577908,0.479081987008,0.564778020434,0.0380048788747,0.040543754285
331,0.732378592174,0.714042393785,0.595552893539,0.0212983413295,0.0376768749639
332,0.745938265468,0.727438718849,0.608759648956,0.0200988545749,0.0364465799152
333,0.692926713758,0.489682903423,0.608759648956,0.0384917197399,0.0364465799152
334,0.765040611078,0.697011015521,0.65546316853,0.0218662397305,0.0320958437145
335,0.656303454993,0.402378156533,0.65546316853,0.0413639795932,0.0320958437145
336,0.733257623523,0.630021974001,0.636535652234,0.0266558618264,0.0338590647969
337,0.650775441439,0.437493032152,0.636535652234,0.0409429230155,0.0338590647969
338,0.676652448786,0.566330679537,0.537749624784,0.0316974383574,0.0430616248968
339,0.732540603029,0.647288545879,0.552190356953,0.0255737647896,0.0417163768987
340,0.654783574132,0.406272473088,0.552190356953,0.0425357229534,0.0417163768987
341,0.732540603029,0.647288545879,0.552190356953,0.0255737647896,0.0417163768987
342,0.738331098714,0.637859335179,0.552190356953,0.0261328165093,0.0417163768987
343,0.746059063902,0.666835013361,0.551742759305,0.023647951472,0.0417580735268
344,0.707009445366,0.651437803145,0.551742759305,0.0252789722158,0.0417580735268
345,0.755337992556,0.654271590711,0.595603567355,0.0247093455427,0.0376721543687
346,0.758837367634,0.656460298933,0.614241205567,0.0242336867571,0.0359359373126
347,0.784094769419,0.715071958248,0.635335825875,0.0201880328422,0.0339708364154
348,0.781728435603,0.678810236279,0.635335825875,0.0235642690449,0.0339708364154
349,0.751416855289,0.706930377568,0.610840390859,0.0215120984994,0.0362527452919
350,0.744606981817,0.620044417073,0.610840390859,0.0267401930601,0.0362527452919
351,0.736923248336,0.690349897118,0.613777766444,0.0218602402741,0.0359791096771
352,0.65583232374,0.429332278625,0.613777766444,0.0396199129182,0.0359791096771
353,0.683089068106,0.462364731339,0.521170896883,0.0380069781405,0.0446060410843
354,0.649494641566,0.439928194948,0.521170896883,0.0391135179898,0.0446060410843
355,0.662500360787,0.360688272154,0.521170896883,0.0447242330732,0.0446060410843
356,0.692843562065,0.533287419772,0.542122770935,0.032724394167,0.042654237928
357,0.70621082844,0.495939175493,0.542122770935,0.0358972981015,0.042654237928
358,0.705916101017,0.588267532798,0.504984627543,0.0297991233538,0.0461138972076
359,0.735986160869,0.605606352632,0.574909588317,0.028535138311,0.0395999329294
360,0.68657039101,0.545813490533,0.574909588317,0.0327951200254,0.0395999329294
361,0.677674867924,0.466795975644,0.574909588317,0.0381257501664,0.0395999329294
362,0.704074376027,0.553345116321,0.531785818791,0.0337087837593,0.0436171921616
363,0.701508562877,0.558839156518,0.486546720677,0.0327981289147,0.0478315079915
364,0.707975418889,0.544477425617,0.486546720677,0.03363742166,0.0478315079915
365,0.68067835731,0.553143996886,0.470401635604,0.0333515846444,0.0493355275329
366,0.662514865058,0.482051802225,0.470401635604,0.0381982078296,0.0493355275329
367,0.545366527732,0.424802743839,0.470401635604,0.0413699119507,0.0493355275329
368,0.651402664215,0.478523146226,0.484907727597,0.0383728224335,0.0479841908426
369,0.678458618856,0.535844899137,0.470372728564,0.0358437144569,0.0493382204115
370,0.653962019873,0.527101475783,0.470372728564,0.0357789993592,0.0493382204115
371,0.737075396149,0.646865268385,0.589410646444,0.0264024438857,0.0382490651763
372,0.739749935952,0.668850915591,0.593365108614,0.0243277915266,0.0378806813399
373,0.760203991457,0.704820510098,0.544242221378,0.0207151678367,0.0424567973528
374,0.785358917947,0.735470187569,0.575519265524,0.0189595483233,0.0395431375374
375,0.781329217132,0.722670153175,0.575519265524,0.0197675610263,0.0395431375374
376,0.716870703816,0.647738860325,0.575519265524,0.0261528825622,0.0395431375374
377,0.642937819545,0.437768915313,0.575519265524,0.040372018238,0.0395431375374
378,0.759061985397,0.668537520114,0.593713247173,0.0236220370556,0.0378482499719
379,0.759061985397,0.668537520114,0.593713247173,0.0236220370556,0.0378482499719
380,0.652242575735,0.445622315267,0.593713247173,0.0405992059827,0.0378482499719
381,0.772364894382,0.632845075931,0.552889593458,0.0254271160809,0.0416512384764
382,0.777102701324,0.72839612673,0.559667788257,0.0196551722825,0.0410198056047
383,0.673464156258,0.500230235653,0.559667788257,0.0351684438868,0.0410198056047
384,0.746612270307,0.727661845279,0.590433318059,0.0203941516301,0.0381537966729
385,0.751841097778,0.68339149232,0.590433318059,0.0225636044577,0.0381537966729
386,0.756381892521,0.669548708325,0.590433318059,0.0230940682358,0.0381537966729
387,0.735380833032,0.696830787969,0.599492790284,0.022480980674,0.0373098479913
388,0.712811605731,0.661234367104,0.599492790284,0.0256569016749,0.0373098479913
389,0.766886716901,0.687500699214,0.631708878412,0.0227191341345,0.0343087101297
390,0.582178478293,0.337697970497,0.631708878412,0.0462126666963,0.0343087101297
391,0.621450030739,0.330075677638,0.631708878412,0.0465251858959,0.0343087101297
392,0.768825344062,0.794536866081,0.504822841376,0.0146596422882,0.0461289686399
393,0.778961387608,0.737186148365,0.504822841376,0.0196829625029,0.0461289686399
394,0.710963719845,0.721173226394,0.504822841376,0.0199804261773,0.0461289686399
395,0.742286211806,0.696266538347,0.504822841376,0.0210646307648,0.0461289686399
396,0.697305179702,0.566134513364,0.504822841376,0.030821705078,0.0461289686399
397,0.73852001863,0.678597356853,0.589642727342,0.023430984692,0.0382274453333
398,0.701657549204,0.557936557549,0.589642727342,0.0333400536479,0.0382274453333
399,0.735665233908,0.697483891472,0.52286301114,0.0221267730828,0.0444484096505
400,0.62831636587,0.449257107982,0.52286301114,0.0393011203269,0.0444484096505
401,0.619272177357,0.448786871652,0.52286301114,0.0392037533064,0.0444484096505
402,0.653941715705,0.595031037222,0.31942241339,0.0311152358612,0.0634002227344
403,0.737153070222,0.59646205407,0.312897997098,0.028607852287,0.0640080144899
404,0.679142235351,0.496946322034,0.312897997098,0.0371702315512,0.0640080144899
405,0.721598881585,0.587841063525,0.397360203135,0.0292842514216,0.0561398113919
406,0.752460853299,0.605528707589,0.444627458691,0.0274164524201,0.0517365595228
407,0.668722967789,0.563848087832,0.444627458691,0.0324157313092,0.0517365595228
408,0.703182284085,0.574935622298,0.540437476457,0.0294750331221,0.042811234055
409,0.670574838336,0.518166699672,0.540437476457,0.0343379531109,0.042811234055
410,0.717188548717,0.626956911931,0.565353630767,0.0274027035275,0.0404901324437
411,0.673723599984,0.470945718024,0.565353630767,0.03888130481,0.0404901324437
412,0.692481066387,0.543828171574,0.514863684968,0.0339259225356,0.0451935988412
413,0.706851070578,0.536325240027,0.514863684968,0.032699693219,0.0451935988412
414,0.667520332269,0.517319056186,0.514863684968,0.0369212827136,0.0451935988412
415,0.666747769388,0.467157953,0.514863684968,0.0394305191446,0.0451935988412
416,0.696355002591,0.504380200087,0.503012212465,0.0354543302563,0.0462976404834
417,0.565054633058,0.236677611722,0.503012212465,0.0529516770294,0.0462976404834
418,0.650066566095,0.487611461599,0.454353284697,0.0369609753796,0.0508305356584
419,0.583451423534,0.434804869255,0.454353284697,0.0397755108733,0.0508305356584
420,0.57980677869,0.286160264839,0.454353284697,0.0494737681192,0.0508305356584
421,0.612772007389,0.406298759263,0.47145294465,0.0425573443743,0.0492375912667
422,0.61835799611,0.411252933379,0.466354474509,0.0421994055186,0.0497125468764
423,0.603592862647,0.358680437245,0.466354474509,0.0451197452163,0.0497125468764
424,0.670772360749,0.506207936633,0.404711086062,0.0355152548062,0.0554550289012
425,0.627848843403,0.453789992057,0.404711086062,0.03916938333,0.0554550289012
426,0.630506990388,0.462482994575,0.328956676218,0.0381906654437,0.0625120442243
427,0.674674216021,0.52938257631,0.361244419287,0.0340218056688,0.0595042312395
428,0.605739232871,0.403578824331,0.361244419287,0.0424506962175,0.0595042312395
429,0.675943044246,0.540111068677,0.467576362228,0.0336474447919,0.0495987200988
430,0.647836119619,0.4712791244,0.467576362228,0.0376922391929,0.0495987200988
431,0.66971614426,0.500978867399,0.494577054342,0.0363090779888,0.0470834302513
432,0.743480771266,0.663924470798,0.580306879793,0.0246600203892,0.0390971401714
433,0.748042241063,0.670713633442,0.603550783656,0.0238697924895,0.0369318195509
434,0.663078070945,0.463212611816,0.603550783656,0.0395963253192,0.0369318195509
435,0.738378909685,0.669569307768,0.617486560765,0.0241930357978,0.0356336113964
436,0.701464003327,0.633946942658,0.617486560765,0.0270026449425,0.0356336113964
437,0.762785059451,0.670819331655,0.621201422108,0.0234937555363,0.0352875479333
438,0.721733134133,0.671346904265,0.542436064971,0.0247050219627,0.0426250525536
439,0.629477987761,0.394056177328,0.542436064971,0.0433408326446,0.0426250525536
440,0.748747935607,0.706053261271,0.636503278581,0.0213989439653,0.033862080613
441,0.73809419003,0.632746160465,0.636503278581,0.0270322210906,0.033862080613
442,0.748153359679,0.711069636958,0.583594895603,0.0207232518822,0.0387908401421
443,0.77144851966,0.724918301378,0.622855511572,0.0199478026461,0.035133458756
444,0.767842950889,0.712091181619,0.622855511572,0.0214135071101,0.035133458756
445,0.658860230922,0.482904013777,0.622855511572,0.0370845895083,0.035133458756
446,0.657080044728,0.497588623209,0.482620400364,0.0355170640695,0.0481972702312
447,0.603925293152,0.39545128648,0.482620400364,0.0436615550652,0.0481972702312
448,0.667378295928,0.538447374244,0.464584435781,0.0331473804847,0.0498774374808
449,0.677881476765,0.519629209162,0.464584435781,0.0342276795348,0.0498774374808
450,0.613880790221,0.416718865057,0.464584435781,0.0411580654881,0.0498774374808
451,0.658654545091,0.528884500604,0.476733898278,0.034408144838,0.048745636135
452,0.706389111168,0.48324529702,0.476733898278,0.0366787397648,0.048745636135
453,0.732243430881,0.680758072369,0.600016676495,0.0230634383193,0.037261044588
454,0.702418933009,0.657808434517,0.600016676495,0.0248580547095,0.037261044588
455,0.764244569803,0.695029073658,0.628383532181,0.0226750875708,0.0346184877302
456,0.674452323907,0.552580938323,0.628383532181,0.0330163497408,0.0346184877302
457,0.733655766613,0.70118882482,0.632195047251,0.0216634276395,0.0342634203445
458,0.719469971491,0.5697814051,0.632195047251,0.0318262387967,0.0342634203445
459,0.733771073635,0.687963112778,0.597733379645,0.022504296515,0.0374737485202
460,0.710619794795,0.647295620182,0.597733379645,0.0254307561813,0.0374737485202
461,0.761803897033,0.684343627805,0.605356890819,0.0229495526997,0.0367635689375
462,0.716414899649,0.621185420083,0.605356890819,0.0277246314447,0.0367635689375
463,0.706402950722,0.627816253336,0.583742057798,0.0268205249593,0.0387771310278
464,0.609588342367,0.459212791803,0.583742057798,0.0404764658896,0.0387771310278
465,0.614653722162,0.457057461749,0.583742057798,0.0383667130845,0.0387771310278
466,0.709388611016,0.621381618369,0.605365449945,0.0275502848408,0.0367627715993
467,0.641190985393,0.430706493768,0.605365449945,0.0426965666633,0.0367627715993
468,0.704068444278,0.617881861076,0.624974838244,0.0281688923544,0.0349360297108
469,0.710598449078,0.635028897651,0.612351455987,0.0266561108905,0.0361119797604
470,0.664470266795,0.491503225443,0.612351455987,0.0383035403147,0.0361119797604
471,0.647780569543,0.486094449625,0.612351455987,0.0387817004825,0.0361119797604
472,0.702041039577,0.639859991929,0.577027155653,0.0260710072867,0.0394026677777
473,0.714108538341,0.650664094476,0.58072766561,0.0253505460468,0.0390579412395
474,0.747359615985,0.695232823884,0.601849195026,0.0233661557802,0.0370903335841
475,0.725542879027,0.536699467722,0.601849195026,0.0346178884603,0.0370903335841
476,0.732452446014,0.62659200846,0.570092087371,0.0279221818565,0.0400487144334
477,0.739386848597,0.663285989046,0.612322721623,0.0254246377723,0.0361146565531
478,0.750824376058,0.701195847072,0.611284588027,0.0219226369351,0.0362113654405
479,0.749862943101,0.692773136493,0.611284588027,0.0227043765682,0.0362113654405
480,0.748036150733,0.65639852987,0.611284588027,0.0254331156532,0.0362113654405
481,0.767511176415,0.681050647573,0.645813764178,0.0233580548937,0.0329947484054
482,0.737018054327,0.643616964136,0.645813764178,0.0258736081253,0.0329947484054
483,0.660916588225,0.48832633859,0.645813764178,0.0382772718833,0.0329947484054
484,0.692921596958,0.506512734128,0.503232458036,0.037000371991,0.046277123178
485,0.737111161624,0.650471825712,0.577017985538,0.0255335054629,0.0394035220335
486,0.712664839382,0.652012850281,0.639348462084,0.0255484425575,0.0335970332894
487,0.560104940694,0.386233933015,0.639348462084,0.0447522789127,0.0335970332894
488,0.715492342548,0.637787306825,0.619714705027,0.0261950190196,0.035426045286
489,0.751411197842,0.613283130184,0.619714705027,0.0281216434414,0.035426045286
490,0.640069388935,0.420560764133,0.619714705027,0.0431820332555,0.035426045286
491,0.612012533616,0.3237702867,0.619714705027,0.050489669608,0.035426045286
492,0.640069388935,0.420560764133,0.343635057236,0.0431820332555,0.0611446576922
493,0.728175472388,0.619820892132,0.606985870089,0.027686664109,0.0366118189379
494,0.720102646941,0.629057477111,0.626765880976,0.0266369776851,0.0347691824471
495,0.57106530415,0.323276897979,0.626765880976,0.0480267735428,0.0347691824471
496,0.703581408056,0.575880492041,0.503520739958,0.0306883331821,0.0462502678445
497,0.637661662511,0.466776567405,0.503520739958,0.0402801682834,0.0462502678445
498,0.676342355523,0.550537466307,0.518215805716,0.0317534410816,0.0448813270206
499,0.675827394042,0.561070914284,0.524874297899,0.0307125832606,0.044261045225
