generation,train,validation,test,validmse,testmse
0,0.639845759509,0.449994177595,0.419494306143,0.0416625862266,0.0540778759295
1,0.694168766609,0.500943382835,0.357504427074,0.0368990040166,0.0598526358064
2,0.694168766609,0.500943382835,0.357504427074,0.0368990040166,0.0598526358064
3,0.710018675865,0.421995408669,0.357504427074,0.0418035718597,0.0598526358064
4,0.683074133882,0.484421147188,0.350362850408,0.0379071350448,0.0605179200594
5,0.686311771996,0.451315928648,0.350362850408,0.0387039030357,0.0605179200594
6,0.66150386255,0.515118701733,0.489931497512,0.0372397285971,0.0475161940442
7,0.677971842814,0.549354435851,0.463830916805,0.0348415823932,0.0499476326677
8,0.665973323102,0.525926517288,0.463830916805,0.0366463765267,0.0499476326677
9,0.65044098249,0.516201585712,0.463830916805,0.037094486155,0.0499476326677
10,0.684321270436,0.562632412659,0.479701838406,0.0338848289051,0.0484691532344
11,0.676439827567,0.567589866754,0.484383708626,0.0338835350721,0.0480330066134
12,0.628108549473,0.408142953514,0.484383708626,0.0418462065898,0.0480330066134
13,0.680529854625,0.56139806423,0.494644476254,0.0335404610244,0.0470771494623
14,0.712641540244,0.635362997113,0.540607916464,0.0270582065338,0.0427953564614
15,0.73124092269,0.619516040672,0.540607916464,0.0275186747258,0.0427953564614
16,0.688310452059,0.56340697084,0.540607916464,0.0319006997715,0.0427953564614
17,0.682332007616,0.557292141816,0.540607916464,0.0336097343066,0.0427953564614
18,0.712641540244,0.635362997113,0.540607916464,0.0270582065338,0.0427953564614
19,0.714348053796,0.57465296614,0.540607916464,0.0314808407843,0.0427953564614
20,0.716775775,0.564046036137,0.540607916464,0.0315027044139,0.0427953564614
21,0.712938206817,0.649561905039,0.554517619698,0.0264919830666,0.0414995772577
22,0.736475275992,0.61357228614,0.554517619698,0.028528725807,0.0414995772577
23,0.714514570178,0.641859239381,0.578035076927,0.0266555820288,0.0393087733643
24,0.644297305663,0.454964390115,0.578035076927,0.0407227305096,0.0393087733643
25,0.702535453642,0.597385371478,0.592779554766,0.0302382481119,0.0379352294841
26,0.76566723847,0.679142082502,0.594337629929,0.0237454463238,0.0377900846626
27,0.735744799919,0.709756369063,0.59625267708,0.0209981966221,0.0376116855818
28,0.696196622092,0.636624617206,0.59625267708,0.0266308409613,0.0376116855818
29,0.711661396931,0.661454682977,0.587681849268,0.0248987917947,0.0384101138623
30,0.615614569956,0.503711257864,0.587681849268,0.0362481866834,0.0384101138623
31,0.708932104689,0.615203127031,0.590227125877,0.0276889105601,0.0381730048139
32,0.731747416392,0.681800933686,0.553447683288,0.0236051584216,0.0415992487838
33,0.720963766585,0.673191949695,0.553447683288,0.0239620096983,0.0415992487838
34,0.731747416392,0.681800933686,0.553447683288,0.0236051584216,0.0415992487838
35,0.697281929998,0.651284874739,0.553447683288,0.02531473773,0.0415992487838
36,0.726167063516,0.657852719406,0.561457015861,0.0250064377126,0.0408531274318
37,0.732397424743,0.671071242116,0.570687738781,0.0240751415846,0.0399932256356
38,0.731487255617,0.669299211505,0.570687738781,0.0243160777728,0.0399932256356
39,0.741775538808,0.689322197881,0.566155592879,0.0218592088194,0.040415424464
40,0.756361558729,0.729245360487,0.583709232458,0.019493893747,0.0387801889214
41,0.661684098316,0.52468626172,0.583709232458,0.0332142637999,0.0387801889214
42,0.736470052473,0.678480323007,0.643608533261,0.0231207881559,0.0332001799889
43,0.739613967223,0.716527205332,0.598670158751,0.0210506583783,0.0373864814618
44,0.713955457801,0.687980177038,0.598670158751,0.0228850834927,0.0373864814618
45,0.719607512829,0.640545460544,0.598670158751,0.0263583929393,0.0373864814618
46,0.729384178321,0.691790461492,0.658279861281,0.0219428924259,0.0318334504895
47,0.686804137035,0.706362107351,0.619802249524,0.0209475534607,0.0354178899475
48,0.71761589152,0.61433627011,0.619802249524,0.0273946099923,0.0354178899475
49,0.720794731249,0.594471069091,0.619802249524,0.0293020431429,0.0354178899475
50,0.722417229874,0.640545070659,0.659231715315,0.0255840840765,0.0317447791036
51,0.729279789863,0.678131235333,0.654094334567,0.0238515338902,0.032223359489
52,0.745321006597,0.658717960811,0.654094334567,0.0250186879326,0.032223359489
53,0.697422388579,0.61171262068,0.654094334567,0.0280985178903,0.032223359489
54,0.669219228882,0.536747929949,0.654094334567,0.0348769658419,0.032223359489
55,0.675893651043,0.621267669159,0.569074720115,0.0278102216178,0.0401434888014
56,0.731612894149,0.707945344119,0.606753985735,0.0221640401189,0.0366334204716
57,0.729168444444,0.641091765523,0.606753985735,0.0262048223484,0.0366334204716
58,0.77380259681,0.713112713462,0.585590457118,0.0216432193349,0.0386049406253
59,0.754073988899,0.647802535324,0.585590457118,0.0253083292973,0.0386049406253
60,0.728157618293,0.636122401805,0.585590457118,0.0258586784272,0.0386049406253
61,0.79394263163,0.736779677335,0.596890003218,0.0191891188894,0.0375523145123
62,0.77970800634,0.727127443497,0.596890003218,0.0196393047456,0.0375523145123
63,0.718547685531,0.64487577146,0.596890003218,0.0264927109963,0.0375523145123
64,0.725942705082,0.620802432827,0.596890003218,0.0276678617103,0.0375523145123
65,0.741840273973,0.653005392599,0.613626970488,0.0246906472059,0.0359931572998
66,0.733467802309,0.684691274627,0.5862682901,0.0229105963212,0.0385417960803
67,0.722243149255,0.674300086088,0.5862682901,0.0235452592891,0.0385417960803
68,0.58085445686,0.487127412292,0.5862682901,0.036247543305,0.0385417960803
69,0.695176478306,0.633649227274,0.540972965198,0.0270989669864,0.0427613498007
70,0.703683291538,0.633368049081,0.540972965198,0.0268044115425,0.0427613498007
71,0.691359004767,0.600272967636,0.540972965198,0.0288831297259,0.0427613498007
72,0.696277533533,0.639015485656,0.480673533011,0.026287080959,0.0483786335705
73,0.697655601571,0.629005123154,0.480673533011,0.0275070173385,0.0483786335705
74,0.725246425815,0.609152384046,0.480673533011,0.0281899284763,0.0483786335705
75,0.628092569794,0.46065817545,0.480673533011,0.0384741199113,0.0483786335705
76,0.715497621725,0.693987133866,0.580036055954,0.0223961835017,0.0391223691711
77,0.710770080839,0.69447764439,0.579573375371,0.0224223064774,0.0391654708726
78,0.757479511767,0.668429539121,0.579573375371,0.0253981853296,0.0391654708726
79,0.704752763517,0.593146980514,0.579573375371,0.0300105761555,0.0391654708726
80,0.722781246374,0.700483632633,0.511513489413,0.0224639436132,0.0455056913176
81,0.788665187016,0.720733545702,0.584887524537,0.0205419993526,0.0386704233609
82,0.686489215812,0.592301959981,0.584887524537,0.0305994116813,0.0386704233609
83,0.676593896894,0.534149727813,0.584887524537,0.0325208367992,0.0386704233609
84,0.788665187016,0.720733545702,0.584887524537,0.0205419993526,0.0386704233609
85,0.772976025403,0.700067219945,0.584887524537,0.022744160746,0.0386704233609
86,0.698651408512,0.512945733857,0.584887524537,0.0350019665305,0.0386704233609
87,0.63785234601,0.446752821491,0.584887524537,0.039761160481,0.0386704233609
88,0.782611594177,0.749100432738,0.594044788264,0.0188047344504,0.0378173647658
89,0.702578601424,0.69607710272,0.594044788264,0.0220595149182,0.0378173647658
90,0.771612318245,0.795845723371,0.568574505964,0.0149627457075,0.0401900869986
91,0.798480395874,0.781285594752,0.568574505964,0.0161838077568,0.0401900869986
92,0.718019097513,0.567735088595,0.568574505964,0.0300995821088,0.0401900869986
93,0.765993196676,0.755162973069,0.57582453991,0.017861714383,0.0395146992456
94,0.765993196676,0.755162973069,0.57582453991,0.017861714383,0.0395146992456
95,0.758241726413,0.711165138894,0.57582453991,0.0218674560096,0.0395146992456
96,0.701978458338,0.681336348235,0.57582453991,0.0235719858546,0.0395146992456
97,0.693637612718,0.676920918427,0.57582453991,0.0238544922141,0.0395146992456
98,0.705932938622,0.65872825375,0.57582453991,0.0246274984248,0.0395146992456
99,0.767190451341,0.739296701049,0.595399200382,0.0192393450043,0.0376911924797
100,0.756870494938,0.688761080124,0.595399200382,0.0234333121236,0.0376911924797
101,0.767190451341,0.739296701049,0.595399200382,0.0192393450043,0.0376911924797
102,0.774069199414,0.741408038273,0.601813716477,0.0199195973529,0.0370936386413
103,0.765065837909,0.740771534077,0.601813716477,0.0195142647988,0.0370936386413
104,0.781359655815,0.696580932646,0.601813716477,0.0225092088803,0.0370936386413
105,0.767190451341,0.739296701049,0.595399200382,0.0192393450043,0.0376911924797
106,0.653412426301,0.478310346321,0.595399200382,0.0374209137412,0.0376911924797
107,0.699552992289,0.646164718573,0.573322826898,0.0267272282514,0.039747750062
108,0.699552992289,0.646164718573,0.573322826898,0.0267272282514,0.039747750062
109,0.71534125874,0.650746571287,0.576793154871,0.0266296701901,0.0394244664705
110,0.741142881325,0.627593803359,0.576793154871,0.0278562908493,0.0394244664705
111,0.668477762599,0.557486675352,0.576793154871,0.0338930504394,0.0394244664705
112,0.732768279583,0.634315564933,0.580045522419,0.0268757732839,0.0391214873084
113,0.718391823345,0.620534040232,0.580045522419,0.0280632376339,0.0391214873084
114,0.696508645255,0.601926160633,0.580045522419,0.0296141257351,0.0391214873084
115,0.732768279583,0.634315564933,0.580045522419,0.0268757732839,0.0391214873084
116,0.6800347468,0.47104632146,0.580045522419,0.0379165373251,0.0391214873084
117,0.746797518823,0.606203686171,0.586719276642,0.0279839624161,0.0384997837546
118,0.637556282862,0.410371305951,0.586719276642,0.0417388414129,0.0384997837546
119,0.736756461387,0.666778012055,0.571900801082,0.0247580316017,0.0398802210032
120,0.737362095473,0.658691945153,0.571900801082,0.0250928023221,0.0398802210032
121,0.667346843035,0.519741163027,0.571900801082,0.0347832883494,0.0398802210032
122,0.657560604513,0.528831152636,0.364056897939,0.0344537563526,0.0592422305852
123,0.590379301231,0.414826893483,0.364056897939,0.0429823306279,0.0592422305852
124,0.657901552389,0.479485861239,0.325707258573,0.0380324287934,0.0628147485837
125,0.729332226054,0.655729137075,0.562132139087,0.0256665697662,0.0407902353182
126,0.699885069877,0.537560372171,0.562132139087,0.0334256079721,0.0407902353182
127,0.752832956627,0.648960661857,0.588516779683,0.0252920393043,0.038332334671
128,0.677561565982,0.509169697739,0.588516779683,0.0346285514402,0.038332334671
129,0.76259659729,0.672118713089,0.604832523912,0.0234535992159,0.0368124171208
130,0.76259659729,0.672118713089,0.604832523912,0.0234535992159,0.0368124171208
131,0.711523236963,0.646018951967,0.604832523912,0.0259200658331,0.0368124171208
132,0.76259659729,0.672118713089,0.604832523912,0.0234535992159,0.0368124171208
133,0.668474379389,0.656873551088,0.604832523912,0.025699073987,0.0368124171208
134,0.731513101736,0.611378899731,0.604832523912,0.0276300671174,0.0368124171208
135,0.747664908242,0.637406405609,0.59454510656,0.0257643506222,0.0377707568668
136,0.744803047704,0.623051752139,0.59454510656,0.02585796318,0.0377707568668
137,0.70138282382,0.55335684928,0.59454510656,0.0319648610313,0.0377707568668
138,0.695150697304,0.544489876765,0.59454510656,0.0324943163046,0.0377707568668
139,0.709213871454,0.512233567439,0.59454510656,0.0340550858085,0.0377707568668
140,0.766755260196,0.680041316361,0.597108815043,0.0227862156899,0.0375319307696
141,0.744893797288,0.63655279953,0.597108815043,0.0261751255631,0.0375319307696
142,0.773681737953,0.680176779513,0.61939551211,0.0227027389344,0.0354557801795
143,0.768079237784,0.646195280776,0.61939551211,0.0251903185015,0.0354557801795
144,0.767185730605,0.682525090143,0.621471297303,0.0229410009485,0.035262407306
145,0.775350657126,0.659594751389,0.621471297303,0.0244734018661,0.035262407306
146,0.604309991321,0.40294633421,0.621471297303,0.0443766522808,0.035262407306
147,0.721626044706,0.637458769381,0.671785354173,0.0264333322856,0.0305753261046
148,0.712199096816,0.616566791225,0.671785354173,0.0279776662965,0.0305753261046
149,0.726749208465,0.639983001153,0.654206758679,0.0256005665669,0.0322128864528
150,0.762812851788,0.657657598213,0.646224207442,0.02581069574,0.0329565129494
151,0.753233334162,0.631736237001,0.646224207442,0.0274558170371,0.0329565129494
152,0.604025692923,0.287193270721,0.646224207442,0.0516764619926,0.0329565129494
153,0.717422924886,0.622661839181,0.596993547919,0.0274416178419,0.0375426686509
154,0.753492527515,0.640416302671,0.604079479642,0.0259599505716,0.0368825680858
155,0.735112490978,0.617915991408,0.604079479642,0.0273719398354,0.0368825680858
156,0.760912239479,0.643029314232,0.58494234415,0.0260710674287,0.0386653165579
157,0.676475929471,0.402116520058,0.58494234415,0.0431535173218,0.0386653165579
158,0.757186241176,0.637304732037,0.620158927606,0.0265692427616,0.0353846630674
159,0.69106254309,0.451782416446,0.620158927606,0.0396578696563,0.0353846630674
160,0.695013338621,0.506295754108,0.424259084767,0.0373248435945,0.0536340058521
161,0.689672408956,0.435839199404,0.424259084767,0.0420868079739,0.0536340058521
162,0.687471315461,0.491624409634,0.408312294461,0.038119612909,0.055119552948
163,0.684178430112,0.483269790006,0.408312294461,0.0384878625687,0.055119552948
164,0.673777877276,0.476677984684,0.408312294461,0.0384030087698,0.055119552948
165,0.687056806644,0.494151521496,0.513723098991,0.0367023699211,0.0452998518334
166,0.687056806644,0.494151521496,0.513723098991,0.0367023699211,0.0452998518334
167,0.731235892809,0.616211387353,0.625056450808,0.0272866362686,0.0349284269704
168,0.731235892809,0.616211387353,0.625056450808,0.0272866362686,0.0349284269704
169,0.737088009698,0.626865896646,0.638075934078,0.0265516607538,0.0337155775386
170,0.549351344635,0.373639651925,0.638075934078,0.0442854539602,0.0337155775386
171,0.754729837791,0.663214675566,0.639371917153,0.0245915905038,0.0335948482974
172,0.750225121969,0.679156377884,0.55867063341,0.0234117806065,0.0411126970555
173,0.752658350624,0.691867737944,0.603734604655,0.022555547592,0.0369146954309
174,0.754217385989,0.725330821031,0.555665268902,0.0204505032654,0.04139266628
175,0.714202338438,0.675416704569,0.555665268902,0.0234486739655,0.04139266628
176,0.73413147711,0.684169438588,0.537394356422,0.0239039366967,0.0430947204522
177,0.765995000154,0.691559359769,0.618903793759,0.0229331856682,0.0355015869377
178,0.594979330349,0.362715134128,0.618903793759,0.0461709235859,0.0355015869377
179,0.721355763956,0.653157416265,0.542507089444,0.0260479251751,0.0426184361626
180,0.752860260737,0.699459312281,0.586954640064,0.0226007720004,0.0384778581231
181,0.750945676195,0.644668666111,0.586954640064,0.0258395375579,0.0384778581231
182,0.72365721445,0.659031433845,0.572708130686,0.0254332285239,0.0398050130068
183,0.720287273624,0.667943828122,0.542143311121,0.0241823754664,0.0426523244762
184,0.735243267722,0.663641253544,0.542143311121,0.0237591318326,0.0426523244762
185,0.765667347332,0.724487680097,0.583347808382,0.0192411874914,0.0388138579216
186,0.755403794395,0.676461122891,0.583347808382,0.0232962901776,0.0388138579216
187,0.709912125909,0.703139386507,0.546686283206,0.0217186231569,0.0422291171187
188,0.731255827831,0.594401429129,0.546686283206,0.0303325229719,0.0422291171187
189,0.590601913411,0.441272465811,0.546686283206,0.0404357458443,0.0422291171187
190,0.635400387783,0.555016827529,0.206989457209,0.0321369039574,0.0738740828861
191,0.625851173632,0.52948282343,0.206989457209,0.0338238290067,0.0738740828861
192,0.606800286625,0.399088032322,0.206989457209,0.0426117945966,0.0738740828861
193,0.691447726578,0.603761084472,0.422646054285,0.0286408080234,0.0537842701186
194,0.714183564545,0.569729485778,0.422646054285,0.0315407246214,0.0537842701186
195,0.691447726578,0.603761084472,0.422646054285,0.0286408080234,0.0537842701186
196,0.691447726578,0.603761084472,0.422646054285,0.0286408080234,0.0537842701186
197,0.658154007771,0.547213970574,0.422646054285,0.0332141009752,0.0537842701186
198,0.670953502163,0.499106941709,0.422646054285,0.034895610859,0.0537842701186
199,0.673807243601,0.508747070464,0.450274386097,0.0357554552089,0.0512105115566
200,0.715244806947,0.669845101881,0.536802988919,0.0245728340779,0.0431498101763
201,0.714131299614,0.683231454712,0.518218896717,0.0236609979615,0.0448810390737
202,0.751542191897,0.701035855885,0.602165065424,0.0219824591117,0.0370609082048
203,0.752686650034,0.728605769832,0.584206331846,0.0202701296861,0.0387338808847
204,0.711103300922,0.657205694079,0.584206331846,0.0242595454398,0.0387338808847
205,0.672668557323,0.541319335182,0.584206331846,0.0331536332193,0.0387338808847
206,0.729096989802,0.63926013268,0.595709350521,0.0253077219379,0.0376622999797
207,0.718477311209,0.657368163949,0.635645080046,0.0250925586904,0.0339420273808
208,0.690949183924,0.635849865331,0.635645080046,0.0264221886719,0.0339420273808
209,0.716021479645,0.687588598934,0.643500736085,0.0233139242409,0.0332102219961
210,0.727674015101,0.651671542987,0.643500736085,0.0249715569996,0.0332102219961
211,0.739690669067,0.58917272573,0.643500736085,0.0296245484469,0.0332102219961
212,0.648683090573,0.482173958032,0.643500736085,0.0384320384195,0.0332102219961
213,0.720202992008,0.631309164612,0.629058449813,0.0272537408965,0.0345556147689
214,0.727509028196,0.68367679653,0.585209171014,0.0226290711014,0.0386404599024
215,0.755937771601,0.636012880029,0.585209171014,0.0258559132259,0.0386404599024
216,0.743602144205,0.624439017889,0.585209171014,0.028303750779,0.0386404599024
217,0.719859938382,0.695394147914,0.51402480162,0.0227229570479,0.0452717462738
218,0.716391869114,0.688407594383,0.51402480162,0.0231407467997,0.0452717462738
219,0.737425428468,0.601962878933,0.51402480162,0.0295077244564,0.0452717462738
220,0.669980704398,0.529177413096,0.51402480162,0.0334626958711,0.0452717462738
221,0.708364810955,0.644226627328,0.546726642929,0.0266220064831,0.0422253573483
222,0.707928535453,0.663005719803,0.589818870349,0.0247950553375,0.0382110364681
223,0.688695818331,0.654078687464,0.589818870349,0.0258570089119,0.0382110364681
224,0.6990275088,0.672508344982,0.584281884664,0.0241052114195,0.0387268426489
225,0.742860785908,0.71535367468,0.628816191566,0.0206658237096,0.0345781826982
226,0.662505844053,0.532691282897,0.628816191566,0.0334357812819,0.0345781826982
227,0.740231601208,0.698356626219,0.625585097704,0.0222928207312,0.0348791800783
228,0.628017491271,0.493472497982,0.625585097704,0.0361582016149,0.0348791800783
229,0.686929949128,0.657517737321,0.582753428335,0.0251139959161,0.0388692282837
230,0.790043852057,0.743927273694,0.631555845457,0.0188071512818,0.0343229661434
231,0.738848809156,0.673362064623,0.631555845457,0.0231950720598,0.0343229661434
232,0.733192297644,0.670272280072,0.631555845457,0.0242586182986,0.0343229661434
233,0.804599620844,0.74604124729,0.584523119727,0.0184687461319,0.0387043700359
234,0.762436351168,0.731488999173,0.584523119727,0.0195968164479,0.0387043700359
235,0.804599620844,0.74604124729,0.584523119727,0.0184687461319,0.0387043700359
236,0.721671937709,0.722199206357,0.584523119727,0.0209160890678,0.0387043700359
237,0.776356216505,0.706257670106,0.584523119727,0.0211037086105,0.0387043700359
238,0.776203355737,0.671317649317,0.584523119727,0.0231987390009,0.0387043700359
239,0.799052985189,0.733473995222,0.609885411894,0.0192296437674,0.0363417077854
240,0.77501805036,0.7322361654,0.609885411894,0.0196350299329,0.0363417077854
241,0.737203401441,0.688792892471,0.609885411894,0.0222043392176,0.0363417077854
242,0.756542100841,0.590525349908,0.609885411894,0.0286119499877,0.0363417077854
243,0.763428936556,0.703243724423,0.614802250897,0.0210493164639,0.035883672296
244,0.782654146419,0.700011632847,0.614802250897,0.0214393747797,0.035883672296
245,0.751734181313,0.68129445749,0.614802250897,0.0227209098231,0.035883672296
246,0.622694938851,0.363348595574,0.614802250897,0.0455331313213,0.035883672296
247,0.700106432552,0.496445482073,0.549353354484,0.0353666955442,0.0419806621058
248,0.686721800331,0.493129600992,0.549353354484,0.0359745362562,0.0419806621058
249,0.68729514054,0.469134199458,0.549353354484,0.0369611159074,0.0419806621058
250,0.665823758942,0.464288729767,0.549353354484,0.0385176899952,0.0419806621058
251,0.725691252379,0.569764176059,0.576666351772,0.0301987132858,0.0394362790028
252,0.700002050955,0.564647506631,0.576666351772,0.03035212938,0.0394362790028
253,0.754587733939,0.578943590375,0.39693723623,0.0293208620762,0.0561792135064
254,0.755938146124,0.720664759155,0.611956327196,0.0201030935201,0.0361487885738
255,0.748066289867,0.696057288921,0.611956327196,0.0218601020054,0.0361487885738
256,0.719608576979,0.64786945308,0.611956327196,0.0258080383347,0.0361487885738
257,0.768419459343,0.65793741434,0.638389775411,0.0238838718107,0.0336863411799
258,0.73318090918,0.631272516252,0.638389775411,0.0265771685969,0.0336863411799
259,0.778923418954,0.65774517966,0.581180042476,0.0240948919716,0.039015799396
260,0.671110760263,0.44625712916,0.581180042476,0.0394973044583,0.039015799396
261,0.72428531075,0.532045162245,0.530032519959,0.033745570407,0.0437805233359
262,0.784272777273,0.674724546441,0.621970696252,0.0232802627929,0.0352158850502
263,0.781654236122,0.67538615733,0.636216577627,0.0229921912804,0.0338887886691
264,0.711711464372,0.477331281148,0.636216577627,0.036616941294,0.0338887886691
265,0.76911122989,0.711234389846,0.647600169507,0.0202456031765,0.0328283331459
266,0.600928371836,0.450486326986,0.647600169507,0.0389334763138,0.0328283331459
267,0.75864083027,0.702259530357,0.614884756543,0.0211134784377,0.0358759863591
268,0.74827371813,0.712454744666,0.576974643895,0.0206712559148,0.0394075595891
269,0.794511560727,0.734775855232,0.621422246901,0.0189885396117,0.0352669766695
270,0.714767365211,0.547051775169,0.621422246901,0.031669912873,0.0352669766695
271,0.795932602781,0.750112227772,0.674612791277,0.0187571621596,0.0303119319734
272,0.750849015823,0.716068196838,0.674612791277,0.0215772307492,0.0303119319734
273,0.77096864984,0.725754139441,0.618080210628,0.0199523452388,0.0355783090558
274,0.730054622323,0.747662802589,0.523906961357,0.01868361937,0.0443511589069
275,0.748185140977,0.717408533081,0.523906961357,0.0206375965497,0.0443511589069
276,0.700959595835,0.711534177817,0.523906961357,0.0216242754471,0.0443511589069
277,0.761175605206,0.666350784249,0.523906961357,0.0234202856555,0.0443511589069
278,0.728536873392,0.723370963449,0.503639380045,0.0202668948508,0.0462392157498
279,0.718424497487,0.549197089859,0.503639380045,0.0329118090225,0.0462392157498
280,0.753752902597,0.69136949181,0.557190991374,0.0216064665277,0.0412505353218
281,0.646465680514,0.455068073537,0.557190991374,0.0386693566131,0.0412505353218
282,0.769673852879,0.692716851891,0.639699592083,0.0221178528292,0.0335643232493
283,0.774104819419,0.748093942614,0.615235116682,0.0188702004181,0.0358433480365
284,0.774534073891,0.793048436435,0.622610909059,0.0153411650797,0.0351562450687
285,0.734274753568,0.723582381889,0.622610909059,0.0196216516624,0.0351562450687
286,0.774534073891,0.793048436435,0.622610909059,0.0153411650797,0.0351562450687
287,0.584845250139,0.416131369237,0.622610909059,0.0419773467837,0.0351562450687
288,0.698672552488,0.621667906749,0.450057526017,0.0277750390204,0.0512307134817
289,0.635364692399,0.522863328922,0.450057526017,0.0346714770652,0.0512307134817
290,0.681029379178,0.622537581014,0.481869699026,0.0274605726528,0.0482672029369
291,0.601669530698,0.440923706576,0.481869699026,0.0394484541528,0.0482672029369
292,0.702940315697,0.580634866038,0.481013429219,0.0300997756869,0.0483469700311
293,0.696655046313,0.574065988226,0.481013429219,0.0305074017123,0.0483469700311
294,0.7388355061,0.594275590973,0.556398263739,0.0291226468651,0.04132438305
295,0.643729396301,0.469876961864,0.556398263739,0.0379387101684,0.04132438305
296,0.739214512138,0.515700754222,0.526358110728,0.0360731785909,0.0441228184222
297,0.710648837443,0.529639005928,0.143368179068,0.0346375737263,0.0798008181829
298,0.737543086625,0.564241506431,0.467662056006,0.0334798508466,0.0495907371668
299,0.749292781993,0.663834932079,0.564301856185,0.0255478798808,0.0405881120776
300,0.742646089135,0.68522241539,0.565366288721,0.0239729735447,0.0404889532731
301,0.645275203179,0.432233730525,0.565366288721,0.042539861437,0.0404889532731
302,0.77577074778,0.741346581843,0.612716661315,0.0192837676883,0.036077958512
303,0.721370950058,0.600673892728,0.612716661315,0.0291009540035,0.036077958512
304,0.745353607871,0.658174935779,0.585344015936,0.0243692447849,0.0386278982221
305,0.760987079975,0.658301591988,0.592048203936,0.0244843138754,0.0380033595643
306,0.659333194518,0.485056480894,0.592048203936,0.0360073656732,0.0380033595643
307,0.612547787716,0.389024971525,0.592048203936,0.0432737274501,0.0380033595643
308,0.749151101092,0.647265315165,0.575754094385,0.0254310426911,0.0395212617038
309,0.649227832219,0.472949330748,0.575754094385,0.0379305839818,0.0395212617038
310,0.767290578327,0.70607143602,0.614291111954,0.0206531133838,0.0359312882086
311,0.764023001322,0.682012893844,0.614291111954,0.022500901833,0.0359312882086
312,0.734948723356,0.676066283481,0.614291111954,0.0234579345781,0.0359312882086
313,0.78883632302,0.685929599565,0.579839862579,0.0225968974703,0.0391406458583
314,0.752039073557,0.634794457603,0.579839862579,0.0260516726046,0.0391406458583
315,0.765259020337,0.645884654982,0.5863162385,0.0257429151063,0.0385373293754
316,0.74755038683,0.672842229257,0.602638357606,0.0235050450206,0.037016817964
317,0.733004105622,0.682198251992,0.545174168956,0.0234882435722,0.0423699803826
318,0.734647643561,0.649472117933,0.545174168956,0.0249626230412,0.0423699803826
319,0.736651221374,0.66158005609,0.526953280229,0.024325648628,0.0440673745173
320,0.733228427898,0.653772193095,0.526953280229,0.0250669425933,0.0440673745173
321,0.736889929373,0.702429861941,0.549308153085,0.021681072945,0.0419848729097
322,0.70025691009,0.64987126025,0.549308153085,0.0250142625553,0.0419848729097
323,0.711032509772,0.554459444731,0.549308153085,0.0333988867065,0.0419848729097
324,0.812893092629,0.774245567826,0.596512759793,0.0172124858901,0.0375874571877
325,0.767012412775,0.689385003786,0.596512759793,0.0233301264363,0.0375874571877
326,0.802003857744,0.732509952482,0.557013329282,0.0199716488973,0.0412670856996
327,0.689428592981,0.631800634678,0.557013329282,0.0267512007878,0.0412670856996
328,0.712020872721,0.642781901164,0.534882746157,0.0261460897189,0.0433286932621
329,0.692253418484,0.609828341969,0.534882746157,0.028166109649,0.0433286932621
330,0.707401084771,0.656919409142,0.537864310558,0.025625355827,0.043050941172
331,0.730444670967,0.632701623787,0.537864310558,0.0273972576673,0.043050941172
332,0.707401084771,0.656919409142,0.537864310558,0.025625355827,0.043050941172
333,0.689504232089,0.647459393066,0.537864310558,0.0264527180957,0.043050941172
334,0.751015106789,0.667563361105,0.545051370599,0.0247079193431,0.0423814198473
335,0.747353885386,0.59764715521,0.545051370599,0.0288644517932,0.0423814198473
336,0.739990954613,0.693979552127,0.591811436644,0.0227594238443,0.0380254159755
337,0.703649351942,0.526021316125,0.591811436644,0.0349219110593,0.0380254159755
338,0.640495016137,0.563169430499,0.476737246097,0.0318868193396,0.048745324264
339,0.676444245035,0.60587612246,0.503570335849,0.0293406538186,0.0462456476651
340,0.694425156359,0.625664796083,0.544847821807,0.0278773348054,0.0424003817393
341,0.702381403997,0.644643876945,0.554552638863,0.0265645701568,0.041496314995
342,0.711835680046,0.690885820497,0.510252566332,0.0236601367764,0.0456231544926
343,0.718123326359,0.67447361308,0.510252566332,0.0240454833191,0.0456231544926
344,0.620239384986,0.468703938681,0.510252566332,0.0388500453202,0.0456231544926
345,0.719462691504,0.657861214947,0.581772232633,0.0246812200113,0.0389606330365
346,0.793731769267,0.670288478765,0.544828678819,0.0245153409832,0.0424021650329
347,0.774633277281,0.690854194937,0.614373000798,0.0228402814867,0.0359236597308
348,0.774633277281,0.690854194937,0.614373000798,0.0228402814867,0.0359236597308
349,0.752755935345,0.661230550613,0.614373000798,0.0241401553679,0.0359236597308
350,0.642128407576,0.436964149046,0.614373000798,0.0402385314678,0.0359236597308
351,0.780719425996,0.69871479398,0.610527963933,0.0216433726809,0.0362818498894
352,0.782585528779,0.682048214793,0.610527963933,0.0228753406096,0.0362818498894
353,0.761878153072,0.68999469511,0.595243283128,0.0229075035848,0.0377057171846
354,0.778526790682,0.673954456004,0.595243283128,0.0236968405929,0.0377057171846
355,0.685745750266,0.475735021216,0.595243283128,0.0392088376965,0.0377057171846
356,0.795321184665,0.726467320254,0.600057269218,0.0207971962517,0.0372572631122
357,0.793745839368,0.753322942754,0.598195277283,0.0187555139594,0.0374307197551
358,0.792830536969,0.721662603423,0.598195277283,0.0212742750285,0.0374307197551
359,0.782596376958,0.746455964248,0.682833701368,0.0188215505556,0.0295461008013
360,0.752514542225,0.697259590495,0.682833701368,0.0233670198048,0.0295461008013
361,0.757049686998,0.676005351402,0.682833701368,0.0232768881234,0.0295461008013
362,0.668162514255,0.528771311005,0.682833701368,0.0322644556447,0.0295461008013
363,0.744099532899,0.695090117941,0.647308383467,0.0231694063622,0.0328555149107
364,0.736538034454,0.639053589624,0.647308383467,0.0261153722295,0.0328555149107
365,0.739923824345,0.664876910595,0.654950805562,0.0247609966392,0.0321435736528
366,0.636975114117,0.440622067509,0.654950805562,0.0414902016964,0.0321435736528
367,0.758871202823,0.675971499717,0.619177189979,0.0242183312626,0.0354761183041
368,0.76092028905,0.663915984113,0.619177189979,0.0245469637271,0.0354761183041
369,0.711713072463,0.57955260707,0.619177189979,0.0311939981083,0.0354761183041
370,0.679945204297,0.457580738462,0.619177189979,0.0393804931586,0.0354761183041
371,0.692542026187,0.614065165726,0.57173089553,0.0284225470034,0.039896048809
372,0.723500109672,0.626188103076,0.544310506451,0.0275633101557,0.0424504361547
373,0.591262417746,0.348417814316,0.544310506451,0.0461940834228,0.0424504361547
374,0.67403313445,0.484548371129,0.151626907082,0.0373387161914,0.0790314640257
375,0.731631504562,0.569796936445,0.462632501013,0.0316204544862,0.0500592728828
376,0.71594197729,0.538180653558,0.462632501013,0.0346236408123,0.0500592728828
377,0.662301888513,0.47686609248,0.462632501013,0.0367761823,0.0500592728828
378,0.731631504562,0.569796936445,0.462632501013,0.0316204544862,0.0500592728828
379,0.748720507073,0.569716439326,0.462632501013,0.0316513718019,0.0500592728828
380,0.67990254523,0.617900330148,0.460802441607,0.0283815840675,0.0502297548032
381,0.615473845213,0.466211676004,0.460802441607,0.037691574055,0.0502297548032
382,0.622449171641,0.492998210343,0.123331495093,0.0360892791519,0.081667365439
383,0.723335682239,0.66846115328,0.605236271625,0.0235594980407,0.0367748053989
384,0.761706150275,0.656210564835,0.605236271625,0.0248529426943,0.0367748053989
385,0.750056201065,0.663600143857,0.633048333173,0.023663353633,0.0341839312185
386,0.701647000659,0.704100664336,0.601234382252,0.0215431819847,0.0371476073874
387,0.553322033306,0.371619306921,0.601234382252,0.0450721833685,0.0371476073874
388,0.69172906458,0.579618860709,0.582383539678,0.0296940426099,0.0389036858146
389,0.702804841939,0.571163510078,0.582383539678,0.0313411453343,0.0389036858146
390,0.613645334021,0.465576838062,0.582383539678,0.0376885615859,0.0389036858146
391,0.706331903345,0.549217779377,0.580953112683,0.0335022980137,0.0390369393803
392,0.747342226364,0.650046946643,0.592097340336,0.0260099247739,0.0379987821895
393,0.654043950316,0.41328268663,0.592097340336,0.0421342396851,0.0379987821895
394,0.723650149148,0.607398083278,0.651307065462,0.0294724635255,0.0324830117103
395,0.653662034666,0.39120279803,0.651307065462,0.044908548514,0.0324830117103
396,0.725366069017,0.599957414319,0.64874046375,0.0295125095808,0.0327221073306
397,0.720529254048,0.619803151632,0.604192675015,0.0277421628819,0.0368720232016
398,0.717813871302,0.596227311643,0.604192675015,0.0290567317514,0.0368720232016
399,0.737541623748,0.593027217277,0.604192675015,0.0283955087598,0.0368720232016
400,0.76718113676,0.694197457443,0.604266423147,0.0224713547852,0.0368651530841
401,0.701935346465,0.52954560573,0.604266423147,0.0335711934801,0.0368651530841
402,0.759505874417,0.653988684749,0.550714869698,0.0258613551753,0.0418538281202
403,0.773236449323,0.687406401922,0.570678253545,0.0229551515628,0.039994109247
404,0.722866172485,0.587912105954,0.570678253545,0.029140413764,0.039994109247
405,0.763840464469,0.666041042432,0.593248990665,0.0237047618386,0.0378914984811
406,0.789007936614,0.662094072869,0.593248990665,0.0242222424681,0.0378914984811
407,0.749182517209,0.649824837645,0.593248990665,0.0248506288166,0.0378914984811
408,0.75664788432,0.663215308789,0.589456165273,0.0242521925282,0.0382448248018
409,0.753110564603,0.635081544501,0.589456165273,0.0249279742738,0.0382448248018
410,0.739630868555,0.630527801227,0.589456165273,0.0267843008734,0.0382448248018
411,0.758989098586,0.647977534573,0.637654214688,0.0246588917319,0.033754863439
412,0.639081165601,0.345468119682,0.637654214688,0.0471918201013,0.033754863439
413,0.748747621108,0.644683411768,0.626853310404,0.0254458304981,0.034761037828
414,0.620474783718,0.389579386081,0.626853310404,0.0446975589094,0.034761037828
415,0.704991547724,0.584961639011,0.600517386141,0.0296126828193,0.0372144002322
416,0.614946619043,0.430656672902,0.600517386141,0.0412926427728,0.0372144002322
417,0.737138231991,0.633703739895,0.649450018523,0.0261536954422,0.0326560076947
418,0.713140901129,0.565905320266,0.649450018523,0.0307255423157,0.0326560076947
419,0.720592152404,0.593285106892,0.615740343816,0.0294580487818,0.0357962828474
420,0.626521798083,0.431439476285,0.615740343816,0.0403929209094,0.0357962828474
421,0.589862968873,0.382857080396,0.615740343816,0.045092884799,0.0357962828474
422,0.713519247698,0.620108843147,0.563385670231,0.0273159349455,0.0406734607501
423,0.71823984897,0.637453472604,0.565952759472,0.0267973324904,0.0404343197133
424,0.561408823543,0.242087991532,0.565952759472,0.0535798885861,0.0404343197133
425,0.563495939049,0.332730428046,0.455476715821,0.0476210288733,0.0507258807522
426,0.591570862421,0.404070642551,0.408354095918,0.0432867531016,0.0551156588708
427,0.59819143106,0.391127464653,0.408354095918,0.0438085924841,0.0551156588708
428,0.548091020623,0.339215272744,0.408354095918,0.048729390471,0.0551156588708
429,0.555487454927,0.296446363132,0.408354095918,0.051059881969,0.0551156588708
430,0.654308070813,0.504013075981,0.396654095334,0.0366557857155,0.0562055899199
431,0.700850872375,0.56048350469,0.298408794918,0.03168486941,0.0653577777844
432,0.723320197509,0.52886284777,0.298408794918,0.03352195544,0.0653577777844
433,0.689040981303,0.451154264689,0.298408794918,0.0384972724433,0.0653577777844
434,0.796607105284,0.738142594082,0.449227687149,0.018889581969,0.0513080183622
435,0.77912106616,0.729175109675,0.449227687149,0.0202490452687,0.0513080183622
436,0.772130357729,0.741870728274,0.553231087868,0.0192472714015,0.041619426054
437,0.661027712558,0.500852140426,0.553231087868,0.0365897876919,0.041619426054
438,0.759472654649,0.720566128074,0.547801319335,0.0206197242881,0.0421252442608
439,0.75406223134,0.737148988607,0.541651984613,0.0197773934108,0.0426980947318
440,0.722157160848,0.641644110573,0.541651984613,0.026558929763,0.0426980947318
441,0.751140875372,0.706180643657,0.569876929391,0.0219564023737,0.0400687577968
442,0.732969258101,0.66414078954,0.569876929391,0.0243224850372,0.0400687577968
443,0.751140875372,0.706180643657,0.569876929391,0.0219564023737,0.0400687577968
444,0.739058170476,0.681968692795,0.569876929391,0.0232082960513,0.0400687577968
445,0.759882950377,0.697756960195,0.644288235048,0.0229579771857,0.0331368613527
446,0.662653017205,0.396058767332,0.644288235048,0.0437871685598,0.0331368613527
447,0.828245429415,0.802638287976,0.600764865516,0.014520632735,0.0371913459209
448,0.7904680422,0.733685354469,0.600764865516,0.0197899104728,0.0371913459209
449,0.792954000003,0.750844663472,0.597268506205,0.0186710470256,0.0375170545006
450,0.712429780846,0.696236026599,0.597268506205,0.0222734695701,0.0375170545006
451,0.690872536316,0.522143429287,0.597268506205,0.0337374858054,0.0375170545006
452,0.7497474586,0.690653006159,0.593659438644,0.0227720050498,0.0378532625859
453,0.7497474586,0.690653006159,0.593659438644,0.0227720050498,0.0378532625859
454,0.56453101977,0.240529117837,0.593659438644,0.0528936000696,0.0378532625859
455,0.729581775892,0.669473527465,0.606849834192,0.0240371242109,0.0366244915653
456,0.722505700423,0.690657513719,0.624475331143,0.0225556915984,0.0349825620417
457,0.713510107774,0.651135925763,0.624475331143,0.0254609019692,0.0349825620417
458,0.506471004173,0.256372860107,0.624475331143,0.0517511246497,0.0349825620417
459,0.61501282094,0.434310957022,0.465208536593,0.0413927031537,0.0498192984364
460,0.710921540656,0.471889676907,0.486946876279,0.0377986598063,0.0477942308981
461,0.705230529665,0.528776010088,0.518090611223,0.0341719642124,0.0448929897008
462,0.760390325615,0.649152477513,0.609583639373,0.0259816169874,0.0363698198558
463,0.755538579642,0.626545132804,0.609583639373,0.0267947410292,0.0363698198558
464,0.753390634834,0.626840808006,0.595100902231,0.0277089684379,0.03771898089
465,0.740132837096,0.540758544874,0.595100902231,0.034456407601,0.03771898089
466,0.729375061381,0.632329672165,0.598864445496,0.0270527769347,0.0373683823896
467,0.658331525906,0.504709643023,0.598864445496,0.0357233862773,0.0373683823896
468,0.673430865532,0.359587190814,0.598864445496,0.0465515287498,0.0373683823896
469,0.633716728143,0.443432147653,0.408240225062,0.039861961809,0.0551262666807
470,0.635159590822,0.421287129416,0.408240225062,0.040782720825,0.0551262666807
471,0.614984094956,0.421516981237,0.483587193314,0.0414111409771,0.0481072071883
472,0.749785520861,0.669326029988,0.583512367475,0.0242653646472,0.0387985281733
473,0.677812162279,0.512737875767,0.583512367475,0.0345278916948,0.0387985281733
474,0.728033858462,0.634979381067,0.534726419514,0.0262026652606,0.0433432561042
475,0.802169240665,0.701551597668,0.63806355014,0.0214609987219,0.0337167311829
476,0.726156077365,0.461839323764,0.63806355014,0.0376348007535,0.0337167311829
477,0.797391128569,0.724883757698,0.633801785656,0.0192705245828,0.0341137422259
478,0.784061173721,0.736914159492,0.634872998773,0.0191356674793,0.0340139517663
479,0.76526111858,0.688583329921,0.634872998773,0.0226864907715,0.0340139517663
480,0.78424270642,0.704627698814,0.613526236232,0.0219287033512,0.0360025413501
481,0.787760943191,0.720628724026,0.60558615396,0.0211950483491,0.0367422115868
482,0.746785372506,0.661591124993,0.60558615396,0.0260575873466,0.0367422115868
483,0.697012022616,0.650929003231,0.60558615396,0.0266074708706,0.0367422115868
484,0.680803689063,0.630624000374,0.60558615396,0.0278259292481,0.0367422115868
485,0.774087422487,0.699040187635,0.584232494184,0.0220939083555,0.0387314436929
486,0.751124504002,0.641538331112,0.584232494184,0.0260124304191,0.0387314436929
487,0.753901426294,0.669200662907,0.565515420845,0.0247116490193,0.0404750606471
488,0.761976908974,0.646634945869,0.565515420845,0.0265963638421,0.0404750606471
489,0.712442676377,0.57886526564,0.565515420845,0.0311022769067,0.0404750606471
490,0.770075654571,0.709862917391,0.573758559795,0.0211834592865,0.0397071587124
491,0.766307747432,0.684008171431,0.573758559795,0.0231518392473,0.0397071587124
492,0.689709718166,0.590642566742,0.573758559795,0.0289469504094,0.0397071587124
493,0.75971003913,0.656604262953,0.576703573781,0.0248511902996,0.0394328115309
494,0.635625443878,0.436388471364,0.576703573781,0.0399715096523,0.0394328115309
495,0.775488428592,0.675261227677,0.584819029863,0.0237774249924,0.0386768040847
496,0.706149088057,0.631457793823,0.584819029863,0.027335187138,0.0386768040847
497,0.755279435145,0.628063307419,0.584819029863,0.0271407962277,0.0386768040847
498,0.767587253818,0.670192677491,0.601317964427,0.0240397304028,0.0371398211649
499,0.793584535433,0.719241867767,0.616961776764,0.0210617394672,0.0356824984348
