r2_10_features: 0.703280099363
mse_5_features: 0.027641386023
SV: 
[[  1.71663515e-01   3.47519516e-02   1.20819331e-01   5.48617219e-01
    1.84782609e-01   2.70354906e-01   6.98113208e-01   3.43195266e-02
    1.00000000e+00   8.96907304e-02]
 [  5.75509854e-01   1.90149772e-02   5.83053289e-01   6.20736832e-01
    1.41304348e-01   4.87473904e-01   7.16981132e-01   5.98816568e-01
    5.84955671e-02   2.26655399e-01]
 [  3.31970771e-01   2.24210270e-02   2.97887662e-01   3.39783055e-01
    1.08695652e-01   2.01461378e-01   7.35849057e-01   1.73964497e-01
    1.48176583e-01   1.41369391e-01]
 [  6.73327240e-01   1.09821631e-02   2.84605537e-01   6.25720708e-01
    1.19565217e-01   1.86847599e-01   3.49056604e-01   2.30769231e-01
    1.31688146e-01   2.82909507e-01]
 [  2.38507721e-01   2.45594117e-02   2.90366459e-01   5.04641845e-01
    1.08695652e-01   2.08768267e-03   5.84905660e-01   1.31360947e-01
    4.55717028e-02   1.57972462e-01]
 [  8.51614641e-01   1.00000000e+00   7.12514002e-01   8.14130753e-01
    3.69565217e-01   2.69311065e-01   5.56603774e-01   5.02958580e-01
    3.45050727e-01   6.96791211e-01]
 [  6.65298242e-01   5.29662084e-01   3.24371900e-01   8.38366071e-01
    1.95652174e-01   7.30688935e-01   5.00000000e-01   2.76923077e-01
    3.33973129e-01   4.71185775e-01]
 [  5.70759894e-01   5.67418872e-02   6.34261482e-01   6.23570800e-01
    1.19565217e-01   1.00000000e+00   7.16981132e-01   5.40828402e-01
    1.73750114e-01   6.00083656e-01]
 [  4.07791812e-01   7.68025814e-02   2.99567931e-01   6.66568944e-01
    3.69565217e-01   4.93736952e-01   7.26415094e-01   2.01183432e-01
    1.87130975e-01   2.55772662e-01]
 [  3.46840000e-01   2.19173755e-02   3.03088494e-01   7.72207564e-01
    2.39130435e-01   2.04592902e-01   6.22641509e-01   3.36094675e-01
    7.62635956e-02   2.36181891e-01]
 [  1.00000000e+00   5.80991852e-02   7.02912466e-01   5.92983485e-01
    3.15217391e-01   3.97703549e-01   7.54716981e-01   1.00000000e+00
    1.58979984e-01   4.17705959e-01]
 [  8.59174070e-01   4.63786179e-02   1.00000000e+00   6.62953191e-01
    1.84782609e-01   4.13361169e-01   8.49056604e-01   8.01183432e-01
    0.00000000e+00   5.81645283e-01]
 [  4.45798496e-01   2.73593724e-02   5.06160986e-01   9.05110916e-01
    1.30434783e-01   2.86012526e-01   3.30188679e-01   5.37278107e-01
    1.02330683e-01   3.27844503e-01]
 [  5.45710880e-01   4.70231210e-02   4.85597696e-01   8.39734193e-01
    1.41304348e-01   2.02505219e-01   3.30188679e-01   9.62130178e-01
    8.08884014e-02   5.89788898e-01]
 [  7.53534766e-01   4.33776234e-01   6.84029445e-01   6.02071729e-01
    2.71739130e-01   3.88308977e-01   9.52830189e-01   4.73372781e-01
    2.74508729e-01   1.00000000e+00]
 [  3.51663905e-01   8.79255962e-03   3.66858697e-01   8.96902179e-01
    1.30434783e-01   2.71398747e-02   6.32075472e-01   3.32544379e-01
    5.64847820e-02   3.28407898e-01]
 [  1.08627107e-01   1.66461080e-03   6.30500880e-02   4.25095280e-01
    2.17391304e-02   3.54906054e-02   9.24528302e-01   2.60355030e-02
    1.21926698e-01   4.60703219e-02]
 [  3.02731005e-01   2.94806841e-02   3.34293487e-01   7.40936187e-01
    1.52173913e-01   7.62004175e-02   0.00000000e+00   2.84023669e-01
    1.65670414e-01   2.96089529e-01]
 [  4.19178707e-01   7.64867322e-03   3.49895983e-01   6.90999707e-01
    3.04347826e-01   2.35908142e-01   5.66037736e-01   4.14201183e-01
    7.57883192e-02   2.49336304e-01]
 [  0.00000000e+00   0.00000000e+00   0.00000000e+00   0.00000000e+00
    0.00000000e+00   4.80167015e-02   6.03773585e-01   0.00000000e+00
    3.55945526e-01   0.00000000e+00]
 [  1.54960832e-01   7.40111572e-03   1.39782365e-01   4.01055409e-01
    8.69565217e-02   9.49895616e-02   5.84905660e-01   1.20710059e-01
    8.28443470e-02   1.54506731e-01]
 [  5.76464877e-02   6.87185485e-04   2.86445831e-02   4.97214893e-01
    3.26086957e-02   4.17536534e-03   8.58490566e-01   1.06508876e-02
    2.39319989e-01   7.95581620e-03]
 [  8.94517660e-02   8.40841866e-04   4.17666827e-02   7.18850777e-01
    2.17391304e-02   0.00000000e+00   6.41509434e-01   7.10059172e-03
    2.22557353e-01   2.33296627e-02]]
dual_coef: 
[[ -44.74130796  -97.92629137   84.14685229   60.16094812  -57.00862317
    -1.6172752    22.16320687   16.39779033 -129.17919753  972.46228701
     7.64260341   76.69495891  -22.28771935  -27.98555904  -25.17875289
  -195.53066549 -632.88580612   43.78172482 -566.93422618  -39.19259354
   127.62801019  882.95066918 -453.56103329]]
intercept: 
[-4.22437111]
predict:[ 0.14468441  0.28366236  0.60071389  0.1954422  -0.02008035  0.06428967
  0.27888396  0.2812656   0.13315277  1.05436995  0.96585831  0.73829474
  0.73029558  0.71607518  0.36092232  0.86309168  0.74030281  1.08379656
  0.75304833  0.44893189  0.13185685  0.69946503  0.91367264  0.60779795
  0.68681924  0.26523756  0.47815142  0.41025763  0.3624769   0.13490577
  0.12070077]
