r2: 0.578377881508
mse: 0.039276838891
SV: 
[[  3.20419033e-01   8.88612554e-02   5.20019428e-02   8.14770745e-02
    4.10600610e-01]
 [  1.46002247e-01   7.00824486e-02   8.06791976e-02  -5.38140376e-02
    3.95254667e-01]
 [  7.79525351e-01   6.70772002e-01   1.34519510e-01   5.16766709e-01
    6.60498644e-01]
 [  3.51030241e-01   4.11336547e-01  -5.02460072e-02   1.19433230e-01
    2.28386613e-01]
 [  2.45772734e-01   2.89736367e-01   1.95520817e-02   1.09562104e-01
    1.14063735e-01]
 [  3.26685206e-01   2.87486898e-01   1.30683715e-01   2.26094974e-01
    3.85941762e-01]
 [  1.22337789e-01   2.66820145e-01   4.82457703e-02   5.69381851e-02
    4.83150438e-02]
 [  7.76588122e-01   3.59499272e-01   1.02341246e+00   2.93701226e-01
    8.73440799e-01]
 [  4.02059110e-01   6.34072151e-01   1.76568199e-01   4.86844103e-01
    6.03643669e-01]
 [  3.63078997e-01   2.36464438e-01   3.09102006e-01   1.61625717e-01
    5.60627934e-01]
 [  1.73967757e-01   2.66934256e-01   2.45849288e-01   3.46169783e-01
    1.01063124e+00]
 [  3.55511470e-01   4.41261801e-01   2.67526418e-01   8.94559934e-01
    8.88483780e-01]
 [  2.51259095e-01   3.14646536e-01   2.59446104e-01   2.57154709e-01
    1.00271699e+00]
 [  5.54471814e-02  -2.94437086e-02   4.11452699e-02  -1.63315388e-02
    4.57608522e-01]
 [  5.61743268e-01   5.89478807e-01   1.95271522e-01   8.56601644e-01
    7.32879055e-01]
 [  2.01608452e-01   3.68943899e-01   1.14405088e-01   3.61657471e-01
    8.81049039e-01]
 [  2.65360014e-02   5.06558523e-03   1.38238916e-01  -5.60652243e-02
    5.86542685e-01]
 [  1.39410624e-01   3.08630669e-01  -4.08980124e-02   7.84648324e-02
    3.09285465e-01]
 [  2.37731778e-01   4.96927095e-02  -1.88412791e-02   4.89103334e-02
    6.52179036e-01]
 [  3.06841166e-03   3.45860026e-02   5.47813631e-02   3.80415127e-02
    7.25793398e-01]
 [  1.70702137e-01   4.84275047e-02   1.00628475e-02   1.35354327e-01
    3.26355122e-01]
 [  7.02521130e-01   4.95738213e-01   1.14049231e-01   5.80609126e-01
    6.50032248e-01]
 [  1.25271774e-01   2.16282775e-01  -3.67815356e-02   4.75651665e-02
    5.03512112e-02]
 [  2.92622619e-01   2.47190950e-01   8.16576674e-02   1.78014284e-01
    3.67180302e-01]
 [  7.91378332e-01   4.51277359e-01   6.10089092e-01   4.76063205e-01
    6.18924097e-01]
 [  2.33954501e-01   3.86968519e-01   3.62544562e-01   2.82711408e-01
    9.79642862e-01]
 [  1.98725558e-01   2.88977102e-01   2.85094174e-01   3.53380272e-01
    9.44375934e-01]
 [ -2.52416826e-04   1.22715118e-01   6.21249918e-02   3.31923251e-02
    3.47915474e-01]
 [  2.69281324e-01   2.76979565e-01   7.64671191e-02   2.46867051e-01
    6.70950120e-01]
 [ -5.01955564e-02  -3.60038156e-02   1.81729585e-02  -3.10950198e-02
    5.01561316e-01]
 [  2.35475366e-01   2.52762106e-01   8.16288801e-02   1.70170169e-01
    2.11506973e-01]
 [ -1.56453044e-02  -7.19711419e-02  -1.09760964e-02   2.43655536e-02
    8.39713644e-01]
 [  9.24235357e-02   6.46771386e-02  -8.24546136e-03  -3.60361615e-02
    7.07336308e-01]
 [  1.88161255e-01   1.46494670e-01   9.05500524e-02   5.83088907e-02
    3.28008810e-01]
 [  3.56529540e-01  -1.28116181e-02   5.76904623e-02   6.29325939e-02
    2.85008614e-01]
 [  2.37785348e-01   8.87418171e-02   2.01500332e-02   5.29088187e-02
    3.02405525e-01]
 [  3.12037774e-01   2.86619881e-01   6.70450957e-02   1.11217359e-01
    1.76281375e-01]
 [  2.04390973e-01   3.08311556e-01   1.63817704e-01   1.76514064e-01
    3.73619514e-01]
 [  2.78061833e-01   1.06152070e-01   1.01090887e-01   7.47369605e-03
    6.16466474e-01]
 [  7.51372026e-01   3.78352961e-01   9.81619078e-01   1.99602199e-01
    9.39786012e-01]
 [  2.74868040e-01   3.15927087e-01   3.24985392e-01   1.37990421e-01
    6.53920767e-01]
 [  2.45793323e-01   3.69715733e-01   1.89272201e-01   3.83325382e-01
    1.01938557e+00]
 [  9.87911969e-01   6.44299444e-01   5.21312497e-01   9.28525535e-01
    6.22182281e-01]
 [  9.06582757e-01   9.83434728e-01   5.53383434e-01   4.39691273e-01
    8.67516297e-01]
 [  1.91511420e-01   3.18526478e-01   3.72787069e-01   3.36374038e-01
    9.65439699e-01]
 [  8.81129815e-02   6.10425129e-02   5.24349049e-02  -2.71870392e-02
    4.63825557e-01]
 [  2.83214367e-01   2.36512110e-01   3.00632954e-01   3.67762983e-01
    7.01135004e-01]
 [  2.91770638e-01   5.51514618e-01   5.45276192e-02   2.45993999e-01
    2.98772154e-01]
 [  5.26616131e-02   3.11333994e-01  -4.78099542e-02   2.20276749e-02
    3.14061658e-01]
 [ -4.93189565e-02  -8.15802692e-03   3.27941711e-02   2.98193772e-02
    7.47051749e-01]
 [ -3.67368709e-02  -1.00371811e-02   1.11512406e-02   8.10648973e-02
    7.85020984e-01]]
dual_coef: 
[[-1000.          1000.          -207.34027664   946.95175328 -1000.         -1000.
    771.56099055  -209.00562984   407.8547273   1000.          1000.
   -418.99969678 -1000.         -1000.           518.06250473  -993.7662202
    287.47302922  1000.           651.90045444 -1000.          1000.
   -181.23103042 -1000.         -1000.           248.97827507  1000.         -1000.
   -605.95995344  1000.          1000.          1000.          1000.         -1000.
  -1000.            40.14949789  1000.           423.93926373 -1000.         -1000.
     80.78751211  1000.          1000.           -64.68897731
   -127.15733903 -1000.         -1000.           705.89148422
   -942.09812035   666.69775147  1000.         -1000.        ]]
intercept: 
[-1.55008234]
