predict: [ 0.1795615   0.23346466  0.77217708  0.3051119   0.11600071  0.42629654
  0.10227713  0.13095177  0.24615795  0.82887166  0.88353523  0.76903248
  0.60348876  0.80522418  0.58172537  0.76935277  0.68138518  0.83647648
  0.54934379  0.54106505  0.23982378  0.65568125  0.88150584  0.54788879
  0.64575768  0.19349262  0.49312413  0.29989575  0.32104816  0.32801955
  0.1912978 ]
predict_1.1: [ 0.20253219  0.25416057  0.81946182  0.34135522  0.13330905  0.46873539
  0.11083053  0.14438491  0.27064768  0.86802713  0.94131813  0.74818961
  0.65152313  0.8424797   0.58519613  0.67574513  0.74654917  0.84191646
  0.38400217  0.48075664  0.25795342  0.70575303  0.81235308  0.54247466
  0.68127762  0.20531246  0.54596176  0.33226215  0.33985023  0.35177542
  0.21534818]
predict_1.2: [ 0.22545947  0.27471288  0.85204762  0.37815382  0.15115135  0.51147723
  0.1198226   0.15846228  0.29447595  0.88815033  0.9843239   0.6978748
  0.69371018  0.86709399  0.56108658  0.53058865  0.8092027   0.82593938
  0.16058976  0.3907815   0.2756344   0.75136626  0.69734931  0.51994134
  0.70850009  0.21674487  0.5984821   0.36571898  0.35659576  0.37401803
  0.23967745]
predict_0.8: [ 0.13362829  0.19179772  0.64090406  0.23525812  0.08315071  0.34345153
  0.08653098  0.10615175  0.19553147  0.7020366   0.7308887   0.73286634
  0.49379458  0.69899637  0.50216581  0.81107147  0.54733052  0.76934128
  0.70868738  0.58029119  0.20248873  0.54545139  0.89184357  0.51407433
  0.55425832  0.16868956  0.38856932  0.23891346  0.27756246  0.2763786
  0.1444147 ]

true values: [ 0.63462109  0.35642601  0.63450218  0.43969882  0.05113687  0.2336543
  0.23962881  0.20104398  0.          0.91650208  1.          0.85766899
  0.6617303   0.99276774  0.61681411  0.97556683  0.72010374  0.91753731
  0.61662505  0.48673577  0.14619631  0.79308565  0.99833469  0.7116999
  0.7516807   0.42972151  0.70755719  0.57205149  0.6923624   0.13122858
  0.06118647]
