generation,train,validation,test,validmse,testmse
0,0.646474923256,0.590015293529,0.208020417449,0.0359602048325,0.0737780422434
1,0.648844511262,0.570299697299,0.208020417449,0.0377286300834,0.0737780422434
2,0.706136245573,0.623862814996,0.441463560662,0.0333187386794,0.0520312971746
3,0.663348529525,0.634645838519,0.227409571675,0.0323339260331,0.0719718165893
4,0.695639245182,0.661705430891,0.209744653948,0.0297229055985,0.0736174184141
5,0.696731637524,0.604319180522,0.209744653948,0.0355003348456,0.0736174184141
6,0.672523827103,0.637879159762,0.255422280656,0.0316998740492,0.0693622507973
7,0.665755122604,0.637593782491,0.255422280656,0.0318834906775,0.0693622507973
8,0.652914547406,0.585834673457,0.255422280656,0.036327211809,0.0693622507973
9,0.705975436085,0.677893415912,0.216212484011,0.0283516207616,0.0730148980334
10,0.661359124309,0.598138817088,0.216212484011,0.0354051341859,0.0730148980334
11,0.682467655341,0.657851091501,0.231949943699,0.0300687172133,0.0715488514442
12,0.692588974805,0.653078417843,0.231949943699,0.0304197680405,0.0715488514442
13,0.711033972829,0.699377354965,0.427159820601,0.0264992905031,0.0533637834681
14,0.704261099085,0.678220696872,0.427159820601,0.0282572179745,0.0533637834681
15,0.76483684653,0.731267027131,0.590639296737,0.023380943212,0.0381346084212
16,0.759384336661,0.723749285479,0.590639296737,0.0242027359211,0.0381346084212
17,0.767058843526,0.73744910945,0.595529819854,0.0228747909619,0.0376790244275
18,0.780260183699,0.741289462316,0.622921614434,0.0225734124252,0.035127300845
19,0.687612064348,0.607057080359,0.622921614434,0.0344224946153,0.035127300845
20,0.773729298955,0.741764937645,0.631367787299,0.0226604360024,0.0343404849824
21,0.803228167894,0.785738653549,0.647177551846,0.0186589429303,0.0328677027259
22,0.803228167894,0.785738653549,0.647177551846,0.0186589429303,0.0328677027259
23,0.646881089962,0.569109535363,0.647177551846,0.0377028057598,0.0328677027259
24,0.769401723368,0.724865357364,0.593905126842,0.0239389209232,0.0378303751344
25,0.743499559765,0.736652136148,0.566786755085,0.0231168743046,0.0403566276049
26,0.754271838315,0.731063098409,0.566786755085,0.0234956569414,0.0403566276049
27,0.722748693749,0.693923230275,0.566786755085,0.0268495563015,0.0403566276049
28,0.680228789296,0.620399132427,0.566786755085,0.0332533061759,0.0403566276049
29,0.757131532818,0.740260333481,0.564011416078,0.0229796717669,0.0406151684601
30,0.758327943628,0.750611330383,0.600806808244,0.022043535396,0.0371874386834
31,0.776728169976,0.769398724428,0.631180506097,0.0206396207172,0.0343579314428
32,0.761961657832,0.728014645585,0.631180506097,0.0239680878779,0.0343579314428
33,0.717833785292,0.659474475613,0.631180506097,0.0303070433452,0.0343579314428
34,0.77324516063,0.766711187631,0.64203870675,0.0205847682659,0.0333464195249
35,0.745651599402,0.702952499925,0.64203870675,0.0261959996595,0.0333464195249
36,0.769661241264,0.776850411801,0.652177428158,0.0196774086741,0.0324019317719
37,0.767026358947,0.754443146987,0.652177428158,0.0218406085,0.0324019317719
38,0.766765910828,0.759539719447,0.64516134571,0.0212740837536,0.0330555254234
39,0.774144326434,0.757558926797,0.64516134571,0.0213922026344,0.0330555254234
40,0.798339288241,0.78681366019,0.64716858363,0.0187490397997,0.0328685381735
41,0.711033092332,0.686553107641,0.64716858363,0.0275858871501,0.0328685381735
42,0.762153260195,0.756999030169,0.598489633595,0.0213978531503,0.0374032985527
43,0.759240604964,0.733192211837,0.598489633595,0.023562876604,0.0374032985527
44,0.649034343683,0.634376208614,0.598489633595,0.0322726545354,0.0374032985527
45,0.777068606566,0.765294882704,0.607495423535,0.0204803123636,0.0365643507247
46,0.773993067904,0.758995082253,0.607495423535,0.0211461630151,0.0365643507247
47,0.769019355773,0.769598035017,0.642736376565,0.0202470207375,0.03328142705
48,0.723655305854,0.717367121806,0.642736376565,0.0246955834787,0.03328142705
49,0.601154818534,0.576640031687,0.642736376565,0.037519623917,0.03328142705
50,0.769019355773,0.769598035017,0.642736376565,0.0202470207375,0.03328142705
51,0.78902868915,0.800016275718,0.634704452669,0.0177014085554,0.0340296529306
52,0.795373584406,0.791736812152,0.634704452669,0.0185687354173,0.0340296529306
53,0.742600064846,0.734212458997,0.634704452669,0.0232732013,0.0340296529306
54,0.742479179048,0.733990923725,0.634704452669,0.0233679767094,0.0340296529306
55,0.75037047151,0.72213378942,0.634704452669,0.0243848682753,0.0340296529306
56,0.781313637156,0.792728245516,0.5978549448,0.0183871472611,0.0374624239365
57,0.743300770247,0.724843862316,0.5978549448,0.0245407286212,0.0374624239365
58,0.751449482867,0.753858817875,0.611080099745,0.0217059854105,0.0362304148522
59,0.684718434765,0.681128966975,0.611080099745,0.0283521369766,0.0362304148522
60,0.788620799889,0.784668777583,0.466190021912,0.0189377714176,0.0497278667039
61,0.728308849698,0.77007086605,0.466190021912,0.0200517188279,0.0497278667039
62,0.742496378899,0.707456750055,0.466190021912,0.0255515981929,0.0497278667039
63,0.787968728907,0.790726167672,0.67207732576,0.0183780733068,0.0305481270549
64,0.77902631301,0.749855067609,0.67207732576,0.0221220988067,0.0305481270549
65,0.725652686326,0.735096021782,0.67207732576,0.0231855028463,0.0305481270549
66,0.76841442819,0.760684151107,0.588776520526,0.0211156058214,0.0383081381244
67,0.748952777772,0.717703827565,0.588776520526,0.0247361412866,0.0383081381244
68,0.707859650691,0.698620111248,0.588776520526,0.0264760497533,0.0383081381244
69,0.693399637247,0.633541658722,0.588776520526,0.0321063134706,0.0383081381244
70,0.7668026169,0.73139083562,0.597707755514,0.0236941592214,0.0374761355745
71,0.765334612748,0.741967311134,0.595588000819,0.0228288195656,0.0376736044927
72,0.775813193692,0.747626704029,0.570484532797,0.0222498818962,0.040012155593
73,0.666849342827,0.619878734135,0.570484532797,0.0333481979044,0.040012155593
74,0.785852528239,0.751769935479,0.581902476221,0.0218828693567,0.0389485000003
75,0.779453660555,0.749532309784,0.581902476221,0.0222331753198,0.0389485000003
76,0.667625186826,0.62336706924,0.581902476221,0.0330428157023,0.0389485000003
77,0.767814254258,0.738647915142,0.561911318567,0.0229999898317,0.040810806184
78,0.750924468823,0.695430372083,0.561911318567,0.0267318227324,0.040810806184
79,0.7549204111,0.70498699654,0.566878505544,0.025823380331,0.0403480804538
80,0.725055688425,0.703421596688,0.566878505544,0.0258202827836,0.0403480804538
81,0.735533980009,0.71282788211,0.595713281089,0.0251987845086,0.0376619338218
82,0.753342491175,0.735170550279,0.600213756503,0.0233123120541,0.0372426853052
83,0.753342491175,0.735170550279,0.600213756503,0.0233123120541,0.0372426853052
84,0.586093971751,0.58646588411,0.600213756503,0.0365593075528,0.0372426853052
85,0.750507403538,0.723191034703,0.590096250916,0.0243920914563,0.0381851966666
86,0.73067751751,0.722818451416,0.590096250916,0.0243952857275,0.0381851966666
87,0.720992608932,0.683746203589,0.590096250916,0.0277584390901,0.0381851966666
88,0.732622339241,0.711868928917,0.585876957067,0.0252500319619,0.0385782512942
89,0.658339690004,0.659570486761,0.585876957067,0.029950797549,0.0385782512942
90,0.655522520865,0.632060719362,0.585876957067,0.0322092705354,0.0385782512942
91,0.758167255466,0.778463148338,0.58784407063,0.0195085674976,0.0383950018887
92,0.800382299005,0.776672947778,0.58784407063,0.0193706725321,0.0383950018887
93,0.75122548878,0.759586075308,0.58784407063,0.0212506638923,0.0383950018887
94,0.731449939972,0.713014522708,0.58784407063,0.0253310861468,0.0383950018887
95,0.7499764255,0.758354236917,0.608287270781,0.0213200403519,0.0364905850104
96,0.766134170153,0.751369112161,0.608287270781,0.021852873485,0.0364905850104
97,0.749127338136,0.712850228675,0.608287270781,0.0254611499934,0.0364905850104
98,0.762788585261,0.749148420467,0.565458930506,0.0220688631967,0.0404803230891
99,0.759170772643,0.744989552481,0.565458930506,0.0225928172458,0.0404803230891
100,0.767034893351,0.735158357795,0.565458930506,0.0233264773803,0.0404803230891
101,0.750371318015,0.72482930854,0.565458930506,0.0241790927223,0.0404803230891
102,0.753358818372,0.73928698352,0.612061529954,0.0227443684308,0.0361389882536
103,0.725503542857,0.699591228288,0.612061529954,0.0262553098058,0.0361389882536
104,0.756441983232,0.754824887631,0.646714008615,0.0213492282685,0.0329108847888
105,0.697529281484,0.677444496121,0.646714008615,0.0282627552531,0.0329108847888
106,0.65751590345,0.650465180002,0.646714008615,0.0303604049621,0.0329108847888
107,0.679477204218,0.667501144091,0.545555963213,0.028684587707,0.0423344137678
108,0.663918888399,0.649882109659,0.545555963213,0.0303326333211,0.0423344137678
109,0.62452972463,0.572751080368,0.545555963213,0.0374320142702,0.0423344137678
110,0.695528212509,0.639655007328,0.608231766169,0.0315882067828,0.0364957556256
111,0.64892758267,0.569341316554,0.608231766169,0.0378034995676,0.0364957556256
112,0.687863906281,0.634734256392,0.538159729493,0.0320817218819,0.0430234209794
113,0.646598918704,0.60848178143,0.538159729493,0.0344301506329,0.0430234209794
114,0.67505238929,0.597439163258,0.538159729493,0.0355674977129,0.0430234209794
115,0.61126175212,0.504945914037,0.538159729493,0.0434933767491,0.0430234209794
116,0.643011314981,0.553277634317,0.524759397056,0.0392475712083,0.0442717489848
117,0.65725699064,0.589087094006,0.515065761609,0.0361622491929,0.0451747740895
118,0.699434859314,0.656953639632,0.53138879925,0.0300408675346,0.0436541771106
119,0.7095803779,0.66238295757,0.500355472704,0.0296721457318,0.0465451330485
120,0.680642748407,0.611884683452,0.500355472704,0.0338739540762,0.0465451330485
121,0.7095803779,0.66238295757,0.500355472704,0.0296721457318,0.0465451330485
122,0.724227104339,0.675498342363,0.556989655027,0.0283466341588,0.0412692911102
123,0.678738039065,0.598269499529,0.556989655027,0.0351155551362,0.0412692911102
124,0.663223938736,0.586950366868,0.556989655027,0.0362338245909,0.0412692911102
125,0.73169144819,0.676366766865,0.559671600474,0.028515708404,0.0410194504719
126,0.801111710627,0.767729216499,0.599345082961,0.0204297140501,0.0373236078878
127,0.763748166562,0.744199342279,0.599345082961,0.0222098027667,0.0373236078878
128,0.796920427389,0.754114747165,0.664096129169,0.0214762810839,0.0312916273574
129,0.78939116704,0.758832870958,0.601523070672,0.0210340429151,0.0371207141859
130,0.785524676918,0.762608824953,0.60604463843,0.0207753598067,0.0366995007804
131,0.791746952087,0.773278952305,0.585703265778,0.0197074165718,0.0385944317658
132,0.779273439519,0.735944083033,0.585703265778,0.0229032476209,0.0385944317658
133,0.713659581952,0.660880938776,0.585703265778,0.0297516233847,0.0385944317658
134,0.762184998125,0.742568736569,0.599706514018,0.022620759605,0.0372899382373
135,0.763777110424,0.732964623666,0.599706514018,0.0234985561988,0.0372899382373
136,0.763813233584,0.750412664085,0.621257645639,0.0219264081279,0.0352823103462
137,0.750851684961,0.747044021458,0.621257645639,0.0222146884933,0.0352823103462
138,0.766758725658,0.757121873356,0.628985818403,0.0211464876511,0.0345623808566
139,0.531055656173,0.460692214569,0.628985818403,0.0467467596846,0.0345623808566
140,0.744363405518,0.716733462261,0.602484713649,0.0249578643308,0.0370311308965
141,0.743841136292,0.724285254009,0.593436022996,0.0242810669319,0.0378740752046
142,0.734659947475,0.715079860097,0.593436022996,0.025227310897,0.0378740752046
143,0.598656168859,0.581243390035,0.593436022996,0.0369844349079,0.0378740752046
144,0.662904206277,0.576211795269,0.593436022996,0.0376585059948,0.0378740752046
145,0.779659789117,0.754994998584,0.601028681827,0.0217334155536,0.037166769718
146,0.764291203224,0.761644916816,0.60781076257,0.0210813645906,0.0365349748453
147,0.69334575298,0.669564892957,0.60781076257,0.0291147620842,0.0365349748453
148,0.802977216263,0.782704383307,0.640244196069,0.0189932006525,0.0335135898507
149,0.783063100124,0.740729904583,0.640244196069,0.0226376896348,0.0335135898507
150,0.774745816542,0.752762904457,0.591565417193,0.0217954696473,0.0380483342852
151,0.742543655005,0.704287163334,0.591565417193,0.0259989288311,0.0380483342852
152,0.776743341726,0.750068356867,0.604430278956,0.0220579217007,0.0368498888512
153,0.813422092184,0.800565751274,0.662777716224,0.0174054370208,0.0314144460867
154,0.688109222896,0.680720480629,0.662777716224,0.0280829054459,0.0314144460867
155,0.806829808375,0.7958601779,0.660847382438,0.0178808579041,0.0315942692169
156,0.718010090168,0.653857445335,0.660847382438,0.0304373674676,0.0315942692169
157,0.805580351805,0.790320036677,0.633658046367,0.0183219760679,0.0341271324743
158,0.778269606846,0.778405950099,0.633658046367,0.0194735360021,0.0341271324743
159,0.793191836166,0.783446853694,0.61140267666,0.0188859610331,0.0362003647174
160,0.777391279895,0.763605800227,0.61140267666,0.0206965027514,0.0362003647174
161,0.745491695709,0.739420506715,0.61140267666,0.0227040059086,0.0362003647174
162,0.750021402028,0.723019559294,0.61140267666,0.0243199949027,0.0362003647174
163,0.774346084351,0.751618982254,0.585557736722,0.0215695576668,0.0386079887427
164,0.766917514851,0.749535901181,0.585557736722,0.0218840965525,0.0386079887427
165,0.771959952386,0.753691171643,0.601177270676,0.0215853434619,0.0371529277016
166,0.711685943781,0.699364888256,0.601177270676,0.0263665238171,0.0371529277016
167,0.768393694122,0.743705497006,0.645889798021,0.022602531276,0.0329876653591
168,0.649358043308,0.58783305074,0.645889798021,0.0359807039137,0.0329876653591
169,0.635058055945,0.602782383247,0.480041445105,0.0349662321075,0.0484375166646
170,0.703424327765,0.689544611909,0.526749205814,0.0272287271605,0.0440863853747
171,0.642814384542,0.602145432305,0.526749205814,0.0351632556466,0.0440863853747
172,0.676288488379,0.648522771932,0.484260511997,0.0310549432401,0.0480444831796
173,0.600342990566,0.584055143169,0.484260511997,0.0368030403529,0.0480444831796
174,0.615864598513,0.57759701238,0.484260511997,0.0370592553782,0.0480444831796
175,0.683195567336,0.660740676864,0.526310025626,0.0298359110157,0.0441272978618
176,0.68325246846,0.665516192471,0.521812048566,0.0294531036808,0.0445463136405
177,0.621880668729,0.618609438574,0.521812048566,0.0335619800134,0.0445463136405
178,0.618868922981,0.594122061492,0.521812048566,0.0355496117072,0.0445463136405
179,0.616886142758,0.621065312493,0.233370027159,0.0335057644036,0.0714165614461
180,0.615312357982,0.59277314691,0.233370027159,0.0361174930511,0.0714165614461
181,0.769029931368,0.762972915745,0.587962205815,0.0208275645525,0.0383839968289
182,0.68325246846,0.665516192471,0.587962205815,0.0294531036808,0.0383839968289
183,0.616886142758,0.621065312493,0.587962205815,0.0335057644036,0.0383839968289
184,0.754067623437,0.737514495361,0.556307941925,0.0233392299174,0.0413327971136
185,0.770199668873,0.753195098858,0.569450705573,0.0216651949058,0.0401084633139
186,0.77595954053,0.756887892762,0.606314461474,0.0214123300744,0.0366743650113
187,0.629645226489,0.608120294595,0.606314461474,0.0349053208894,0.0366743650113
188,0.758822168731,0.744074460755,0.627493122927,0.0223888764595,0.0347014351356
189,0.807247776407,0.805044199034,0.664101311484,0.0172874945183,0.0312911445912
190,0.733484363494,0.712557656222,0.664101311484,0.025469708095,0.0312911445912
191,0.760788938944,0.745181010321,0.646460975618,0.0223697070617,0.032934456456
192,0.652622069593,0.572605193108,0.646460975618,0.0375342103305,0.032934456456
193,0.692032982011,0.669110424487,0.452636121342,0.0292250756803,0.0509905005784
194,0.653971278012,0.626025015972,0.452636121342,0.0331726555232,0.0509905005784
195,0.605173523401,0.561035183914,0.452636121342,0.0385003459933,0.0509905005784
196,0.47314441171,0.46260314594,0.452636121342,0.0471585380751,0.0509905005784
197,0.665003377977,0.609605554405,0.265820570988,0.0342176206884,0.068393582513
198,0.666757564024,0.593847906654,0.265820570988,0.0355869060769,0.068393582513
199,0.639479916099,0.595488767643,0.454190231048,0.0354995217649,0.0508457251649
200,0.603705524948,0.551645357883,0.454190231048,0.0394814906017,0.0508457251649
201,0.52634776755,0.48586115301,0.454190231048,0.0451021377025,0.0508457251649
202,0.643883543024,0.568121864944,0.443277380632,0.0378400819523,0.0518623280632
203,0.648436108456,0.554814218569,0.443277380632,0.0391254327922,0.0518623280632
204,0.753074575976,0.726778262261,0.596722167133,0.0238243161997,0.0375679495338
205,0.60982146778,0.556429286215,0.596722167133,0.0397269162211,0.0375679495338
206,0.761801433926,0.750059894034,0.572670562062,0.0220021920388,0.039808512768
207,0.760447218059,0.736014071064,0.572670562062,0.0233797959594,0.039808512768
208,0.744070187359,0.704521650629,0.572670562062,0.0261038230074,0.039808512768
209,0.673491715175,0.634592990371,0.572670562062,0.0322451900982,0.039808512768
210,0.687783627335,0.644100901584,0.392142074209,0.0313566876042,0.0566259139945
211,0.697652040962,0.644833001442,0.475187268343,0.031370655458,0.0488897147592
212,0.660517739753,0.604637515253,0.475187268343,0.0347119895235,0.0488897147592
213,0.635279203232,0.592906518325,0.475187268343,0.0357664978065,0.0488897147592
214,0.687392852406,0.637860607171,0.438927622348,0.0316545828909,0.0522675363002
215,0.525856955574,0.506381451887,0.438927622348,0.043077309699,0.0522675363002
216,0.662414936257,0.658023507876,0.245993121094,0.0298388040225,0.0702406382556
217,0.671805087976,0.657839683675,0.245993121094,0.0298698016773,0.0702406382556
218,0.670868398562,0.672476415633,0.15815598969,0.0285440785888,0.0784232375725
219,0.69009834805,0.655692344015,0.15815598969,0.0300488853941,0.0784232375725
220,0.601695532531,0.593938276904,0.15815598969,0.0357706140318,0.0784232375725
221,0.669900187341,0.678306809188,0.275999171711,0.0280872665106,0.0674453797428
222,0.691515997276,0.687095560383,0.533738553949,0.0272446640305,0.0434352821981
223,0.641993362147,0.599280998003,0.533738553949,0.0349044925068,0.0434352821981
224,0.60223911646,0.542030911048,0.533738553949,0.0405456410567,0.0434352821981
225,0.628292888423,0.57874876896,0.4504494116,0.0372943847165,0.0511942067942
226,0.673566635633,0.649830828027,0.450478876967,0.0308404383631,0.0511914619038
227,0.777368163802,0.774623746598,0.583378091136,0.0197041118109,0.0388110368865
228,0.777368163802,0.774623746598,0.583378091136,0.0197041118109,0.0388110368865
229,0.659225679373,0.627357496201,0.583378091136,0.0328866203031,0.0388110368865
230,0.777368163802,0.774623746598,0.583378091136,0.0197041118109,0.0388110368865
231,0.662319306309,0.629932910272,0.583378091136,0.0325095873392,0.0388110368865
232,0.7859508894,0.786746988379,0.582342028055,0.0185770669611,0.038907552892
233,0.781107906395,0.776698124733,0.582342028055,0.019521877007,0.038907552892
234,0.76232727998,0.735372164982,0.582342028055,0.0232540969015,0.038907552892
235,0.74871206738,0.726368172679,0.582342028055,0.0240712650566,0.038907552892
236,0.761563983914,0.715490708545,0.582342028055,0.0250854647316,0.038907552892
237,0.765130850091,0.766248527315,0.631024540466,0.0204334373859,0.0343724606544
238,0.723493920221,0.702192472439,0.631024540466,0.0263024017315,0.0343724606544
239,0.756725392228,0.747688298206,0.610571968365,0.0219865677919,0.0362777505907
240,0.748619603665,0.738787049711,0.610571968365,0.022751703601,0.0362777505907
241,0.735641198807,0.724817207788,0.610571968365,0.023943076692,0.0362777505907
242,0.68902454292,0.680658887884,0.610571968365,0.0281518478149,0.0362777505907
243,0.685610569699,0.650081709522,0.610571968365,0.0307225406304,0.0362777505907
244,0.775496564425,0.745359511259,0.627528566711,0.022072067968,0.0346981333169
245,0.743152099492,0.7171623237,0.627528566711,0.0244682136211,0.0346981333169
246,0.746852587917,0.706107442097,0.627528566711,0.0256373869898,0.0346981333169
247,0.787732278713,0.734859677406,0.608247296641,0.0229193626301,0.0364943088612
248,0.795814718044,0.765740861367,0.615955427493,0.0204527662821,0.0357762464059
249,0.768105560507,0.739897602192,0.615955427493,0.0229362833509,0.0357762464059
250,0.784830315429,0.75774629214,0.609868348433,0.0211150796012,0.0363432973576
251,0.782520969907,0.772003946292,0.624322946578,0.0200434260626,0.0349967576537
252,0.77491963444,0.745514728519,0.624322946578,0.0223476422627,0.0349967576537
253,0.782520969907,0.772003946292,0.624322946578,0.0200434260626,0.0349967576537
254,0.782861235015,0.782505665821,0.640118150063,0.0191499925723,0.0335253318548
255,0.655721926037,0.643624307377,0.640118150063,0.0311588382155,0.0335253318548
256,0.751174419498,0.737700780512,0.594340888518,0.0232996407823,0.0377897811039
257,0.752526128221,0.735559261131,0.594340888518,0.0233347370861,0.0377897811039
258,0.658900787286,0.624162866762,0.594340888518,0.0330397883637,0.0377897811039
259,0.728998596435,0.734888637478,0.594543170473,0.0233726633722,0.0377709372259
260,0.749062344406,0.727458943043,0.594543170473,0.0241476573207,0.0377709372259
261,0.760894271096,0.748922629033,0.552439415574,0.022202589537,0.0416931754704
262,0.774410592156,0.772390202013,0.569785976186,0.0200169962462,0.0400772306786
263,0.787580131791,0.789871325944,0.637368002875,0.0184003038875,0.0337815259284
264,0.776342026204,0.771691266809,0.637368002875,0.020101474684,0.0337815259284
265,0.769525129542,0.768798932762,0.637368002875,0.0200929134015,0.0337815259284
266,0.707116393345,0.704246918347,0.637368002875,0.026152389516,0.0337815259284
267,0.650555276384,0.616398954234,0.637368002875,0.0336937011764,0.0337815259284
268,0.792442635899,0.775836537565,0.632752463875,0.01954560477,0.0342114933654
269,0.760698261751,0.750090379141,0.632752463875,0.0218688777647,0.0342114933654
270,0.788354615533,0.755280800493,0.621122262424,0.0213534759016,0.035294922172
271,0.784326471846,0.731711602138,0.621122262424,0.0234772352845,0.035294922172
272,0.663985884621,0.602036696146,0.621122262424,0.0351137375647,0.035294922172
273,0.771921303071,0.750058471106,0.571293788634,0.0219466676555,0.0399367681554
274,0.764968139219,0.733768256782,0.571293788634,0.0234155835435,0.0399367681554
275,0.780525917437,0.770918752461,0.587919916351,0.0203796150868,0.0383879363672
276,0.713025908592,0.710019574725,0.587919916351,0.0256958060523,0.0383879363672
277,0.754819204713,0.746947091058,0.560090742684,0.0223497319487,0.0409804046526
278,0.639481647126,0.619466805433,0.560090742684,0.0337645499953,0.0409804046526
279,0.697806505968,0.666540533813,0.613992441501,0.0291136537567,0.0359591113012
280,0.666831750238,0.614183377795,0.613992441501,0.0337057206295,0.0359591113012
281,0.77148523768,0.724249281849,0.501815827097,0.02421627206,0.0464090915513
282,0.659657433121,0.618679584807,0.501815827097,0.0337411996635,0.0464090915513
283,0.766224366291,0.729429006864,0.506824528419,0.0238352447409,0.0459424984903
284,0.761137329729,0.719098015049,0.506824528419,0.0248576555768,0.0459424984903
285,0.745950028453,0.719046128352,0.506824528419,0.0247513599141,0.0459424984903
286,0.728474822756,0.673563340257,0.506824528419,0.0286841185681,0.0459424984903
287,0.722425031866,0.675239726077,0.614448765443,0.0288043258019,0.035916601762
288,0.75503571797,0.716112756458,0.600449882447,0.0251378618755,0.0372206886397
289,0.701391269369,0.69949460072,0.600449882447,0.0260912582532,0.0372206886397
290,0.743680878601,0.707800109883,0.59952882228,0.0258258954087,0.0373064913769
291,0.728067858295,0.728056266423,0.635828420224,0.0238967422384,0.0339249480523
292,0.728067858295,0.728056266423,0.635828420224,0.0238967422384,0.0339249480523
293,0.753225332914,0.751835307364,0.66835555,0.0219333964999,0.0308948346409
294,0.753484100885,0.763661720424,0.611657642267,0.0207935447348,0.036176613015
295,0.725473698815,0.723388453717,0.611657642267,0.0244683561962,0.036176613015
296,0.753678001388,0.761627781167,0.650503665184,0.0209880476074,0.0325578536645
297,0.734422350444,0.741228452108,0.650503665184,0.0228164404586,0.0325578536645
298,0.755137023991,0.764883799711,0.649151207634,0.020632020533,0.0326838438699
299,0.754430749846,0.747064181354,0.649151207634,0.0224804826909,0.0326838438699
300,0.717981957217,0.703720204315,0.649151207634,0.0259059498132,0.0326838438699
301,0.753678001388,0.761627781167,0.650503665184,0.0209880476074,0.0325578536645
302,0.561855373637,0.538858318995,0.650503665184,0.0406374118397,0.0325578536645
303,0.7583750969,0.722578211268,0.626111665104,0.0244556332466,0.0348301269048
304,0.651584300303,0.618137870995,0.626111665104,0.0335961814184,0.0348301269048
305,0.765669892321,0.722061842711,0.584883128149,0.0246343804153,0.0386708329131
306,0.777495681752,0.742480256185,0.576978964513,0.0226174900457,0.0394071570954
307,0.764406730175,0.740789833085,0.576978964513,0.0227988043448,0.0394071570954
308,0.769585864216,0.724265960995,0.576978964513,0.0241970936711,0.0394071570954
309,0.763279817987,0.748234112907,0.555852329909,0.0220426267777,0.0413752403322
310,0.726157081183,0.711214100283,0.555852329909,0.0253207655546,0.0413752403322
311,0.760573102987,0.726030511223,0.585180800044,0.023725368033,0.0386431028425
312,0.783211851161,0.767190024631,0.550448551886,0.0204670132991,0.0418786373541
313,0.644135375986,0.551804406855,0.550448551886,0.0396151668801,0.0418786373541
314,0.764053800572,0.739396486195,0.603334856414,0.022689916176,0.036951934576
315,0.540568601276,0.495998156669,0.603334856414,0.0437222357761,0.036951934576
316,0.776998417852,0.755612347761,0.600347833262,0.0212200127405,0.0372301951841
317,0.650742982401,0.547895880885,0.600347833262,0.0395884468163,0.0372301951841
318,0.665989816242,0.618298181739,0.492721223843,0.0333432747115,0.0472563129164
319,0.664701796297,0.623687831255,0.517600956805,0.0328251014,0.0449386041903
320,0.664701796297,0.623687831255,0.517600956805,0.0328251014,0.0449386041903
321,0.627491002054,0.590177349717,0.517600956805,0.0359394745128,0.0449386041903
322,0.628886871228,0.566946443,0.517600956805,0.0380357550061,0.0449386041903
323,0.653148858917,0.619930033145,0.499389984574,0.0331168173686,0.0466350745389
324,0.619137202893,0.587904875436,0.499389984574,0.0362067750645,0.0466350745389
325,0.606366179359,0.576926039566,0.499389984574,0.0372587915151,0.0466350745389
326,0.665989816242,0.618298181739,0.492721223843,0.0333432747115,0.0472563129164
327,0.705257023441,0.675861960558,0.564894545727,0.0281065924809,0.0405328991971
328,0.650652573812,0.613919883608,0.564894545727,0.0339117892992,0.0405328991971
329,0.621274703827,0.573336294972,0.564894545727,0.0376561909214,0.0405328991971
330,0.695486005677,0.6419426047,0.567287798113,0.031101554227,0.0403099521924
331,0.719571341871,0.687290597725,0.585607683748,0.0271086474676,0.0386033358528
332,0.679123018199,0.645612674444,0.585607683748,0.0308552386177,0.0386033358528
333,0.685580161973,0.637524197631,0.585607683748,0.0315002427126,0.0386033358528
334,0.680247843311,0.642350743527,0.582158468665,0.0312336397962,0.0389246526414
335,0.701126602883,0.653157007267,0.582390181254,0.0303629284235,0.0389030671087
336,0.65530164024,0.624244323216,0.582390181254,0.0329348164832,0.0389030671087
337,0.679148372607,0.660754338834,0.537637679099,0.0294400278664,0.0430720533644
338,0.661804314242,0.644037435765,0.537637679099,0.0309298629846,0.0430720533644
339,0.6125838092,0.534083628349,0.537637679099,0.0408976150112,0.0430720533644
340,0.666406720127,0.624156217838,0.510968718101,0.032548530993,0.0455564403038
341,0.671315566483,0.615906956165,0.510968718101,0.0335304077345,0.0455564403038
342,0.671554649114,0.615428741612,0.510968718101,0.0337704990283,0.0455564403038
343,0.698303009296,0.631254660044,0.501481997378,0.0322789990067,0.046440189958
344,0.682550841925,0.645055177287,0.479903545839,0.03091470889,0.048450362877
345,0.690222124657,0.654288191191,0.49871277588,0.0303185379643,0.0466981609274
346,0.694875391897,0.672364764634,0.44986510177,0.0286778594461,0.0512486390501
347,0.699991722594,0.667949023587,0.44986510177,0.0292648633569,0.0512486390501
348,0.726931657549,0.726431334151,0.533441932557,0.0240104257307,0.0434629144073
349,0.674072236417,0.657864062653,0.533441932557,0.0298846991771,0.0434629144073
350,0.729905082487,0.718570079672,0.506811054618,0.0247039057473,0.0459437536624
351,0.67441802888,0.68176592576,0.506811054618,0.0279008165137,0.0459437536624
352,0.693325819374,0.639248918205,0.506811054618,0.0318721940822,0.0459437536624
353,0.666936497247,0.663302725683,0.437827479558,0.0294458344214,0.0523700217468
354,0.708785398294,0.711801059452,0.494188126087,0.025339666526,0.0471196614445
355,0.72265131427,0.705357595151,0.494188126087,0.0259130742523,0.0471196614445
356,0.688582801906,0.662973809319,0.494188126087,0.0296067102325,0.0471196614445
357,0.712073994045,0.692827626856,0.547561463076,0.0267115909359,0.0421475884292
358,0.711270057468,0.673684108109,0.547561463076,0.0283429285512,0.0421475884292
359,0.669405468511,0.644497047511,0.547561463076,0.0309779653871,0.0421475884292
360,0.649106754543,0.629735692543,0.547561463076,0.0321532771049,0.0421475884292
361,0.699156656687,0.652466166093,-0.270608965982,0.0305928339063,0.118365478142
362,0.751936164106,0.74245229393,0.587576570204,0.0227255099313,0.038419921291
363,0.660371262326,0.637852776435,0.587576570204,0.0319152918849,0.038419921291
364,0.739054916883,0.722260568457,0.560522348638,0.0244763452613,0.0409401977545
365,0.752209815482,0.722030348295,0.560522348638,0.0245153699453,0.0409401977545
366,0.617309124154,0.556562052804,0.560522348638,0.0390399403122,0.0409401977545
367,0.767467733818,0.748118518398,0.64439764369,0.0222603347775,0.033126669227
368,0.742188318871,0.722063873321,0.64439764369,0.024435600938,0.033126669227
369,0.7492439515,0.72226522544,0.619724821394,0.0244183261155,0.0354251028807
370,0.636225924199,0.58798432463,0.619724821394,0.036353496251,0.0354251028807
371,0.753831835339,0.737021592104,0.616867141773,0.0232323601747,0.0356913142988
372,0.729289951259,0.726240152642,0.616867141773,0.0240476433252,0.0356913142988
373,0.772180827456,0.757735750732,0.611161937869,0.0214157302182,0.0362227910994
374,0.749883947887,0.735698531664,0.611161937869,0.0234234105913,0.0362227910994
375,0.746018984599,0.73438480396,0.611161937869,0.0235016800615,0.0362227910994
376,0.618641039057,0.538263197931,0.611161937869,0.040865642737,0.0362227910994
377,0.756945453042,0.715729187361,0.605916184618,0.0252350394643,0.0367114670874
378,0.747122703907,0.720678898436,0.636268598444,0.0246471285887,0.0338839425921
379,0.724342667239,0.695843312508,0.636268598444,0.0267624429476,0.0338839425921
380,0.532819549847,0.463694275223,0.636268598444,0.047327982195,0.0338839425921
381,0.769973117857,0.750501342827,0.622410679332,0.0218264497316,0.0351748977684
382,0.749352668735,0.744360354778,0.622410679332,0.0224617933368,0.0351748977684
383,0.774738747127,0.754449535586,0.627645093564,0.0214652808397,0.0346872780837
384,0.774176043286,0.761362199421,0.516256693872,0.0207517525773,0.0450638310138
385,0.7698460879,0.761372770283,0.481428206829,0.0208879255898,0.0483083308026
386,0.724223195772,0.713481605227,0.481428206829,0.0253153947783,0.0483083308026
387,0.759139688612,0.733313218332,0.587177746369,0.0233518575975,0.0384570743217
388,0.659240986203,0.621265079466,0.587177746369,0.0334656891915,0.0384570743217
389,0.742481911369,0.721241618503,0.623373071253,0.0244194175817,0.03508524471
390,0.746056176018,0.730494453566,0.612501501404,0.0237131858787,0.0360980020553
391,0.750888761847,0.735679397032,0.615288347736,0.0233873953788,0.0358383892181
392,0.735668474224,0.738342337311,0.601102627501,0.0230743812437,0.0371598811982
393,0.707295659026,0.71202210714,0.601102627501,0.0253241922442,0.0371598811982
394,0.555553327567,0.445340996788,0.601102627501,0.0488261542356,0.0371598811982
395,0.67141881404,0.626195340266,0.330822154476,0.0330174543602,0.0623382628077
396,0.688462910016,0.628664171079,0.388660640883,0.0330026226476,0.0569502321217
397,0.64955016464,0.58840993284,0.388660640883,0.0366283057597,0.0569502321217
398,0.707996219358,0.646609365604,0.556683365749,0.0310161245777,0.041297823946
399,0.638119532642,0.595744332399,0.556683365749,0.0354885557302,0.041297823946
400,0.720560458409,0.665502431404,0.538465565198,0.0293534004923,0.042994930397
401,0.668364601878,0.633259222238,0.538465565198,0.032046794391,0.042994930397
402,0.657137508617,0.609748515174,0.538465565198,0.0341514933363,0.042994930397
403,0.680523993858,0.650148349743,0.454594812743,0.0305471724121,0.0508080357521
404,0.672821029099,0.642172609018,0.454594812743,0.0313373417187,0.0508080357521
405,0.703876605623,0.650458325351,0.520087620789,0.0305953799608,0.0447069552885
406,0.67408734401,0.631915084686,0.520087620789,0.0320506955556,0.0447069552885
407,0.696579681233,0.640679688377,0.501962706579,0.0314266269046,0.0463954087736
408,0.67916600008,0.630496803978,0.501962706579,0.0324439039319,0.0463954087736
409,0.66941508242,0.630176136594,0.501962706579,0.0326524012745,0.0463954087736
410,0.683062976205,0.585352191863,0.501962706579,0.0362560914957,0.0463954087736
411,0.694526944806,0.674832478382,0.503060277338,0.0284494158173,0.0462931629284
412,0.675870456136,0.671554447762,0.503060277338,0.0286399405289,0.0462931629284
413,0.700098217921,0.675646473777,0.45952820611,0.0284204576913,0.0503484581162
414,0.655679924033,0.6227025399,0.45952820611,0.0330030223502,0.0503484581162
415,0.646259027987,0.648215499914,0.311509677359,0.0309908446445,0.0641373454911
416,0.644155344106,0.636357191704,0.311509677359,0.0320826632218,0.0641373454911
417,0.57851003946,0.54686746206,0.311509677359,0.0401606790602,0.0641373454911
418,0.667945013427,0.624859189721,0.479656075736,0.0331501290751,0.0484734163244
419,0.680651913592,0.643792194738,0.515289067357,0.0314990563126,0.0451539717087
420,0.73672071568,0.697977426072,0.617450915486,0.0267311726631,0.0356369319858
421,0.759999028424,0.736374963259,0.622719497773,0.0232400076635,0.0351461293248
422,0.742145737448,0.714517571676,0.622719497773,0.025081419402,0.0351461293248
423,0.75133912587,0.744030756999,0.659232391138,0.0223711858473,0.0317447161463
424,0.739129736462,0.689380521229,0.659232391138,0.0273491469548,0.0317447161463
425,0.727081930632,0.686825621216,0.659232391138,0.0272546997601,0.0317447161463
426,0.735737872429,0.719643763989,0.636820119087,0.0243900338746,0.0338325648619
427,0.760427076037,0.741142477334,0.58795106156,0.0228924057432,0.0383850349887
428,0.782543978337,0.73944889156,0.58795106156,0.0229255595091,0.0383850349887
429,0.718526604178,0.710307176524,0.58795106156,0.0254301139222,0.0383850349887
430,0.766565076806,0.717863847033,0.599707640084,0.0249620912006,0.0372898333369
431,0.754917392078,0.735799230032,0.600197897452,0.0234005739318,0.0372441626788
432,0.758072380515,0.749643827617,0.621077919102,0.0221464569749,0.0352990530405
433,0.764793211852,0.74469838198,0.621077919102,0.0224585462927,0.0352990530405
434,0.535807392726,0.440870377266,0.621077919102,0.0491126026957,0.0352990530405
435,0.756172967631,0.746009463444,0.616022214606,0.0224788732171,0.0357700247525
436,0.702622671798,0.677032928591,0.616022214606,0.0282644005955,0.0357700247525
437,0.73352285133,0.722166178914,0.491340121705,0.0243911073633,0.0473849715512
438,0.747552211982,0.728847607452,0.591339723592,0.0235181508941,0.0380693591102
439,0.755322068443,0.738150853758,0.569541797451,0.0230976844238,0.0400999775138
440,0.764984587035,0.753617433587,0.601026700089,0.0216873832525,0.0371669543298
441,0.636658036684,0.580353494192,0.601026700089,0.0367265650662,0.0371669543298
442,0.746504130261,0.723298602702,0.589332187063,0.0242155057098,0.0382563741773
443,0.708254452822,0.641683961799,0.589332187063,0.0319388082068,0.0382563741773
444,0.754319406863,0.736222912259,0.590776897177,0.0231689673074,0.0381217900464
445,0.745609931542,0.712290882381,0.590776897177,0.0252116670656,0.0381217900464
446,0.614692363258,0.558365291817,0.590776897177,0.0388462934005,0.0381217900464
447,0.750303410279,0.718167668096,0.651811128212,0.0249014070797,0.0324360549911
448,0.721439833451,0.666217647937,0.651811128212,0.0291561195571,0.0324360549911
449,0.653154594416,0.593179044616,0.651811128212,0.0360102404024,0.0324360549911
450,0.664724493825,0.598561285118,0.509956299131,0.0355807659834,0.0456507537067
451,0.664174696814,0.601554117359,0.474812767625,0.0351192994969,0.0489246019336
452,0.600386384852,0.519891315218,0.474812767625,0.0425858712853,0.0489246019336
453,0.703122825903,0.66889087753,0.421107568122,0.0290055751544,0.0539275900976
454,0.665119461336,0.648497417244,0.421107568122,0.0308152806967,0.0539275900976
455,0.656183451135,0.604081238331,0.421107568122,0.0348256993652,0.0539275900976
456,0.703122825903,0.66889087753,0.421107568122,0.0290055751544,0.0539275900976
457,0.651692324705,0.617702230817,0.421107568122,0.0336013260907,0.0539275900976
458,0.699927203866,0.6582710088,0.407771831818,0.030140890467,0.0551699005536
459,0.665318751495,0.598267099899,0.407771831818,0.0354350783045,0.0551699005536
460,0.699927203866,0.6582710088,0.407771831818,0.030140890467,0.0551699005536
461,0.70308207443,0.664843267245,0.415466668568,0.0293554839381,0.0544530765303
462,0.750801869878,0.711447223747,0.496757114955,0.0253112646291,0.0468803434452
463,0.752334191991,0.714574897014,0.469889020517,0.0250640833894,0.0493832809579
464,0.702265507961,0.681153788667,0.469889020517,0.0279145506293,0.0493832809579
465,0.71566650016,0.687985302985,0.547794778805,0.0272496275326,0.0421258535536
466,0.760481117791,0.734393273611,0.431917865243,0.0232273114795,0.0529205407049
467,0.750137108121,0.712983982788,0.431917865243,0.0251453546615,0.0529205407049
468,0.760094702762,0.715304871129,0.478414136862,0.0250504228664,0.0485891109973
469,0.777598690305,0.736832182815,0.511965212312,0.0229912288951,0.0454636103955
470,0.760816436763,0.706186174202,0.511965212312,0.0254990562546,0.0454636103955
471,0.775523452239,0.761552818106,0.542348056026,0.0209194882462,0.0426332511585
472,0.762206880278,0.715424151337,0.542348056026,0.024801992151,0.0426332511585
473,0.774018438139,0.750967950667,0.550310269973,0.0219375152157,0.0418915192125
474,0.678234833771,0.63645105876,0.550310269973,0.0319147346449,0.0418915192125
475,0.762175014391,0.73315764404,0.573454667095,0.0233561237899,0.0397354682912
476,0.754518198899,0.723977912622,0.573454667095,0.0242710713776,0.0397354682912
477,0.766595990867,0.747893336248,0.598606862286,0.0221339993703,0.0373923779387
478,0.727795839319,0.703697150047,0.598606862286,0.0259645763148,0.0373923779387
479,0.708336779704,0.64423299764,0.598606862286,0.0311095087495,0.0373923779387
480,0.719753565401,0.720684509379,0.526799555814,0.0244956444527,0.0440816949451
481,0.641141045141,0.605776339308,0.526799555814,0.0346514699248,0.0440816949451
482,0.707614340033,0.723632770234,0.424231227031,0.0243865399642,0.0536366009812
483,0.676688998334,0.67035596509,0.424231227031,0.0290517061074,0.0536366009812
484,0.639205111063,0.636968842894,0.424231227031,0.0319634133501,0.0536366009812
485,0.675916131959,0.675964043138,0.453737494997,0.0285073750357,0.0508879004687
486,0.68156364311,0.662570570379,0.453737494997,0.0296962594357,0.0508879004687
487,0.741300080207,0.751431366146,0.589599528366,0.0217968601615,0.0382314695985
488,0.766731097198,0.754838079973,0.625743686263,0.0214688983567,0.034864406524
489,0.754004177771,0.7674258483,0.646840287841,0.0204420258935,0.0328991210586
490,0.750830703514,0.739246797031,0.646840287841,0.0229653911822,0.0328991210586
491,0.750791500481,0.755145527795,0.638318901386,0.0214565073468,0.0336929435557
492,0.735169076926,0.741757340412,0.638318901386,0.0225172575961,0.0336929435557
493,0.744525883155,0.745173656637,0.575501343558,0.0221830255942,0.039544807085
494,0.753681809818,0.724578846382,0.575501343558,0.0240034988744,0.039544807085
495,0.744525883155,0.745173656637,0.575501343558,0.0221830255942,0.039544807085
496,0.73983520318,0.737710556894,0.575501343558,0.0227691252769,0.039544807085
497,0.765154787423,0.749687349516,0.579890030455,0.0219525913493,0.0391359723948
498,0.676695845221,0.649703593159,0.579890030455,0.0309195769117,0.0391359723948
499,0.659393376834,0.599131252007,0.579890030455,0.0353845250413,0.0391359723948
