generation,train,validation,test,validmse,testmse
0,0.681677387238,0.615897065968,0.427292917073,0.0338700378732,0.0533513846673
1,0.745678596884,0.710544318536,0.576428117946,0.0254108284986,0.0394584720311
2,0.723994088563,0.676443573341,0.576428117946,0.0285381753429,0.0394584720311
3,0.754085646559,0.708894370133,0.583764105512,0.0257200917009,0.03877507714
4,0.7344182484,0.697662176707,0.583764105512,0.0265429051406,0.03877507714
5,0.746943087603,0.716223314348,0.609137601066,0.0249758429447,0.0364113712212
6,0.762887680057,0.73355915503,0.603867417734,0.0233554184502,0.03690232303
7,0.601594250267,0.565392132717,0.603867417734,0.0382530709749,0.03690232303
8,0.773869772036,0.744711119984,0.648137350769,0.0223411002294,0.0327782912221
9,0.611541780273,0.601476923307,0.648137350769,0.0351388949272,0.0327782912221
10,0.770008722577,0.761327330899,0.613662491694,0.0209723694615,0.0359898482688
11,0.751559377019,0.733030616606,0.613662491694,0.0234290020649,0.0359898482688
12,0.771277564096,0.761901061848,0.625023240244,0.0210305871732,0.0349315207501
13,0.791711361818,0.762665207605,0.60563944012,0.0209475763981,0.0367372476349
14,0.799351946308,0.751488788473,0.60563944012,0.0219342016031,0.0367372476349
15,0.682067765792,0.663557567024,0.60563944012,0.0297100248356,0.0367372476349
16,0.773027952912,0.751900191886,0.598365153219,0.0217954916832,0.0374148947082
17,0.776151066007,0.719239544747,0.598365153219,0.024612259134,0.0374148947082
18,0.783986474178,0.757224165916,0.634060292635,0.0213066799831,0.0340896606218
19,0.786477010294,0.756605211649,0.634060292635,0.0214307412517,0.0340896606218
20,0.792288628219,0.761541048725,0.651007643417,0.0210010009034,0.0325109048186
21,0.659991902816,0.603457799908,0.651007643417,0.0346559617283,0.0325109048186
22,0.803641054868,0.775838069268,0.637648069515,0.0198773322471,0.0337554359017
23,0.731297161409,0.721207743005,0.637648069515,0.0244375105354,0.0337554359017
24,0.786068923855,0.743204372602,0.580337930608,0.0226303608422,0.0390942475863
25,0.787679561293,0.743016659847,0.580337930608,0.0226503799759,0.0390942475863
26,0.779933538765,0.752863771944,0.610937461693,0.021688388232,0.0362437025132
27,0.734514287645,0.730374360519,0.610937461693,0.0236722867849,0.0362437025132
28,0.759568349021,0.727749037323,0.610937461693,0.0241801251862,0.0362437025132
29,0.758837696216,0.715720347163,0.610937461693,0.0250367616515,0.0362437025132
30,0.793826184855,0.780805971017,0.656895278406,0.0193129044231,0.0319624333775
31,0.698431550337,0.660972868429,0.656895278406,0.0299410643479,0.0319624333775
32,0.745739420355,0.725338832686,0.592481448651,0.0241632829918,0.0379630000051
33,0.634889589531,0.605406645857,0.592481448651,0.034786529778,0.0379630000051
34,0.714538721005,0.671876142821,0.570773580668,0.0289363711565,0.0399852289064
35,0.723973046642,0.680404581651,0.57785643796,0.0281367954331,0.0393254147445
36,0.624995827392,0.575927884685,0.57785643796,0.0376130138616,0.0393254147445
37,0.648094124486,0.57887963661,0.34719461056,0.037268265526,0.0608130621798
38,0.656914831982,0.58450961988,0.207867717709,0.0367056969047,0.073792267216
39,0.656914831982,0.58450961988,0.207867717709,0.0367056969047,0.073792267216
40,0.651941176197,0.607194418816,0.0634831330326,0.0346595551626,0.0872426290968
41,0.597259594985,0.566066579872,0.0634831330326,0.0382087592881,0.0872426290968
42,0.665963045571,0.619135337653,0.121192047816,0.0337692979973,0.0818666688493
43,0.673652511906,0.613607182872,0.121192047816,0.0338861044578,0.0818666688493
44,0.616007384625,0.576535214131,0.121192047816,0.0375867489472,0.0818666688493
45,0.614743238233,0.593170405315,0.0664312994078,0.035885309952,0.0869679882498
46,0.612694373951,0.597608629963,-0.129469784692,0.0355208205192,0.105217446666
47,0.607412750609,0.588889181662,-0.129469784692,0.0362484361126,0.105217446666
48,0.658029231202,0.562786549498,-0.129469784692,0.0385133595417,0.105217446666
49,0.661864150307,0.642128517077,0.454520623936,0.0314370658465,0.0508149469213
50,0.667478094818,0.637314495281,0.454520623936,0.0319460412413,0.0508149469213
51,0.745163321116,0.735997754675,0.542322207156,0.0231425955269,0.0426356591487
52,0.617195793718,0.603980530569,0.542322207156,0.0349408615822,0.0426356591487
53,0.761241315866,0.74036948853,0.604397008604,0.0225217130412,0.0368529882005
54,0.71639495505,0.665839852584,0.604397008604,0.0294191531212,0.0368529882005
55,0.573235055181,0.544360055057,0.604397008604,0.0400370332222,0.0368529882005
56,0.76193269857,0.747025376531,0.612428015074,0.0220153623288,0.0361048477842
57,0.751317951792,0.731413202944,0.612428015074,0.0234167475064,0.0361048477842
58,0.758686136626,0.744550147483,0.652483145809,0.0222316367815,0.032373452187
59,0.762649639486,0.730082127591,0.652483145809,0.0234747224134,0.032373452187
60,0.776240837258,0.763599842104,0.619741373906,0.020806878554,0.0354235609067
61,0.762315640849,0.718473477005,0.619741373906,0.0248023940062,0.0354235609067
62,0.671457864864,0.638671858902,0.619741373906,0.0316538328515,0.0354235609067
63,0.759632792127,0.726920132389,0.625575117403,0.024076278366,0.0348801098082
64,0.759632792127,0.726920132389,0.625575117403,0.024076278366,0.0348801098082
65,0.738165641484,0.681109209127,0.625575117403,0.0280081539081,0.0348801098082
66,0.687767595986,0.660256882479,0.625575117403,0.0298263501824,0.0348801098082
67,0.751205116442,0.723840839184,0.614165238911,0.0241546553712,0.0359430141001
68,0.64829405266,0.622723182653,0.614165238911,0.0331232216586,0.0359430141001
69,0.699006063695,0.683392544768,0.566978238069,0.0274596681285,0.0403387897212
70,0.703469710056,0.674358282245,0.566978238069,0.0284641821028,0.0403387897212
71,0.685381980783,0.640101532764,0.566978238069,0.0309575250762,0.0403387897212
72,0.809780193271,0.795280415241,0.649795603654,0.0181619684283,0.0326238141951
73,0.75427447722,0.757281189311,0.649795603654,0.0212461687737,0.0326238141951
74,0.749778844645,0.729605983414,0.649795603654,0.023854523988,0.0326238141951
75,0.783678313964,0.780029714796,0.660251319867,0.0195055420507,0.031649796317
76,0.716740489437,0.707697220408,0.660251319867,0.0255493469977,0.031649796317
77,0.745711180528,0.752582507561,0.625154308537,0.021739286357,0.0349193108873
78,0.732330506099,0.732581787476,0.625154308537,0.0234793087113,0.0349193108873
79,0.727695023841,0.716358588703,0.625154308537,0.0250650922511,0.0349193108873
80,0.749865862565,0.741467696571,0.621741120207,0.0228963094968,0.0352372715499
81,0.721357568449,0.706045367278,0.621741120207,0.0257175241335,0.0352372715499
82,0.73856507172,0.722316287539,0.602830938297,0.0245368785891,0.0369988778217
83,0.759232821731,0.743621396269,0.581840184451,0.0225755460466,0.0389543028833
84,0.767186005388,0.74361086637,0.581840184451,0.0226605486391,0.0389543028833
85,0.764233679459,0.731727761986,0.581840184451,0.0236385284691,0.0389543028833
86,0.764027741023,0.7279588917,0.581840184451,0.0241685843758,0.0389543028833
87,0.732554716071,0.71561761158,0.581840184451,0.0248885628318,0.0389543028833
88,0.740142084382,0.711357441162,0.581840184451,0.0253895471808,0.0389543028833
89,0.626983301405,0.581116413395,0.581840184451,0.0371009239566,0.0389543028833
90,0.770786345218,0.735208604727,0.593844827276,0.0231216677851,0.0378359924306
91,0.780050502311,0.714451240852,0.593844827276,0.0248711362988,0.0378359924306
92,0.74298303846,0.720774087553,0.580843453745,0.0244408978837,0.0390471548226
93,0.774301701192,0.729150148261,0.320492712457,0.0235167940707,0.0633005174244
94,0.754840201565,0.744757858033,0.518926596604,0.0223191745102,0.0448151122326
95,0.734367978345,0.698615154598,0.518926596604,0.0264701326045,0.0448151122326
96,0.76338618934,0.792408587814,0.457691259759,0.018321551826,0.0505195816003
97,0.712784305894,0.720217594443,0.457691259759,0.0248748376885,0.0505195816003
98,0.712133730697,0.704669286551,0.457691259759,0.0259679958812,0.0505195816003
99,0.703254183389,0.687253802009,0.457691259759,0.0274611149211,0.0505195816003
100,0.761607445765,0.792217643878,0.5030988202,0.0183272893568,0.0462895724104
101,0.75883580601,0.783306125953,0.5030988202,0.0190515644523,0.0462895724104
102,0.716057018942,0.720777547495,0.5030988202,0.0244207085972,0.0462895724104
103,0.738270464544,0.774654921285,0.549069717049,0.019776269906,0.0420070847751
104,0.617075605627,0.627539808459,0.549069717049,0.0326284018511,0.0420070847751
105,0.696930341905,0.719192192675,0.524439744415,0.0242958048692,0.0443015267046
106,0.688607116607,0.704475481572,0.524439744415,0.0258963720314,0.0443015267046
107,0.693328579989,0.708403698207,0.509390186131,0.0253214029667,0.0457034908098
108,0.693328579989,0.708403698207,0.509390186131,0.0253214029667,0.0457034908098
109,0.652690537335,0.586602687052,0.509390186131,0.0365601186622,0.0457034908098
110,0.71951072469,0.700129139949,0.524859466238,0.0262027184916,0.0442624268905
111,0.760924756759,0.733808800129,0.549477331586,0.0237826411677,0.0419691128335
112,0.778328153726,0.746750622255,0.56904390657,0.0225167205355,0.0401463592833
113,0.70599309042,0.705189273008,0.56904390657,0.0259643719358,0.0401463592833
114,0.716832356253,0.732358141856,0.533548200087,0.0231802143129,0.0434530148968
115,0.727699260757,0.722424860625,0.533548200087,0.0243214308025,0.0434530148968
116,0.716832356253,0.732358141856,0.533548200087,0.0231802143129,0.0434530148968
117,0.658867946802,0.532374555255,0.533548200087,0.0407279996531,0.0434530148968
118,0.718478203025,0.702557328524,0.56108973768,0.0260701977177,0.0408873417799
119,0.672663948079,0.63378355751,0.56108973768,0.0319745316916,0.0408873417799
120,0.602372150285,0.554145505417,0.56108973768,0.0392370827225,0.0408873417799
121,0.756807463926,0.745668200944,0.590928867085,0.0222735352382,0.0381076330624
122,0.745214042965,0.739587766588,0.590928867085,0.0227782388538,0.0381076330624
123,0.724286173722,0.678416699207,0.590928867085,0.028179599259,0.0381076330624
124,0.752053369413,0.726788177839,0.607070526013,0.0239112027725,0.0366039326886
125,0.804175110693,0.804052551449,0.381990973364,0.0171894244837,0.0575715549725
126,0.71102360201,0.676812715907,0.381990973364,0.028357445692,0.0575715549725
127,0.806536899003,0.792189131153,0.502535013443,0.0183807819757,0.046342094672
128,0.789143674555,0.772464628131,0.502535013443,0.0202699057974,0.046342094672
129,0.759863486229,0.749296193095,0.502535013443,0.0219910743598,0.046342094672
130,0.798632519324,0.790185981018,0.662350999961,0.0185942803712,0.0314541974783
131,0.715398756916,0.712918483018,0.662350999961,0.0256277805461,0.0314541974783
132,0.641989603336,0.597563227632,0.662350999961,0.0357924134015,0.0314541974783
133,0.750884145225,0.711531453371,0.632374094953,0.0255000824925,0.0342467408882
134,0.76965996846,0.701845214633,0.632374094953,0.0264164802003,0.0342467408882
135,0.525252064447,0.501796600696,0.632374094953,0.0439082404499,0.0342467408882
136,0.738713796299,0.691635027988,0.606509720706,0.0272276826745,0.0366561753456
137,0.761808010209,0.741813952153,0.595107709156,0.0226231549588,0.0377183467808
138,0.663549733364,0.610286171781,0.595107709156,0.0347690962731,0.0377183467808
139,0.7574422632,0.700705482427,0.627939520027,0.0263340111456,0.0346598503463
140,0.655603931537,0.620951143671,0.627939520027,0.0334115867625,0.0346598503463
141,0.721201212145,0.682991393431,0.61261436374,0.0277389168081,0.0360874881957
142,0.703663726854,0.693474503082,0.565888929788,0.0267820780831,0.040440265863
143,0.739603399608,0.715346621857,0.618455102598,0.0249302669816,0.0355433854337
144,0.747848825033,0.744324136694,0.531003446421,0.0226532634764,0.0436900752296
145,0.758352204905,0.735609732045,0.531003446421,0.0234896237769,0.0436900752296
146,0.730151338404,0.711244812695,0.531003446421,0.0253727991434,0.0436900752296
147,0.769675942628,0.747212698985,0.535363355547,0.0220675245736,0.0432839213756
148,0.744079342283,0.7286797098,0.535363355547,0.0239365257711,0.0432839213756
149,0.742993977477,0.721574965796,0.535363355547,0.0243992335716,0.0432839213756
150,0.592790984923,0.500211627592,0.535363355547,0.0434482977844,0.0432839213756
151,0.783085434408,0.732708584442,0.610401939139,0.0231789685535,0.0362935899175
152,0.687547212457,0.663719528022,0.610401939139,0.0292250260622,0.0362935899175
153,0.791761477915,0.772850536169,0.626942841082,0.0196944417107,0.0347526974638
154,0.800583094745,0.772707009466,0.626942841082,0.0198343842474,0.0347526974638
155,0.792331007886,0.774010683371,0.616512717488,0.0197470422667,0.0357243312231
156,0.7564373865,0.73427151317,0.616512717488,0.0233979544719,0.0357243312231
157,0.68605565315,0.655452508078,0.616512717488,0.030082610221,0.0357243312231
158,0.765139364857,0.742033404556,0.584763443555,0.022553194236,0.0386819823103
159,0.649917187775,0.626029621644,0.584763443555,0.0331062317184,0.0386819823103
160,0.774774251344,0.757355373092,0.604803798061,0.0215469118559,0.0368150931205
161,0.772608925674,0.745174830897,0.604803798061,0.0224820455368,0.0368150931205
162,0.743766234799,0.719970668203,0.604803798061,0.0249172446674,0.0368150931205
163,0.751727010075,0.714465639451,0.604803798061,0.0252246504241,0.0368150931205
164,0.708257657455,0.634202672391,0.604803798061,0.0326604987575,0.0368150931205
165,0.774774251344,0.757355373092,0.604803798061,0.0215469118559,0.0368150931205
166,0.693652759373,0.668955371779,0.604803798061,0.0291145255874,0.0368150931205
167,0.742694088986,0.718279509099,0.570338375532,0.0249558182613,0.0400257710915
168,0.792441578701,0.792033376194,0.60568613267,0.0186032071955,0.0367328979205
169,0.771882060063,0.766995806733,0.60568613267,0.0204125472471,0.0367328979205
170,0.780251543806,0.77183515367,0.615426530161,0.0201946204192,0.0358255166277
171,0.694440247967,0.665629240942,0.615426530161,0.0294957296994,0.0358255166277
172,0.743591756462,0.720206397369,0.564158495467,0.024696746428,0.0406014670597
173,0.6687292623,0.607822129411,0.564158495467,0.0344335936357,0.0406014670597
174,0.73294982141,0.709075720713,0.574555051309,0.0257224971167,0.0396329603544
175,0.750639398406,0.725242328741,0.588832103225,0.0242614528202,0.038302960235
176,0.636417601263,0.596485537628,0.588832103225,0.0355720569266,0.038302960235
177,0.741663139368,0.703018773062,0.54687949486,0.0262839737287,0.0422111181982
178,0.740019115788,0.683471070548,0.54687949486,0.0283256000102,0.0422111181982
179,0.741653108228,0.717558458564,0.606904381274,0.0248362932134,0.0366194101502
180,0.676985822859,0.655881914403,0.606904381274,0.0300911825362,0.0366194101502
181,0.709248664799,0.669417782272,0.565440704797,0.0292453441483,0.0404820209323
182,0.723781428159,0.728738047007,0.634344435016,0.0239807632672,0.0340631909134
183,0.704900160884,0.69612081519,0.634344435016,0.0267433678492,0.0340631909134
184,0.744127743022,0.718319257724,0.572890442372,0.0245649247852,0.0397880294891
185,0.743165828746,0.70777460771,0.572890442372,0.0257148132011,0.0397880294891
186,0.724238219863,0.686966235824,0.572890442372,0.0272745533935,0.0397880294891
187,0.585735126215,0.51794200269,0.572890442372,0.0420472873037,0.0397880294891
188,0.702064057953,0.678668930593,0.559811295791,0.027832685139,0.0410064369458
189,0.6839317027,0.632083120398,0.559811295791,0.0320900145127,0.0410064369458
190,0.714578160559,0.698854139235,0.558421367964,0.0261585193208,0.0411359177508
191,0.719615065937,0.68446475266,0.558421367964,0.0275875071721,0.0411359177508
192,0.725370831586,0.705456051787,0.5656871436,0.0259826125589,0.040459063557
193,0.711004060932,0.685550695027,0.5656871436,0.0276856922596,0.040459063557
194,0.738981720479,0.720517212038,0.565290805201,0.0247157808017,0.0404959850533
195,0.728269081811,0.696422527745,0.565290805201,0.0268713512511,0.0404959850533
196,0.721774020647,0.707782420305,0.540065232413,0.0257762643954,0.0428459110056
197,0.642600090363,0.630545073328,0.540065232413,0.0327565508375,0.0428459110056
198,0.765832390512,0.739162263122,0.608536100501,0.0230210265885,0.0364674049058
199,0.76519335437,0.727521156327,0.608536100501,0.0238491541592,0.0364674049058
200,0.76519335437,0.727521156327,0.608536100501,0.0238491541592,0.0364674049058
201,0.759750701861,0.72978613203,0.593054655903,0.0237564276739,0.0379096020264
202,0.762991457663,0.718975840517,0.593054655903,0.0248012469804,0.0379096020264
203,0.636393445323,0.598962391225,0.593054655903,0.0353144405731,0.0379096020264
204,0.777721990726,0.743812115424,0.571691192419,0.0226177653082,0.0398997474116
205,0.747149922533,0.728304425038,0.571691192419,0.024069079778,0.0398997474116
206,0.766164228893,0.739882819545,0.572020865589,0.0228845574843,0.0398690362145
207,0.768217006359,0.747074737496,0.579374235144,0.0222170731954,0.0391840220782
208,0.748290114044,0.72023984283,0.579374235144,0.0245806416462,0.0391840220782
209,0.763517518936,0.720248786437,0.589214650943,0.0245546310549,0.0382673234303
210,0.780606907772,0.744178640425,0.61142170806,0.0224009493068,0.0361985918189
211,0.77549331602,0.735314816307,0.61142170806,0.0231622787449,0.0361985918189
212,0.775176855926,0.747935904137,0.587496485382,0.0222267245352,0.0384273817123
213,0.788345382191,0.759938335406,0.634951635222,0.0210544591515,0.0340066262702
214,0.79307327623,0.768039506119,0.626462865636,0.0203228657428,0.0347974102941
215,0.771330990761,0.755635566554,0.626462865636,0.0213708426415,0.0347974102941
216,0.761989117913,0.714876922949,0.626462865636,0.0249972132809,0.0347974102941
217,0.772250919405,0.75134271579,0.623193526906,0.0218870809865,0.035101970432
218,0.772160387405,0.739665317912,0.623193526906,0.0229287977288,0.035101970432
219,0.756416182664,0.729121144852,0.623193526906,0.0238563511335,0.035101970432
220,0.524385743339,0.498387812434,0.623193526906,0.0442356308504,0.035101970432
221,0.744253940302,0.713688306235,0.587514003205,0.0253603004841,0.0384257498133
222,0.658023390309,0.622258380041,0.587514003205,0.033198685112,0.0384257498133
223,0.744253940302,0.713688306235,0.587514003205,0.0253603004841,0.0384257498133
224,0.756624727512,0.760927989354,0.570179892126,0.0209755667557,0.0400405348502
225,0.75732569112,0.735918927371,0.570179892126,0.0233713103696,0.0400405348502
226,0.613558331277,0.597972469464,0.570179892126,0.0353700590468,0.0400405348502
227,0.734377015261,0.716437958976,0.517850053828,0.0248854569089,0.0449153991846
228,0.665254798918,0.644681435636,0.517850053828,0.0309048393962,0.0449153991846
229,0.634286476345,0.626823999994,0.517850053828,0.0325558533418,0.0449153991846
230,0.74017077641,0.73814985659,0.554455964312,0.0228263711797,0.0415053208574
231,0.75478790827,0.707988755275,0.554455964312,0.0255748785409,0.0415053208574
232,0.719788562823,0.694198241773,0.554455964312,0.0268917018062,0.0415053208574
233,0.732708699116,0.74497857147,0.582275449753,0.0222511643174,0.0389137550932
234,0.729575834221,0.718598714589,0.582275449753,0.0246348625937,0.0389137550932
235,0.767516099742,0.742936351197,0.618611215887,0.0226913148346,0.0355288424669
236,0.75347578525,0.70409246492,0.618611215887,0.0260243139759,0.0355288424669
237,0.767398970002,0.739662967685,0.617161339981,0.0229758531466,0.0356639078249
238,0.59633970696,0.559108630871,0.617161339981,0.0388727198834,0.0356639078249
239,0.589630537898,0.578392461012,0.374870674195,0.0371816944846,0.0582348570884
240,0.563186277117,0.559674372616,0.374870674195,0.038951502401,0.0582348570884
241,0.589630537898,0.578392461012,0.374870674195,0.0371816944846,0.0582348570884
242,0.639629520857,0.575593619199,0.374870674195,0.0375102905207,0.0582348570884
243,0.607236595953,0.580856460861,0.35013581974,0.0370216953882,0.0605390694407
244,0.607096799481,0.564614929089,0.35013581974,0.0384345161705,0.0605390694407
245,0.561780259452,0.521558652551,0.35013581974,0.042252513357,0.0605390694407
246,0.594275625296,0.57092172906,0.240243021514,0.037860043863,0.0707762973799
247,0.62550861848,0.566112624574,0.240243021514,0.0377196675824,0.0707762973799
248,0.755796770477,0.733569332838,0.611076593681,0.0234285496761,0.0362307414649
249,0.738088531972,0.747404121667,0.595726455803,0.0221491161663,0.0376607065117
250,0.600406846298,0.569254676728,0.595726455803,0.0378763505289,0.0376607065117
251,0.673914854084,0.64678279611,0.496760932854,0.0308717519766,0.0468799877831
252,0.507789411387,0.446655770487,0.496760932854,0.0484951422213,0.0468799877831
253,0.682625356883,0.670074794577,0.503083524865,0.0287369444959,0.0462909972703
254,0.74970051316,0.732221056779,0.619382859054,0.0235033514969,0.0354569588938
255,0.768411640079,0.76380072111,0.612801699514,0.0205545241866,0.0360700366515
256,0.747735128413,0.738085301913,0.612801699514,0.0229605360932,0.0360700366515
257,0.736747733796,0.71026263495,0.612801699514,0.0251775578188,0.0360700366515
258,0.74712268528,0.717386810425,0.594124233688,0.0245637406715,0.0378099639085
259,0.702878327935,0.682687232933,0.594124233688,0.027740910811,0.0378099639085
260,0.622103769269,0.575313964387,0.594124233688,0.0376055570356,0.0378099639085
261,0.735125350662,0.72352152135,0.598990966329,0.0240615589182,0.0373565961522
262,0.752520685455,0.752445575882,0.601285918746,0.0216615415579,0.0371428064282
263,0.758092483733,0.762204166715,0.605342114915,0.0208475380295,0.0367649454089
264,0.774185926702,0.748525416597,0.605342114915,0.021817314894,0.0367649454089
265,0.769909266881,0.77997352723,0.609957917544,0.019151547522,0.0363349534131
266,0.736075229885,0.715432683505,0.609957917544,0.0250675360585,0.0363349534131
267,0.726832059836,0.726304233698,0.584199895005,0.0239706024503,0.0387344805182
268,0.684457577122,0.668554577748,0.584199895005,0.0288863901919,0.0387344805182
269,0.736518839369,0.72621972491,0.588069767965,0.0239202056936,0.0383739767161
270,0.640467366352,0.604113572322,0.588069767965,0.0350222036339,0.0383739767161
271,0.72915634811,0.70998119099,0.578575257456,0.0252960056878,0.0392584520394
272,0.756586241327,0.711823218104,0.595415060986,0.0253094607348,0.0376897149614
273,0.773211571973,0.719905681077,0.624708501934,0.0245732806874,0.034960840668
274,0.641826535283,0.574965710069,0.624708501934,0.0371689526538,0.034960840668
275,0.789579309507,0.769158530747,0.606309866931,0.0202559909966,0.0366747930228
276,0.64104067966,0.521682170592,0.606309866931,0.0419772616529,0.0366747930228
277,0.76485124869,0.726769202129,0.526124680272,0.0239194450962,0.0441445639853
278,0.771708728634,0.73687172149,0.603040402112,0.0230910920483,0.0369793649068
279,0.766863970031,0.731364866177,0.603040402112,0.023518076912,0.0369793649068
280,0.550166713207,0.458878740162,0.603040402112,0.0476493531295,0.0369793649068
281,0.753946194813,0.729931979062,0.579318666063,0.0237184362966,0.039189198699
282,0.741059258573,0.717206346616,0.579318666063,0.0247617203458,0.039189198699
283,0.762968691153,0.73793331333,0.64795333094,0.0229747827216,0.0327954338644
284,0.567988255677,0.483218352882,0.64795333094,0.0456654373175,0.0327954338644
285,0.573755762546,0.46308989458,0.64795333094,0.0473070066179,0.0327954338644
286,0.753566424982,0.718672686209,0.627851974292,0.0246643190711,0.0346680058002
287,0.619813403404,0.572467533522,0.627851974292,0.0377161992477,0.0346680058002
288,0.64018927646,0.604244541605,0.509139016805,0.0348666889472,0.0457268888639
289,0.668349306406,0.602258773796,0.509139016805,0.0349314739132,0.0457268888639
290,0.682778221415,0.629356896889,0.527302348044,0.0325108881572,0.0440348565831
291,0.713463263528,0.670096315274,0.542051662326,0.0290274140975,0.0426608621568
292,0.684174392306,0.63577956733,0.542051662326,0.0318272391065,0.0426608621568
293,0.637045714098,0.610706832207,0.542051662326,0.0342924501975,0.0426608621568
294,0.637117189158,0.582427416868,0.542051662326,0.0369117630067,0.0426608621568
295,0.697609755156,0.700910998618,0.533097167219,0.0263641484212,0.043495031538
296,0.699948277984,0.718165719261,0.531087453927,0.0247331146538,0.0436822493848
297,0.713270285924,0.72521134425,0.596115237483,0.0240187005064,0.0376244889729
298,0.671651438918,0.706722091161,0.596115237483,0.0254820086477,0.0376244889729
299,0.74115756446,0.669929145676,0.596115237483,0.0291014168533,0.0376244889729
300,0.658612695937,0.551091930287,0.596115237483,0.0393352877862,0.0376244889729
301,0.677398800677,0.654471496827,0.502665161411,0.0300924419985,0.0463299705433
302,0.646959798873,0.61439236789,0.502665161411,0.0341848081398,0.0463299705433
303,0.689792132058,0.691232836188,0.482223500115,0.0268976093697,0.0482342440674
304,0.665766391206,0.635430592942,0.482223500115,0.0316216507367,0.0482342440674
305,0.780749184144,0.775311742698,0.579429455755,0.0195375487719,0.0391788779197
306,0.791120144185,0.794804672485,0.564756449557,0.0177779843307,0.0405457637523
307,0.78032115062,0.76563686184,0.564756449557,0.0203898476109,0.0405457637523
308,0.805296941381,0.791206897249,0.573339285639,0.0181777569094,0.0397462168233
309,0.766258717916,0.758766085431,0.573339285639,0.0210589397649,0.0397462168233
310,0.692993385611,0.64883181853,0.573339285639,0.030912177437,0.0397462168233
311,0.725003300021,0.717036968355,0.533076517936,0.0248106755108,0.0434969551528
312,0.562850795974,0.451408348102,0.533076517936,0.0480168052734,0.0434969551528
313,0.740266900534,0.707527069222,0.577830296525,0.0252606133643,0.0393278499889
314,0.74526469926,0.737158487288,0.556478713547,0.023188908388,0.0413168886278
315,0.756751362501,0.727280507248,0.556478713547,0.0240502272072,0.0413168886278
316,0.773534592463,0.726694113498,0.556478713547,0.0241589730583,0.0413168886278
317,0.637910863353,0.580311104415,0.556478713547,0.0367695382449,0.0413168886278
318,0.755591716152,0.739173667656,0.52672621387,0.0230910422747,0.0440885272235
319,0.762080667379,0.724772432769,0.52672621387,0.0241994741386,0.0440885272235
320,0.753507242237,0.712221609665,0.52672621387,0.025513275619,0.0440885272235
321,0.636224823918,0.541941829588,0.52672621387,0.0404199045913,0.0440885272235
322,0.752190539108,0.727423136644,0.624773718161,0.0239052933225,0.0349547653529
323,0.75556659573,0.725392072842,0.624773718161,0.0242513822185,0.0349547653529
324,0.791925926915,0.779781485965,0.618168774526,0.019251046725,0.0355700587534
325,0.759631181402,0.743132190123,0.618168774526,0.0227097117952,0.0355700587534
326,0.776457481561,0.764052597468,0.561505044212,0.020692459663,0.0408486532789
327,0.677971397998,0.663960310249,0.561505044212,0.0294723026307,0.0408486532789
328,0.714798238123,0.692753168362,0.485475832142,0.0270381694605,0.0479312682143
329,0.713687940221,0.694033813546,0.555452367075,0.0268770838456,0.0414124994681
330,0.719497534445,0.689836098899,0.555452367075,0.0271770898405,0.0414124994681
331,0.713687940221,0.694033813546,0.555452367075,0.0268770838456,0.0414124994681
332,0.729080222037,0.699315829129,0.565886623007,0.0266671269675,0.0404404807547
333,0.734545108883,0.705934250214,0.50883265888,0.025978352165,0.0457554280945
334,0.703492416595,0.696449068104,0.50883265888,0.0267521854211,0.0457554280945
335,0.711958453204,0.668804506727,0.50883265888,0.0289192089635,0.0457554280945
336,0.729897236608,0.715046958302,0.576738699007,0.0250984347638,0.039429539388
337,0.761146291795,0.747521117896,0.574005842138,0.0222722391098,0.039684122756
338,0.627532886522,0.612965006579,0.574005842138,0.0341569015053,0.039684122756
339,0.778559350181,0.749915229454,0.643464227614,0.021952511618,0.0332136229973
340,0.760599091295,0.730673488608,0.643464227614,0.0235756716382,0.0332136229973
341,0.734370175306,0.723852443756,0.643464227614,0.0243911465468,0.0332136229973
342,0.730003812994,0.697145220133,0.643464227614,0.026793777575,0.0332136229973
343,0.778559350181,0.749915229454,0.643464227614,0.021952511618,0.0332136229973
344,0.78095542771,0.751645346172,0.627749875408,0.0218670307224,0.0346775169744
345,0.689604293608,0.642809298391,0.627749875408,0.0312661356327,0.0346775169744
346,0.776071840179,0.740295237523,0.637770184148,0.0227181879473,0.0337440601305
347,0.760287917097,0.724360094042,0.637770184148,0.0241590965545,0.0337440601305
348,0.739587848359,0.728505296825,0.588406429768,0.0237806061291,0.0383426144824
349,0.62630140839,0.586816850583,0.588406429768,0.0361771319865,0.0383426144824
350,0.728102943797,0.704156113055,0.593116144041,0.0258885300521,0.037903874007
351,0.763871445116,0.755367631957,0.616010412852,0.0213891248448,0.0357711241625
352,0.75818519313,0.738932328458,0.616010412852,0.0228899518098,0.0357711241625
353,0.746708109307,0.728276678585,0.616010412852,0.0237966020549,0.0357711241625
354,0.748432908873,0.736864190716,0.619749411326,0.0230807706326,0.0354228121688
355,0.583212284132,0.564607670544,0.619749411326,0.0381440017378,0.0354228121688
356,0.595584467664,0.555660381339,0.619749411326,0.0388094561121,0.0354228121688
357,0.74813353235,0.718790748086,0.590562286748,0.0246359768137,0.0381417824018
358,0.777400018108,0.751554192914,0.626129237784,0.0218665640978,0.0348284898956
359,0.71828499167,0.67386132079,0.626129237784,0.0286235171268,0.0348284898956
360,0.751677579302,0.736454335941,0.602411563968,0.0232392990461,0.0370379452644
361,0.733975906609,0.712720033099,0.602411563968,0.0253513636164,0.0370379452644
362,0.637133219422,0.632588479467,0.602411563968,0.0324418589507,0.0370379452644
363,0.749428623445,0.722686050985,0.477332601339,0.0244188557261,0.0486898630562
364,0.727107311351,0.677095608884,0.477332601339,0.0283104035945,0.0486898630562
365,0.735442572657,0.698966784844,0.632253993923,0.0264459973771,0.0342579290791
366,0.648083682018,0.571624431694,0.632253993923,0.0377422329111,0.0342579290791
367,0.725830978123,0.679585726382,0.513838294886,0.0282873041736,0.0452891205875
368,0.771760378309,0.751048247106,0.647117658949,0.0219005633126,0.0328732821384
369,0.681907377779,0.654311689152,0.647117658949,0.0305047714488,0.0328732821384
370,0.750841681146,0.739458674083,0.592244837391,0.0229055215064,0.0379850418808
371,0.736443127345,0.725283283176,0.592244837391,0.0240181026353,0.0379850418808
372,0.71208366149,0.655080644964,0.592244837391,0.030617935796,0.0379850418808
373,0.767655764547,0.749741512219,0.598511404084,0.0217231589534,0.0374012704903
374,0.776355860074,0.75157806117,0.602012198697,0.0215808866265,0.0370751487334
375,0.65197314949,0.607293786319,0.602012198697,0.0343433587437,0.0370751487334
376,0.763369332306,0.750039867483,0.548606613241,0.0217043737436,0.0420502259028
377,0.719210825408,0.710046816029,0.548606613241,0.0255647836276,0.0420502259028
378,0.67411393155,0.67367410313,0.548606613241,0.0284320159029,0.0420502259028
379,0.792186281108,0.764959751416,0.58469895159,0.020126700225,0.0386879901558
380,0.748048513327,0.726906690938,0.58469895159,0.0237503200156,0.0386879901558
381,0.78039680441,0.751474309059,0.566946260778,0.0213606821024,0.0403417686136
382,0.784994649556,0.758110478756,0.613853545882,0.0210222935313,0.0359720503302
383,0.63578539242,0.613130939982,0.613853545882,0.0339037513528,0.0359720503302
384,0.651005488782,0.554008781219,0.613853545882,0.0388953298703,0.0359720503302
385,0.783047089131,0.773679277616,0.627469173496,0.019664032184,0.0347036661807
386,0.63612675299,0.620009784284,0.627469173496,0.0329676432211,0.0347036661807
387,0.757618189065,0.734236779578,0.609861268232,0.0231827026589,0.0363439569243
388,0.64853026388,0.622697701463,0.609861268232,0.0331311957926,0.0363439569243
389,0.679274470256,0.676606771063,0.504322228211,0.0285460084617,0.0461756040079
390,0.680315275593,0.682684375924,0.507088407116,0.027996371279,0.0459179164757
391,0.685745043511,0.669322506934,0.507088407116,0.0291419211156,0.0459179164757
392,0.650678558947,0.624135427552,0.507088407116,0.0329443511367,0.0459179164757
393,0.769394514805,0.749793977929,0.63174216109,0.0219666753348,0.034305609632
394,0.751643858225,0.704329708574,0.63174216109,0.0260731415631,0.034305609632
395,0.772162496586,0.75635453293,0.606856507961,0.0214444993703,0.0366238698603
396,0.770230825321,0.750661083019,0.606856507961,0.0218455661869,0.0366238698603
397,0.642397831223,0.614514362955,0.606856507961,0.0338581662632,0.0366238698603
398,0.754527205195,0.720655238546,0.604338372776,0.0244732573612,0.0368584505088
399,0.764285086073,0.726706779353,0.595729700293,0.0239298181215,0.0376604042663
400,0.615709838741,0.55731935393,0.595729700293,0.0385926631429,0.0376604042663
401,0.749647952133,0.70106995358,0.583081387622,0.0260836588601,0.0388386767459
402,0.756892757788,0.736649593115,0.595389657706,0.0231471919485,0.037692081442
403,0.558307451536,0.445572312569,0.595389657706,0.0491088491371,0.037692081442
404,0.741129363613,0.705814547596,0.622286829739,0.0261441487591,0.0351864351624
405,0.639456093828,0.589892539658,0.622286829739,0.0363858190999,0.0351864351624
406,0.746788807178,0.713647501447,0.539753503612,0.0251739895474,0.0428749505682
407,0.621022398208,0.564200215977,0.539753503612,0.0384740277122,0.0428749505682
408,0.726776910119,0.713541829685,0.597139947932,0.0249666479418,0.0375290305388
409,0.752340214577,0.764537305869,0.65488204853,0.0206446236611,0.032149978817
410,0.63150045386,0.599845745558,0.65488204853,0.0352337419221,0.032149978817
411,0.652576252867,0.653406951849,0.512064094806,0.0304835927332,0.0454543988489
412,0.633610096728,0.626408201326,0.512064094806,0.0329758060684,0.0454543988489
413,0.657313430412,0.638478056844,0.506729348977,0.0318446003702,0.0459513650736
414,0.695109466169,0.677254278498,0.609338247635,0.0285198534302,0.03639267969
415,0.692252113393,0.677867875541,0.574863680333,0.0283645251169,0.0396042095562
416,0.723187886829,0.700644682598,0.590309180784,0.0263784946172,0.0381653608663
417,0.546208487177,0.481286620718,0.590309180784,0.045715519979,0.0381653608663
418,0.668100770607,0.686417295662,0.4906612042,0.0274338367717,0.0474482171266
419,0.719672391283,0.734363948514,0.33810170311,0.0233059522039,0.0616601255698
420,0.660048040246,0.643540914136,0.33810170311,0.0314026215081,0.0616601255698
421,0.673696663966,0.642997251415,0.33810170311,0.0311906951602,0.0616601255698
422,0.733767038374,0.740274184294,0.499793220839,0.0228615743259,0.0465975104617
423,0.741434002537,0.745014757468,0.423513423814,0.0223990227973,0.0537034690132
424,0.786626847143,0.781359902487,0.414278871446,0.0192573512923,0.0545637275472
425,0.748459651607,0.737682775808,0.414278871446,0.0231322097752,0.0545637275472
426,0.743498084824,0.714236742904,0.414278871446,0.0252178610987,0.0545637275472
427,0.708657961158,0.672407340675,0.414278871446,0.0289961346043,0.0545637275472
428,0.772571953618,0.768040435979,0.637562316918,0.0204882871373,0.0337634243131
429,0.787037742874,0.769839628054,0.622922546807,0.0202702155017,0.0351272139884
430,0.752842999398,0.711291539502,0.622922546807,0.0256987861153,0.0351272139884
431,0.795242701436,0.782255175314,0.530993807603,0.0191635280948,0.0436909731481
432,0.799083414665,0.788591675262,0.622665976801,0.0186735154507,0.0351511151509
433,0.75767187476,0.715098675095,0.622665976801,0.025227857993,0.0351511151509
434,0.773230963886,0.768253540302,0.558280867833,0.0206234544951,0.0411490062506
435,0.730335603309,0.722754156127,0.558280867833,0.0245421995802,0.0411490062506
436,0.789724572423,0.767145082494,0.57997648307,0.0204875122087,0.0391279187722
437,0.750877410859,0.722693819119,0.57997648307,0.024284770235,0.0391279187722
438,0.749951390941,0.71983356138,0.57997648307,0.0247265821307,0.0391279187722
439,0.758176139764,0.741037811583,0.57683218696,0.0228958427163,0.0394208303779
440,0.697292822352,0.694242215613,0.57683218696,0.0266286916379,0.0394208303779
441,0.747274822084,0.699740617007,0.557594549487,0.0265965214017,0.0412129412624
442,0.728770796082,0.699085925389,0.557594549487,0.0265029768203,0.0412129412624
443,0.672491358138,0.575233676279,0.557594549487,0.0372845368173,0.0412129412624
444,0.644235623688,0.585805634919,0.500074476987,0.0363172529057,0.0465713096246
445,0.525226713795,0.508880021853,0.500074476987,0.04318347425,0.0465713096246
446,0.660426797183,0.613261787641,0.46665108271,0.033862519107,0.0496849158958
447,0.651720790933,0.613602003519,0.481531950941,0.0338375972986,0.0482986663648
448,0.65882636447,0.634932808305,0.502958816758,0.0318546961172,0.0463026146404
449,0.659231391265,0.635504824433,0.488171724078,0.0318071708518,0.0476801283699
450,0.671855219824,0.654319634832,0.503235910383,0.0301335513277,0.0462768015694
451,0.617989036993,0.556555859577,0.503235910383,0.0388504699937,0.0462768015694
452,0.66523231704,0.626058952836,0.424440177461,0.0328889929666,0.0536171358914
453,0.657706150977,0.596578886982,0.424440177461,0.0356734249353,0.0536171358914
454,0.653011124439,0.601670520933,0.472030086548,0.0350921268289,0.0491838267503
455,0.649379978255,0.585089967474,0.472030086548,0.0366398407633,0.0491838267503
456,0.640281845725,0.623436628302,0.451499349611,0.0331616342747,0.0510963982488
457,0.650907757566,0.624488287624,0.488436550174,0.032735416876,0.0476554580989
458,0.658277338385,0.63668945001,0.49476861165,0.0315751679667,0.0470655854439
459,0.757046644232,0.742276159772,0.650229073334,0.0225329120141,0.0325834336788
460,0.755889615755,0.731552790214,0.650229073334,0.0231981107512,0.0325834336788
461,0.754063772717,0.74158650299,0.604627636133,0.022390680658,0.0368315037482
462,0.704630422375,0.721979378849,0.604627636133,0.0241202231683,0.0368315037482
463,0.760569582944,0.739044328936,0.599413476767,0.0226751961844,0.0373172365606
464,0.732310293119,0.707700534485,0.599413476767,0.0257487980166,0.0373172365606
465,0.773100413611,0.749004901982,0.602120177827,0.0219876738252,0.037065089776
466,0.735937749328,0.705269711671,0.602120177827,0.0257715948825,0.037065089776
467,0.770906048062,0.751895212155,0.600431170707,0.0215841412884,0.0372224317599
468,0.769222693741,0.752470010022,0.624722864827,0.0215865482601,0.0349595026713
469,0.739063707247,0.69446806942,0.624722864827,0.0269748398814,0.0349595026713
470,0.641307027073,0.596151062529,0.624722864827,0.0356725919314,0.0349595026713
471,0.660945367974,0.61567049122,0.5082506651,0.0335268441833,0.0458096445953
472,0.656463140401,0.610082188432,0.5082506651,0.0341570923476,0.0458096445953
473,0.68189778579,0.626938960315,0.46179568504,0.0325495801746,0.050137227726
474,0.737930040038,0.739054592309,0.627748399798,0.0228889433008,0.034677654437
475,0.767127386156,0.762260409612,0.587752058597,0.0209876967195,0.0384035734073
476,0.784468692745,0.786536485357,0.658756436609,0.0187471344151,0.0317890544022
477,0.787577655705,0.749093582422,0.658756436609,0.0223046741573,0.0317890544022
478,0.740145777209,0.737211926083,0.658756436609,0.023055686848,0.0317890544022
479,0.695931033061,0.652447270898,0.658756436609,0.0303414759476,0.0317890544022
480,0.754887384082,0.727282911549,0.589121143946,0.0236699439029,0.0382760342145
481,0.766240684292,0.742321964415,0.552866951779,0.0224648126854,0.0416533476959
482,0.765733952088,0.748634204142,0.607598911697,0.022015443639,0.0365547101302
483,0.72501117744,0.71111365029,0.607598911697,0.0250922565775,0.0365547101302
484,0.744203007073,0.698378583678,0.607598911697,0.0265890394706,0.0365547101302
485,0.756167482358,0.711176247109,0.53201109364,0.0251999165643,0.0435962063462
486,0.610640212214,0.519794686586,0.53201109364,0.0420734488344,0.0435962063462
487,0.598153274338,0.563624640819,0.189804753351,0.0382852057126,0.07547494967
488,0.690796497768,0.652041955913,0.415705509037,0.0303834736807,0.0544308269892
489,0.642121571442,0.605192723672,0.415705509037,0.0346318567935,0.0544308269892
490,0.66731876804,0.603516435204,0.415705509037,0.034746625701,0.0544308269892
491,0.68788859515,0.637705001256,0.468974658591,0.031829189403,0.0494684597103
492,0.694291350973,0.63135888609,0.468974658591,0.0323902024856,0.0494684597103
493,0.657365325797,0.594294780716,0.468974658591,0.0360269437685,0.0494684597103
494,0.722452898896,0.688827434509,0.51410430937,0.0272636502706,0.0452643396106
495,0.663530147659,0.600080397552,0.51410430937,0.0351422406981,0.0452643396106
496,0.680900948783,0.582726320505,0.51410430937,0.0365973339203,0.0452643396106
497,0.689952530232,0.633635752559,0.46935312802,0.0321509543106,0.0494332028247
498,0.614955891052,0.543637590702,0.46935312802,0.0401664376368,0.0494332028247
499,0.667200433932,0.644738529497,0.509598764286,0.0312819706057,0.0456840603999
