generation,train,validation,test,validmse,testmse
0,0.611866237679,0.613676311767,0.423619943189,0.0341623465676,0.0536935460416
1,0.663553207276,0.65064733257,0.529018421838,0.0307709817476,0.0438749931628
2,0.645152537012,0.640761871924,0.529018421838,0.0315805935933,0.0438749931628
3,0.642658843599,0.618698643033,0.529018421838,0.0337247491303,0.0438749931628
4,0.560334096162,0.552809979386,0.529018421838,0.0394800058296,0.0438749931628
5,0.661156187146,0.630758449611,0.510751753947,0.032594069683,0.045576651924
6,0.681034010917,0.647995252461,0.52932550542,0.0310531772459,0.0438463863325
7,0.61609248817,0.572392292335,0.52932550542,0.0377789963267,0.0438463863325
8,0.662249213889,0.625645617887,0.403029267773,0.0331440750363,0.0556117011987
9,0.664152401227,0.645859781487,0.434396822584,0.0312455554242,0.052689609727
10,0.676024902954,0.67464184917,0.500463183668,0.0286629711745,0.0465350990726
11,0.673537404871,0.651913800238,0.500463183668,0.0306599937019,0.0465350990726
12,0.688983236487,0.661390677972,0.523535610761,0.0298813711041,0.044385752627
13,0.669183162265,0.618123426849,0.523535610761,0.0335461127409,0.044385752627
14,0.709569095854,0.641201647174,0.531762422157,0.0318241778663,0.04361937171
15,0.650716813611,0.610351518567,0.531762422157,0.0344497542261,0.04361937171
16,0.719027401154,0.700911286219,0.553347121394,0.0264685916087,0.0416086167774
17,0.69044905869,0.678116059622,0.553347121394,0.0286983888593,0.0416086167774
18,0.752037444148,0.737403774154,0.609632134303,0.0229334267651,0.036365302238
19,0.68429899324,0.627962584995,0.609632134303,0.0328180439417,0.036365302238
20,0.777124158908,0.762824833304,0.623988430152,0.0209857696548,0.0350279200316
21,0.774554826661,0.753627479769,0.623988430152,0.0219264090016,0.0350279200316
22,0.722494771542,0.698399829862,0.623988430152,0.0265980396905,0.0350279200316
23,0.738666547095,0.729291119152,0.62423937832,0.0236851358255,0.0350045425797
24,0.692613499862,0.691530470654,0.62423937832,0.0270521547566,0.0350045425797
25,0.686754456261,0.676514874532,0.62423937832,0.028474146314,0.0350045425797
26,0.709983543922,0.678980670035,0.594576059743,0.0281104173227,0.0377678733767
27,0.649241162742,0.651926505763,0.594576059743,0.0304738351043,0.0377678733767
28,0.723801042591,0.719535211323,0.60938092978,0.0244948365923,0.0363887035711
29,0.741626232892,0.678316084943,0.60938092978,0.0280929289189,0.0363887035711
30,0.549695575921,0.482673066224,0.60938092978,0.0451174917785,0.0363887035711
31,0.723801042591,0.719535211323,0.60938092978,0.0244948365923,0.0363887035711
32,0.740581243959,0.702247317171,0.60938092978,0.0260558668407,0.0363887035711
33,0.750388272312,0.686731285845,0.60938092978,0.0275171770364,0.0363887035711
34,0.729744574338,0.722458211452,0.62341014657,0.0243274605217,0.0350817909033
35,0.735222294943,0.729799036108,0.607033518762,0.0236243625953,0.0366073801545
36,0.743112177226,0.732829866181,0.599108384553,0.0233224102676,0.037345657882
37,0.735228573926,0.703240546124,0.599108384553,0.0259816276589,0.037345657882
38,0.73350452866,0.702139251087,0.599108384553,0.0259269239509,0.037345657882
39,0.568801809989,0.512754031179,0.599108384553,0.0426726666415,0.037345657882
40,0.661242337546,0.616173705278,0.525433872061,0.0336344399397,0.0442089172571
41,0.653119362623,0.636488516617,0.551357095601,0.031952504359,0.0417940006058
42,0.695728564929,0.610460870562,0.551357095601,0.0341048983476,0.0417940006058
43,0.627969802607,0.602958994458,0.551357095601,0.0350245056006,0.0417940006058
44,0.622535301504,0.575875650189,0.551357095601,0.0372197564033,0.0417940006058
45,0.655035451362,0.62670148365,0.530973770126,0.0328330855985,0.0436928397693
46,0.625035466947,0.598484319949,0.530973770126,0.0354540233013,0.0436928397693
47,0.665664479293,0.630638976624,0.491860983529,0.0324842260596,0.0473364498893
48,0.643455542702,0.587771900843,0.491860983529,0.0363628239137,0.0473364498893
49,0.617791588923,0.559758729268,0.491860983529,0.0390834534895,0.0473364498893
50,0.661676788004,0.612692547545,0.484965065557,0.0340634018401,0.0479788494392
51,0.664277684233,0.606445858331,0.484965065557,0.0345561407019,0.0479788494392
52,0.653072262543,0.633528518431,0.507161843219,0.0321711793057,0.0459110754258
53,0.653909467217,0.640390040385,0.476830910364,0.0320560751361,0.0487365988291
54,0.760032944953,0.71619539466,0.594576663963,0.0250120543675,0.0377678170898
55,0.749413916931,0.718546624912,0.575473762874,0.0248616795334,0.0395473764049
56,0.719247862767,0.711712038286,0.575473762874,0.0251761726912,0.0395473764049
57,0.722286887489,0.720083262766,0.58442057255,0.0244815419301,0.0387139229716
58,0.738480987428,0.737383217293,0.588069142754,0.0231841405124,0.0383740349586
59,0.753038867051,0.727757318643,0.588069142754,0.0239158904024,0.0383740349586
60,0.731866622546,0.721183163596,0.588069142754,0.0244609182939,0.0383740349586
61,0.759923843093,0.759171363045,0.548416185061,0.0211454163511,0.0420679655247
62,0.721735705209,0.706995494953,0.548416185061,0.0257869061118,0.0420679655247
63,0.759923843093,0.759171363045,0.548416185061,0.0211454163511,0.0420679655247
64,0.768789095515,0.744416976228,0.548416185061,0.0224400662515,0.0420679655247
65,0.813243329897,0.7908653035,0.628771106209,0.0183713754715,0.0345823826921
66,0.730278638388,0.697323199375,0.628771106209,0.026671496983,0.0345823826921
67,0.724412469514,0.67425080304,0.628771106209,0.0284484407164,0.0345823826921
68,0.733036506119,0.719575546851,0.581271245584,0.024874227359,0.0390073032341
69,0.622464207877,0.583525716268,0.581271245584,0.036666319284,0.0390073032341
70,0.757457638593,0.725549678373,0.529558088741,0.0241175462218,0.0438247196855
71,0.628501525727,0.5953060282,0.529558088741,0.0355033162585,0.0438247196855
72,0.730806099844,0.702621898147,0.596490090619,0.0262299711982,0.0375895689685
73,0.64893108015,0.602903768335,0.596490090619,0.0351383002783,0.0375895689685
74,0.765488570192,0.746792908157,0.669035420655,0.0221345035012,0.0308315002734
75,0.736875674656,0.69301239922,0.669035420655,0.0270981230631,0.0308315002734
76,0.616011942407,0.585951723731,0.669035420655,0.0361789736389,0.0308315002734
77,0.757952235627,0.744938785863,0.601102278858,0.0226212587117,0.0371599136766
78,0.713285048168,0.687612738678,0.601102278858,0.0274018375747,0.0371599136766
79,0.758054708279,0.736986628552,0.590387181687,0.0232722804618,0.0381580945756
80,0.747496101885,0.736100996328,0.590387181687,0.0232359179225,0.0381580945756
81,0.767269879319,0.762423173634,0.643661962684,0.0208753649355,0.0331952026911
82,0.758686136626,0.744550147483,0.643661962684,0.0222316367815,0.0331952026911
83,0.614253129951,0.593874370441,0.643661962684,0.0356135351755,0.0331952026911
84,0.759656840194,0.740162253927,0.6205637992,0.0228110690707,0.0353469466487
85,0.648927332783,0.611886880258,0.6205637992,0.0341459159365,0.0353469466487
86,0.740655953031,0.711042800467,0.583715718151,0.0254479523467,0.038779584737
87,0.728685919516,0.678890140472,0.583715718151,0.0282853408388,0.038779584737
88,0.679546385126,0.660307676314,0.583715718151,0.030030032431,0.038779584737
89,0.73683679787,0.717504307805,0.576568277856,0.0247891028151,0.0394454152251
90,0.648165508303,0.596488273948,0.576568277856,0.0354318798681,0.0394454152251
91,0.744409896813,0.732645852127,0.58048014273,0.0234418199076,0.0390809996034
92,0.736333955372,0.735814687153,0.586859437376,0.0231774251624,0.0384867268719
93,0.724284332924,0.703693994397,0.586859437376,0.0259818508451,0.0384867268719
94,0.619904080271,0.606094924839,0.586859437376,0.0347049550987,0.0384867268719
95,0.74082826059,0.744081829856,0.607886485529,0.0224297349998,0.0365279207598
96,0.75392361701,0.762332404418,0.58274807027,0.0208805313904,0.0388697274223
97,0.739563170059,0.730122740682,0.58274807027,0.0236493153162,0.0388697274223
98,0.703910935322,0.685140810422,0.58274807027,0.0276588879453,0.0388697274223
99,0.739054856072,0.713745284497,0.586231740937,0.0250283995496,0.0385452008722
100,0.677627922456,0.659058953655,0.586231740937,0.0301997592009,0.0385452008722
101,0.742110232453,0.717298429705,0.537700512478,0.0247611573976,0.0430662000271
102,0.73527600446,0.736429578445,0.59652788477,0.0230355310375,0.0375860481978
103,0.723643323205,0.66812421555,0.59652788477,0.0291548793022,0.0375860481978
104,0.778049049987,0.759062199323,0.633989086697,0.0212464411266,0.0340962939173
105,0.679752346883,0.662391423373,0.633989086697,0.0298388615686,0.0340962939173
106,0.744600690439,0.70046615936,0.554808278843,0.026588280363,0.0414725004704
107,0.808239166673,0.786458813774,0.624846716646,0.0186562264409,0.0349479650699
108,0.723362755567,0.703053570309,0.624846716646,0.0261697342612,0.0349479650699
109,0.80301971244,0.7809972195,0.628532356355,0.0190125168988,0.0346046237917
110,0.707475003099,0.690654753299,0.628532356355,0.0271566888878,0.0346046237917
111,0.707373849294,0.638670304588,0.628532356355,0.0316203016282,0.0346046237917
112,0.769158631376,0.73693705306,0.506678420553,0.0229399952804,0.0459561093871
113,0.787399591172,0.749725683317,0.630461269814,0.0218069159018,0.0344249329742
114,0.762248191389,0.722440704131,0.630461269814,0.024116117468,0.0344249329742
115,0.804475013244,0.743964487687,0.605507527505,0.0222741913959,0.0367495361518
116,0.698015989496,0.569738168293,0.605507527505,0.0377919895394,0.0367495361518
117,0.78669005289,0.738781891558,0.574371173472,0.0227559823399,0.0396500897693
118,0.768324220326,0.737762243083,0.574371173472,0.0229479591647,0.0396500897693
119,0.721970199916,0.668488357196,0.574371173472,0.0290294555828,0.0396500897693
120,0.751481613084,0.711756196604,0.628223560237,0.0251774550889,0.0346333901558
121,0.74590233946,0.709953767992,0.628223560237,0.0253713882165,0.0346333901558
122,0.783171384298,0.782916538208,0.627663414376,0.0188522471542,0.0346855713811
123,0.787282097847,0.774674272562,0.627663414376,0.0196367980918,0.0346855713811
124,0.78086545136,0.782588423476,0.584866478558,0.018981106785,0.0386723839305
125,0.700524242699,0.680859212822,0.584866478558,0.0281690317179,0.0386723839305
126,0.765854407507,0.77402449401,0.574357836606,0.0197279368567,0.039651332185
127,0.732237159744,0.69718517929,0.574357836606,0.0264585077897,0.039651332185
128,0.776229178557,0.780411230975,0.57249166932,0.0191284564438,0.0398251777889
129,0.703164280776,0.705271649289,0.57249166932,0.0260681699522,0.0398251777889
130,0.766812967028,0.768161098255,0.536305058986,0.0201619735936,0.0431961955837
131,0.768245126959,0.763419504656,0.536305058986,0.0205892564983,0.0431961955837
132,0.610930599686,0.570917686507,0.536305058986,0.0379410358489,0.0431961955837
133,0.777667760987,0.780700367857,0.538724555373,0.0190545745709,0.04297080378
134,0.769954417371,0.760417900206,0.538724555373,0.020882352595,0.04297080378
135,0.777667760987,0.780700367857,0.538724555373,0.0190545745709,0.04297080378
136,0.738142658521,0.699549664318,0.538724555373,0.026061902218,0.04297080378
137,0.64285066703,0.61877366804,0.538724555373,0.0334363497475,0.04297080378
138,0.786990746643,0.782874485577,0.61412657514,0.0189091383183,0.0359466158815
139,0.684116028734,0.653664643992,0.61412657514,0.0308355890932,0.0359466158815
140,0.782620300727,0.757818371793,0.621443276068,0.0212158932169,0.035265017666
141,0.70414527254,0.646390185631,0.621443276068,0.0310733888097,0.035265017666
142,0.781562658763,0.756163296697,0.658251393678,0.0214754349437,0.0318361024316
143,0.759598436016,0.725733170573,0.658251393678,0.0242533940666,0.0318361024316
144,0.782328408678,0.753112865412,0.645797301943,0.0216915090715,0.0329962819696
145,0.763866939435,0.718282722642,0.645797301943,0.0248666567505,0.0329962819696
146,0.775055564829,0.742689608963,0.631904328857,0.0226264360265,0.0342905026512
147,0.703819597837,0.660901115269,0.631904328857,0.029836676858,0.0342905026512
148,0.775055564829,0.742689608963,0.631904328857,0.0226264360265,0.0342905026512
149,0.773207474291,0.766735978264,0.595585322546,0.0204275943011,0.0376738539912
150,0.789837711578,0.759183065131,0.595585322546,0.0211575992207,0.0376738539912
151,0.807069472665,0.774834127007,0.620195615476,0.0195494399859,0.035381245354
152,0.807069472665,0.774834127007,0.620195615476,0.0195494399859,0.035381245354
153,0.788906007372,0.764701031748,0.620195615476,0.0206208072342,0.035381245354
154,0.767884612163,0.762459195203,0.620195615476,0.0207622461842,0.035381245354
155,0.798630141268,0.779917452721,0.629676567707,0.0192748116342,0.0344980330723
156,0.778504152314,0.732018196245,0.629676567707,0.0232641298371,0.0344980330723
157,0.79732528554,0.785938446471,0.620464557162,0.018795582874,0.0353561916891
158,0.792441496039,0.776715361093,0.620464557162,0.0196570214416,0.0353561916891
159,0.74736372358,0.720657620453,0.620464557162,0.024527939268,0.0353561916891
160,0.592278193043,0.548610700622,0.620464557162,0.0396188402998,0.0353561916891
161,0.768809386336,0.762038386178,0.617648582913,0.0208419187924,0.035618517981
162,0.774168992456,0.762905699917,0.63978271052,0.0210174597624,0.033556580227
163,0.783858901798,0.754957031733,0.63978271052,0.0215482875946,0.033556580227
164,0.779014703326,0.774609294668,0.634764810018,0.0198703395528,0.0340240302515
165,0.795607143518,0.795194899519,0.628941757829,0.0179373574386,0.0345664853853
166,0.788905523932,0.77692549889,0.628941757829,0.0198406963219,0.0345664853853
167,0.782301536364,0.739896550243,0.628941757829,0.0229802414408,0.0345664853853
168,0.762147513741,0.729796079637,0.628941757829,0.0240379992865,0.0345664853853
169,0.777117041513,0.763254153988,0.634533573564,0.0207761242112,0.0340455714291
170,0.791181465176,0.79095687689,0.660202261585,0.018298606689,0.0316543664146
171,0.728977754779,0.714813996294,0.660202261585,0.0249931861568,0.0316543664146
172,0.778447585644,0.770837996926,0.636880738888,0.0202636730186,0.0338269177337
173,0.769900856722,0.763415060945,0.636880738888,0.0208570652321,0.0338269177337
174,0.76137411429,0.75121426711,0.636880738888,0.0218380373206,0.0338269177337
175,0.693374705689,0.653457499792,0.636880738888,0.0305728171446,0.0338269177337
176,0.78409114943,0.77630737058,0.649658969711,0.0198453869846,0.0326365425344
177,0.744979195015,0.706917200214,0.649658969711,0.0260599783501,0.0326365425344
178,0.753418477162,0.756708779359,0.616638428207,0.021384774712,0.0357126204531
179,0.740565335476,0.730846302394,0.616638428207,0.0235405593191,0.0357126204531
180,0.754465136031,0.74448836061,0.615676748852,0.0226617200432,0.0358022071313
181,0.724011460985,0.70511485303,0.615676748852,0.0259414955726,0.0358022071313
182,0.733878653098,0.702889308809,0.615676748852,0.0261197957947,0.0358022071313
183,0.698125813092,0.651944975225,0.615676748852,0.0307736278314,0.0358022071313
184,0.72493077013,0.711917429828,0.573334760021,0.025431472402,0.039746638414
185,0.715261576621,0.654103753024,0.573334760021,0.0303101840581,0.039746638414
186,0.762615024034,0.754484558337,0.598470064935,0.0213997027185,0.0374051215005
187,0.748618692708,0.729584240644,0.598470064935,0.0238764924143,0.0374051215005
188,0.744018412182,0.720362733246,0.598470064935,0.0245367124233,0.0374051215005
189,0.76085326912,0.763167517241,0.588671410308,0.0205840169766,0.038317929824
190,0.773720321764,0.770821005986,0.604824293782,0.0198596327936,0.0368131838108
191,0.717462329803,0.692143531973,0.604824293782,0.0268884692174,0.0368131838108
192,0.698545293255,0.610693734012,0.604824293782,0.0338584140989,0.0368131838108
193,0.682192225455,0.637888349505,0.093245893082,0.0315251372078,0.0844700346808
194,0.673670652818,0.605225476276,0.093245893082,0.034334603719,0.0844700346808
195,0.683849773342,0.632936512369,0.193296377499,0.0321780047691,0.0751496822015
196,0.679402666859,0.639620859878,0.176251573379,0.0317228191185,0.076737516416
197,0.653452377836,0.627507592753,0.176251573379,0.0331751755702,0.076737516416
198,0.702459616918,0.669868984693,0.311678300796,0.0290001035965,0.0641216371227
199,0.618369154426,0.573801984135,0.311678300796,0.0368966500012,0.0641216371227
200,0.680217941984,0.622680702698,0.165192013901,0.0335703889186,0.0777677862164
201,0.673005730034,0.633278743007,0.436551686929,0.0327161582974,0.0524888701169
202,0.695037639196,0.672458682562,0.449705398987,0.0291571909813,0.0512635164016
203,0.673005730034,0.633278743007,0.449705398987,0.0327161582974,0.0512635164016
204,0.671698693364,0.653560598197,0.466349309962,0.0306393028008,0.0497130279874
205,0.6745080672,0.65017035114,0.466349309962,0.0310196487298,0.0497130279874
206,0.66223765219,0.639687192751,0.466349309962,0.0318728667602,0.0497130279874
207,0.684553318689,0.653715585171,0.495625044506,0.0308010422527,0.0469858031606
208,0.655456168203,0.651665230182,0.495625044506,0.0307864728479,0.0469858031606
209,0.684553318689,0.653715585171,0.495625044506,0.0308010422527,0.0469858031606
210,0.716643875938,0.666803430996,0.528290059107,0.0292681943325,0.0439428448821
211,0.72292831208,0.666870657901,0.533821660547,0.0294156650903,0.0434275402787
212,0.69196194972,0.663119635375,0.533821660547,0.0293948565445,0.0434275402787
213,0.641707161506,0.59457826751,0.533821660547,0.035175497067,0.0434275402787
214,0.735457758422,0.692101046593,0.522831095084,0.0271521172066,0.0444513828384
215,0.716603131798,0.674651284184,0.522831095084,0.0284536872832,0.0444513828384
216,0.715552202897,0.653281862501,0.522831095084,0.0305612138393,0.0444513828384
217,0.697805720055,0.660652658678,0.520051949668,0.0294409436891,0.0447102782852
218,0.659395510849,0.606624196674,0.520051949668,0.0342234798987,0.0447102782852
219,0.668711843754,0.62357036132,0.463179357872,0.0332348320798,0.0500083296144
220,0.650928140245,0.586722836254,0.463179357872,0.0365680448419,0.0500083296144
221,0.660064475611,0.637825971469,0.451620783798,0.0319408907599,0.0510850858655
222,0.630894677008,0.598734314629,0.451620783798,0.0352344036644,0.0510850858655
223,0.662427607402,0.632824373962,0.468951068545,0.0325030036032,0.0494706572763
224,0.644808473961,0.612691430158,0.468951068545,0.0342925152856,0.0494706572763
225,0.595676330226,0.569650279644,0.468951068545,0.0381635458289,0.0494706572763
226,0.620653736497,0.607439501918,0.49269564864,0.0344409515554,0.0472586954128
227,0.645664442523,0.621890773213,0.504304587579,0.033183752013,0.0461772473473
228,0.55199300027,0.522904875424,0.504304587579,0.0421624114626,0.0461772473473
229,0.703327281293,0.640571645856,0.496785917441,0.031575609274,0.0468776603065
230,0.670051983942,0.596341963936,0.496785917441,0.0356518456703,0.0468776603065
231,0.667578261494,0.62329331045,0.453965231465,0.0331276981383,0.0508666853375
232,0.625046014837,0.578434886361,0.453965231465,0.0371897147259,0.0508666853375
233,0.616094864394,0.584664301056,0.333707166105,0.0365865263899,0.0620695052355
234,0.616810859328,0.579076440481,0.333707166105,0.0371186459603,0.0620695052355
235,0.616810859328,0.579076440481,0.333707166105,0.0371186459603,0.0620695052355
236,0.665810177497,0.621249897229,0.363432339271,0.0334538619651,0.0593004122818
237,0.660458225369,0.623850822395,0.26727773674,0.0332414685407,0.0682578380586
238,0.657148954322,0.603095377151,0.26727773674,0.0349224829226,0.0682578380586
239,0.762540717371,0.753503254982,0.565997041924,0.0218553829962,0.0404301945153
240,0.656298736841,0.603457453879,0.565997041924,0.0350575601714,0.0404301945153
241,0.760420437117,0.729984009185,0.580214863135,0.0236774894852,0.0391057121208
242,0.751425091079,0.725576780431,0.580214863135,0.0241288219749,0.0391057121208
243,0.599285429484,0.54533909861,0.580214863135,0.0399717481191,0.0391057121208
244,0.676313783142,0.661851454385,0.570796519178,0.0297608067561,0.0399830920352
245,0.697362306591,0.691185290403,0.556912797964,0.0272115635071,0.0412764508449
246,0.705765067277,0.706639411716,0.578403534085,0.025920336133,0.0392744491869
247,0.651680344324,0.622375944982,0.578403534085,0.0333450443495,0.0392744491869
248,0.709454918225,0.688105926797,0.570844367965,0.0276451822193,0.0399786346098
249,0.709458958918,0.666451367341,0.570844367965,0.0292225935268,0.0399786346098
250,0.693336887828,0.653973613029,0.570844367965,0.0303866541431,0.0399786346098
251,0.64931067664,0.597821282484,0.570844367965,0.0353670672527,0.0399786346098
252,0.662806082581,0.5892442802,0.570844367965,0.0365387149331,0.0399786346098
253,0.717095444048,0.694181924661,0.546277316104,0.0271013184881,0.0422672150606
254,0.68545079273,0.629017245922,0.546277316104,0.0330257924674,0.0422672150606
255,0.71575262359,0.692553296992,0.477711840064,0.027147380595,0.0486545345057
256,0.623104723672,0.592721552159,0.477711840064,0.0358370270965,0.0486545345057
257,0.671825381525,0.67422997346,0.405865898313,0.0287490800795,0.0553474506392
258,0.683150528105,0.628157400222,0.405865898313,0.0324919361262,0.0553474506392
259,0.676133551309,0.687283778544,0.434367515282,0.0275885415806,0.0526923398925
260,0.758539835671,0.759429253804,0.590611340648,0.0211961550635,0.0381372127125
261,0.770838787268,0.753593527078,0.590611340648,0.0218230088424,0.0381372127125
262,0.773226976588,0.762128786124,0.666608746673,0.0207460308846,0.0310575607168
263,0.761230344345,0.744848663697,0.666608746673,0.0223300914655,0.0310575607168
264,0.783654641503,0.764409720591,0.663012354415,0.0208693749826,0.0313925880152
265,0.78088361867,0.766699520914,0.619000477439,0.0206028269284,0.035492580225
266,0.714223877861,0.635678043323,0.619000477439,0.0322074042806,0.035492580225
267,0.752573897235,0.752689053242,0.604148586082,0.0218984893122,0.036876130372
268,0.767139460434,0.730354531156,0.604148586082,0.0236990323914,0.036876130372
269,0.745466275565,0.741909521328,0.618331459723,0.0228541713717,0.0355549035707
270,0.759183902417,0.725356947253,0.618331459723,0.0241608557287,0.0355549035707
271,0.747805345435,0.735450928823,0.614220264853,0.0232314354683,0.0359378880762
272,0.577929132796,0.539363962786,0.614220264853,0.0407431794139,0.0359378880762
273,0.572677949313,0.570289696781,0.332884431897,0.0379534004081,0.0621461482709
274,0.568928526482,0.547994712437,0.332884431897,0.0399878674915,0.0621461482709
275,0.572677949313,0.570289696781,0.332884431897,0.0379534004081,0.0621461482709
276,0.563830114386,0.53431485367,0.332884431897,0.0412883217134,0.0621461482709
277,0.62845512904,0.61344499733,0.223624430676,0.0337806508637,0.0723244270589
278,0.647794314527,0.592005992126,0.223624430676,0.0358693413028,0.0723244270589
279,0.641061136974,0.617103413444,0.480835057325,0.033702836648,0.0483635865316
280,0.677212318034,0.649122343836,0.528439978856,0.0308267025928,0.0439288788837
281,0.69263461443,0.70844468112,0.56598462066,0.0256720512054,0.0404313516367
282,0.700468112405,0.719400303381,0.538438742891,0.0245313450485,0.0429974290691
283,0.658958415362,0.593862545069,0.538438742891,0.0360208954928,0.0429974290691
284,0.707065644946,0.734662259626,0.531605599896,0.0231736615267,0.0436339807223
285,0.684664334538,0.67580445493,0.531605599896,0.028054081498,0.0436339807223
286,0.700468112405,0.719400303381,0.538438742891,0.0245313450485,0.0429974290691
287,0.747334732785,0.756840277358,0.627086452448,0.0214888141024,0.0347393191322
288,0.651807286323,0.67286252044,0.627086452448,0.0286687688133,0.0347393191322
289,0.73363426698,0.742192142807,0.600421090179,0.0228009349445,0.0372233708265
290,0.698982351844,0.664204518408,0.600421090179,0.0294544203269,0.0372233708265
291,0.746870167403,0.731015961171,0.5690622626,0.0237884187288,0.0401446492999
292,0.729432772004,0.698653545863,0.5690622626,0.0263658111591,0.0401446492999
293,0.729368640084,0.721890169405,0.589421151264,0.0244964717728,0.0382480865842
294,0.679976207669,0.635050677599,0.589421151264,0.0319455804198,0.0382480865842
295,0.729368640084,0.721890169405,0.589421151264,0.0244964717728,0.0382480865842
296,0.743213601738,0.725301273147,0.630152857324,0.0240149458159,0.0344536636008
297,0.634366068145,0.585379944605,0.630152857324,0.0365642407736,0.0344536636008
298,0.725650792307,0.710172667897,0.615639326118,0.0254150597209,0.0358056933021
299,0.725650792307,0.710172667897,0.615639326118,0.0254150597209,0.0358056933021
300,0.724545917125,0.717546144553,0.629844928758,0.0248235725275,0.0344823491469
301,0.755908534208,0.725569729394,0.610812140987,0.0243166551597,0.036255376951
302,0.762524500762,0.720505340574,0.610812140987,0.0249795846518,0.036255376951
303,0.745618717222,0.702466402123,0.610812140987,0.0264423601718,0.036255376951
304,0.739095125181,0.688514316277,0.610812140987,0.0274085023099,0.036255376951
305,0.662037801332,0.580340820561,0.610812140987,0.0373091484761,0.036255376951
306,0.764094925315,0.7349333599,0.621348307263,0.023557231425,0.0352738646271
307,0.753724257786,0.704069387314,0.621348307263,0.0261534558301,0.0352738646271
308,0.768624483094,0.746495214133,0.607313280147,0.0226558507467,0.0365813185643
309,0.75896722618,0.746199560588,0.607313280147,0.0226277031508,0.0365813185643
310,0.748972832532,0.73646520995,0.607313280147,0.022920765011,0.0365813185643
311,0.775880087271,0.769420665496,0.656300739899,0.0203382705429,0.0320178185012
312,0.766981071498,0.739849548897,0.656300739899,0.0228268673998,0.0320178185012
313,0.796054136531,0.768733909338,0.640811284968,0.0204512747839,0.0334607618363
314,0.78913947419,0.743262141565,0.640811284968,0.0224343836878,0.0334607618363
315,0.677559129302,0.585739156124,0.640811284968,0.0365113841128,0.0334607618363
316,0.624033620824,0.553748254561,0.640811284968,0.0395428033706,0.0334607618363
317,0.554670603566,0.522584149501,0.640811284968,0.0417623126947,0.0334607618363
318,0.78434240849,0.768158177444,0.601180280386,0.0203922947131,0.0371526473276
319,0.707332967312,0.627677786411,0.601180280386,0.0330985279725,0.0371526473276
320,0.78434240849,0.768158177444,0.601180280386,0.0203922947131,0.0371526473276
321,0.774538312783,0.736525168692,0.601180280386,0.02309157859,0.0371526473276
322,0.715963640541,0.648628655543,0.601180280386,0.0309899746095,0.0371526473276
323,0.801367521773,0.783608748384,0.60965024541,0.0192975912266,0.0363636150709
324,0.73923971871,0.680150838218,0.60965024541,0.0282507424242,0.0363636150709
325,0.769237278144,0.741767975512,0.619082834055,0.0228793441854,0.0354849081713
326,0.694661921033,0.593231800697,0.619082834055,0.0362142125741,0.0354849081713
327,0.802147276258,0.778771396122,0.633029761564,0.0192672325523,0.0341856612846
328,0.715539968141,0.663514487851,0.633029761564,0.0296103110057,0.0341856612846
329,0.663131290758,0.59198627403,0.633029761564,0.0360636816708,0.0341856612846
330,0.625112413064,0.610825040336,0.323942486694,0.0339984799513,0.062979148547
331,0.666709943597,0.644307335593,0.337973420409,0.0310832169392,0.0616720759365
332,0.582442526105,0.562542775713,0.337973420409,0.037997344834,0.0616720759365
333,0.631575900031,0.597389738014,0.404802248427,0.0349176553429,0.0554465365348
334,0.656083734559,0.557231629852,0.404802248427,0.0382626804141,0.0554465365348
335,0.626190191037,0.565557886532,0.366384341676,0.0374907671363,0.0590254140837
336,0.579823099317,0.546185084178,0.366384341676,0.0395175482857,0.0590254140837
337,0.635861667103,0.562596128106,0.298495317824,0.0378692165371,0.0653497176136
338,0.620341241635,0.59158433069,0.54297596607,0.035688680952,0.0425747572594
339,0.600826746447,0.563554254158,0.54297596607,0.0379834608707,0.0425747572594
340,0.604723715473,0.582603853189,0.440817330343,0.0364782386021,0.0520914977263
341,0.72166913982,0.716844298952,0.61162928741,0.0250157390169,0.0361792544541
342,0.761713044857,0.751065036279,0.625285116401,0.0221635707951,0.0349071252852
343,0.666415232222,0.647936434604,0.625285116401,0.0312200944585,0.0349071252852
344,0.785284883631,0.762617967309,0.629625170614,0.0212342830062,0.0345028210454
345,0.753447718498,0.725848938022,0.629625170614,0.0244164058812,0.0345028210454
346,0.776158525106,0.764752379271,0.638193488334,0.0209314157752,0.0337046265961
347,0.739559797196,0.740443481525,0.638193488334,0.0230356991945,0.0337046265961
348,0.767357938367,0.766466646102,0.636368101675,0.0207293846133,0.0338746732198
349,0.766862762145,0.754710683361,0.636368101675,0.0214312688552,0.0338746732198
350,0.787469946334,0.769349533391,0.645892367135,0.0203119692661,0.0329874260294
351,0.757821539656,0.737867806689,0.645892367135,0.02301783324,0.0329874260294
352,0.777577601407,0.732609780077,0.645892367135,0.023475201885,0.0329874260294
353,0.756184151443,0.751017107515,0.616889948832,0.0219926658109,0.0356891896732
354,0.749508882185,0.745804195405,0.616889948832,0.0222289864039,0.0356891896732
355,0.624520274121,0.568800725708,0.616889948832,0.0382467151226,0.0356891896732
356,0.761431677079,0.755871097503,0.628857627564,0.0215377511381,0.0345743226659
357,0.53722821527,0.515808695475,0.628857627564,0.0428634392306,0.0345743226659
358,0.766562610484,0.764036234732,0.621487678027,0.0208777025378,0.0352608813351
359,0.751333952855,0.751618360655,0.621487678027,0.0220572388724,0.0352608813351
360,0.740746297032,0.729423923191,0.621487678027,0.0239101777495,0.0352608813351
361,0.773828406913,0.742841595418,0.573179881942,0.0227227492138,0.0397610663131
362,0.738879213644,0.711863280071,0.573179881942,0.0252081998286,0.0397610663131
363,0.768051553222,0.763013071151,0.615489368933,0.0207842019987,0.0358196627879
364,0.79558936965,0.763088341639,0.602032015446,0.0209639069739,0.0370733026745
365,0.7176675766,0.706471649204,0.602032015446,0.0260984449056,0.0370733026745
366,0.79982999729,0.775620446383,0.575438131935,0.0199786314924,0.0395506956582
367,0.784947277414,0.757032717256,0.575438131935,0.0212130160216,0.0395506956582
368,0.784582436053,0.777500286472,0.597895594967,0.0196580174987,0.0374586371094
369,0.713226286999,0.689671370335,0.597895594967,0.0271289755173,0.0374586371094
370,0.776655605368,0.764721444503,0.623142372367,0.0208142477113,0.0351067358097
371,0.775903588248,0.743489437224,0.623142372367,0.0226006085741,0.0351067358097
372,0.778981646021,0.774092170878,0.633920431585,0.019800282689,0.034102689587
373,0.767258784399,0.767637983281,0.633920431585,0.0202772325794,0.034102689587
374,0.756718203785,0.724220738156,0.633920431585,0.0241118941277,0.034102689587
375,0.801483756293,0.791713472554,0.666400410779,0.0183508288302,0.0310769685585
376,0.808813503159,0.816489246707,0.662729411655,0.0161398103349,0.031418945971
377,0.816946984698,0.823531794409,0.637532506781,0.0155796888455,0.033766201321
378,0.816946984698,0.823531794409,0.637532506781,0.0155796888455,0.033766201321
379,0.791978542119,0.781469061633,0.637532506781,0.019318516164,0.033766201321
380,0.787072071966,0.789828029339,0.602372347442,0.0187274089233,0.0370415985386
381,0.784370446197,0.773618842869,0.602372347442,0.0201311338716,0.0370415985386
382,0.782968080444,0.780589536116,0.615003895659,0.0194261052369,0.0358648877767
383,0.822097333172,0.811462344287,0.66262464635,0.0167371224075,0.0314287055398
384,0.803768969102,0.795012612888,0.66262464635,0.0182166551907,0.0314287055398
385,0.785905738404,0.739078015632,0.66262464635,0.0231733155453,0.0314287055398
386,0.749229112354,0.677405847753,0.66262464635,0.0287179911776,0.0314287055398
387,0.797809954323,0.79277841436,0.66245712702,0.0184037263479,0.0314443110534
388,0.697066746723,0.645222332273,0.66245712702,0.0315124307677,0.0314443110534
389,0.762072010025,0.737728400647,0.642611080504,0.0232054802993,0.033293099192
390,0.77074333353,0.732368928466,0.642611080504,0.0237312651149,0.033293099192
391,0.769405168241,0.761690143837,0.593767284432,0.0211048367404,0.0378432160502
392,0.76533479427,0.766015920729,0.60696587519,0.0207301348641,0.0366136815926
393,0.779821239359,0.767103285225,0.650140127581,0.0204352718366,0.0325917195535
394,0.772438904137,0.777935138518,0.652615613991,0.0194910560898,0.0323611119154
395,0.739167460698,0.748969307795,0.652615613991,0.0220877858986,0.0323611119154
396,0.775858615773,0.771813675078,0.64177898948,0.0199509296618,0.0333706138755
397,0.763529793005,0.742362591837,0.64177898948,0.0224579958436,0.0333706138755
398,0.717795710271,0.707869703499,0.64177898948,0.0255361213129,0.0333706138755
399,0.727985217954,0.729109088902,0.586224708313,0.0239165300548,0.0385458560068
400,0.708205383436,0.703742059259,0.586224708313,0.0260364402722,0.0385458560068
401,0.681167343176,0.678198011946,0.586224708313,0.0282631564083,0.0385458560068
402,0.660976861248,0.641329651018,0.586224708313,0.0314912389861,0.0385458560068
403,0.718581568411,0.735567084251,0.57507423529,0.0233685983574,0.0395845949943
404,0.686074275026,0.699895923351,0.57507423529,0.0263170396382,0.0395845949943
405,0.749140320938,0.758593531888,0.526396813099,0.0215590628328,0.044119213045
406,0.732343763501,0.733637882794,0.526396813099,0.0237855462978,0.044119213045
407,0.669963629897,0.643450743601,0.526396813099,0.0313646461317,0.044119213045
408,0.782121828544,0.774372816202,0.522266759309,0.0201803278617,0.0445039543813
409,0.709930082239,0.672499312325,0.522266759309,0.0290949747232,0.0445039543813
410,0.734711212915,0.71372566038,0.448449837743,0.0254308416182,0.0513804800867
411,0.729705037613,0.719371511821,0.440000359424,0.0249675676964,0.0521676038739
412,0.718323260586,0.744436775704,0.475134548715,0.0223608392376,0.048894625935
413,0.620009709689,0.549555620778,0.475134548715,0.0393666006498,0.048894625935
414,0.719426894122,0.696617947252,0.531183241955,0.0266017528673,0.0436733261078
415,0.729719341041,0.687503287112,0.531183241955,0.0275712891176,0.0436733261078
416,0.736669459279,0.719731418069,0.626742118943,0.0244677985692,0.0347713960347
417,0.729671909707,0.719558579181,0.626742118943,0.0243473463043,0.0347713960347
418,0.741335591452,0.740007984191,0.64356386475,0.0226441433632,0.0332043411509
419,0.719476143114,0.697403197503,0.64356386475,0.0263224138722,0.0332043411509
420,0.742426715764,0.684962219049,0.64356386475,0.0276119166472,0.0332043411509
421,0.742759826573,0.732175188419,0.648414445939,0.0231863604319,0.0327524780073
422,0.748001266995,0.710144349929,0.648414445939,0.0252204771645,0.0327524780073
423,0.788953636963,0.775624180573,0.677652601209,0.0194810251388,0.0300287539338
424,0.806681962322,0.804963580786,0.657773226248,0.0171388383921,0.0318806468335
425,0.822438625605,0.811976483189,0.652186064314,0.0165277404783,0.0324011272579
426,0.78623595284,0.777585551732,0.652186064314,0.0194746252268,0.0324011272579
427,0.744760612504,0.731164377329,0.652186064314,0.02373997343,0.0324011272579
428,0.772165638733,0.743247523529,0.637935871637,0.0224907756385,0.0337286252647
429,0.783365050426,0.784234707638,0.637995887067,0.0188575411214,0.0337230344376
430,0.776203087571,0.763099213161,0.637995887067,0.020803250104,0.0337230344376
431,0.76226322151,0.765981703759,0.653456320981,0.0206941645271,0.0322827945987
432,0.762260481459,0.768963082053,0.640430706254,0.0203794162016,0.0334962152155
433,0.791113379112,0.793972516147,0.639170403654,0.0179791054647,0.0336136205887
434,0.762856322708,0.765837734997,0.639170403654,0.0205057448496,0.0336136205887
435,0.781026191526,0.75430579907,0.639170403654,0.0214928766684,0.0336136205887
436,0.791113379112,0.793972516147,0.639170403654,0.0179791054647,0.0336136205887
437,0.707992131005,0.661711873569,0.639170403654,0.0301397265527,0.0336136205887
438,0.770126367641,0.749366450963,0.639731227929,0.0221831166163,0.0335613761648
439,0.63754403682,0.603901633511,0.639731227929,0.0348106692397,0.0335613761648
440,0.761488185339,0.748583919058,0.64830970947,0.022053289856,0.0327622348896
441,0.757853406413,0.744852674402,0.64830970947,0.0223797951353,0.0327622348896
442,0.76927844569,0.747315912822,0.611286018558,0.0221658959522,0.0362112321773
443,0.796695300684,0.757354362095,0.597722092066,0.0213674096878,0.0374748000315
444,0.709217937441,0.676655622978,0.597722092066,0.0287438620671,0.0374748000315
445,0.800167657489,0.779319377709,0.617257717155,0.019167242223,0.0356549296651
446,0.677144086997,0.597634201112,0.617257717155,0.0353559187843,0.0356549296651
447,0.757544950237,0.7205105775,0.575053549301,0.024465355171,0.0395865220286
448,0.757544950237,0.7205105775,0.575053549301,0.024465355171,0.0395865220286
449,0.752547332552,0.740494498024,0.628476949295,0.0227869439276,0.0346097853192
450,0.594093468253,0.551581270829,0.628476949295,0.0395731429761,0.0346097853192
451,0.67043262547,0.629813385967,0.531778458525,0.0326046643637,0.0436178778182
452,0.631542133755,0.579798576066,0.531778458525,0.0371333989474,0.0436178778182
453,0.766189283541,0.770333732988,0.622800704734,0.0201247519267,0.0351385643688
454,0.786470223465,0.778517507783,0.630264457466,0.0192962805632,0.0344432673228
455,0.791835387652,0.785310318419,0.615874362595,0.0187198944003,0.0357837981277
456,0.814582163947,0.789172538479,0.62230009859,0.0183990604432,0.0351851990828
457,0.791888202245,0.769930651705,0.62230009859,0.020195667116,0.0351851990828
458,0.790257798165,0.780853599362,0.619476081444,0.0191953481382,0.0354482746227
459,0.737421840215,0.707466278859,0.619476081444,0.0257189520333,0.0354482746227
460,0.796652236129,0.763294556132,0.628855932555,0.0208110238879,0.034574480567
461,0.74055852153,0.69337244836,0.628855932555,0.0271334622665,0.034574480567
462,0.726380905247,0.658893338628,0.628855932555,0.0301793993296,0.034574480567
463,0.741447806925,0.695177777331,0.61832296915,0.0267182071616,0.0355556945227
464,0.704345622445,0.644147922909,0.61832296915,0.0311129826039,0.0355556945227
465,0.640953603554,0.543863062654,0.61832296915,0.0398164403986,0.0355556945227
466,0.675265161343,0.604443566576,0.497909750444,0.0350704500989,0.0467729679627
467,0.680318834251,0.605985313436,0.469347803432,0.0348614239231,0.0494336988447
468,0.672090263522,0.608764723475,0.548030551723,0.0346005377869,0.0421038897749
469,0.644060810391,0.590440405561,0.548030551723,0.0359315147363,0.0421038897749
470,0.68941110421,0.643836335845,0.522996894775,0.0313836474984,0.0444359375202
471,0.687447204598,0.642033962274,0.522996894775,0.0317612782299,0.0444359375202
472,0.745256706129,0.716019040999,0.5956505218,0.0249053295422,0.0376677802572
473,0.766455303775,0.738910307804,0.620217803476,0.0230496951629,0.0353791783977
474,0.763126799291,0.720441088719,0.620217803476,0.0246018069569,0.0353791783977
475,0.775545304366,0.757589118167,0.591930099126,0.0213353038488,0.0380143617945
476,0.758951662288,0.733272183805,0.591930099126,0.0235825345891,0.0380143617945
477,0.762284354469,0.760360810319,0.611315079472,0.0209297976633,0.0362085249644
478,0.728456010469,0.689524394665,0.611315079472,0.0273591663406,0.0362085249644
479,0.779525571363,0.784038846551,0.580594824799,0.0189108025905,0.0390703162238
480,0.772156568278,0.721798212342,0.580594824799,0.0244636004844,0.0390703162238
481,0.769720553633,0.765107424785,0.59958291827,0.0204945259662,0.0373014519841
482,0.794487726464,0.799842791389,0.617236919412,0.0174224556218,0.03565686711
483,0.790537559586,0.788295476179,0.617236919412,0.0183447263289,0.03565686711
484,0.774028164317,0.767225516109,0.617236919412,0.0204200101174,0.03565686711
485,0.794487726464,0.799842791389,0.617236919412,0.0174224556218,0.03565686711
486,0.704507482787,0.681333304355,0.617236919412,0.028006590535,0.03565686711
487,0.800322462683,0.782417264146,0.622949855176,0.0189908064673,0.0351246700365
488,0.772381470122,0.754800300406,0.622949855176,0.0212382094637,0.0351246700365
489,0.658617264284,0.5951637877,0.622949855176,0.0354453921624,0.0351246700365
490,0.786768280769,0.78606366505,0.616665311795,0.0186141732444,0.0357101160722
491,0.775017706979,0.757005515329,0.616665311795,0.0212225338557,0.0357101160722
492,0.771775507478,0.769928727438,0.612622938725,0.0200715807892,0.0360866893801
493,0.668260840446,0.65534772842,0.612622938725,0.0304947372586,0.0360866893801
494,0.776822259028,0.769648882437,0.663005044872,0.020227487714,0.0313932689466
495,0.71432603162,0.675176726522,0.663005044872,0.0284659861554,0.0313932689466
496,0.776822259028,0.769648882437,0.663005044872,0.020227487714,0.0313932689466
497,0.776383685288,0.776481532098,0.653305733964,0.0196571406907,0.0322968227574
498,0.773983282657,0.756479497715,0.653305733964,0.0213467084017,0.0322968227574
499,0.781365045306,0.771407974909,0.687448039305,0.0202039739389,0.0291162452511
