generation,train,validation,test,validmse,testmse
0,0.669673636805,0.631256129297,0.48427932896,0.0325608887641,0.0480427302573
1,0.669673636805,0.631256129297,0.48427932896,0.0325608887641,0.0480427302573
2,0.669673636805,0.631256129297,0.48427932896,0.0325608887641,0.0480427302573
3,0.737689172359,0.722455767146,0.609144297075,0.0244096979661,0.0364107474446
4,0.675958154786,0.64012712407,0.609144297075,0.0316092714487,0.0364107474446
5,0.741176104746,0.743838342425,0.507695426977,0.0224885310119,0.0458613686329
6,0.753054243933,0.727100166621,0.507695426977,0.0236826934722,0.0458613686329
7,0.689976247538,0.643744177715,0.507695426977,0.0313476882783,0.0458613686329
8,0.756799170195,0.755362359132,0.592701204225,0.0216163235463,0.037942528346
9,0.762507459932,0.759294588394,0.607478003263,0.021243507096,0.0365659735361
10,0.795470340047,0.783114390273,0.647334424132,0.0191861920882,0.0328530890536
11,0.624931719238,0.551765054483,0.647334424132,0.0397899534533,0.0328530890536
12,0.686151149053,0.635736482441,0.514010385066,0.0321559913164,0.0452730892695
13,0.795470340047,0.783114390273,0.647334424132,0.0191861920882,0.0328530890536
14,0.76065644092,0.744265831736,0.647334424132,0.0224030731765,0.0328530890536
15,0.740426004253,0.714436387292,0.647334424132,0.0251101539391,0.0328530890536
16,0.74385983935,0.739400564454,0.612776580462,0.0229262067516,0.0360723766543
17,0.735286755889,0.703656356878,0.612776580462,0.0259686086799,0.0360723766543
18,0.757508390817,0.741999915802,0.620984617268,0.0227514592145,0.0353077447123
19,0.652547340116,0.614913670842,0.620984617268,0.0339087162592,0.0353077447123
20,0.751852211247,0.737899700878,0.610187101775,0.0230990137404,0.0363136034134
21,0.65772251008,0.641299039164,0.610187101775,0.0316767055807,0.0363136034134
22,0.602032509333,0.566510173822,0.610187101775,0.0381924452619,0.0363136034134
23,0.733552226249,0.698471333445,0.586215219624,0.0264921890308,0.0385467399398
24,0.766358991336,0.724611107417,0.608484024898,0.0242595792114,0.0364722560864
25,0.646429095714,0.590901013206,0.608484024898,0.0357050391551,0.0364722560864
26,0.619610800289,0.549409939419,0.608484024898,0.0396212267203,0.0364722560864
27,0.658351831676,0.596363470392,0.376231441889,0.0354857346346,0.0581080927392
28,0.678203716385,0.623636986309,0.547159667865,0.0330111164826,0.0421850182629
29,0.685255196985,0.647464337081,0.526406419517,0.030935764773,0.0441183181447
30,0.762000973232,0.724983782577,0.611163240836,0.0240804168022,0.0362226697195
31,0.817500784385,0.779574000782,0.613995709877,0.0190136708253,0.0359588068307
32,0.690515209883,0.650693517885,0.613995709877,0.0302934484443,0.0359588068307
33,0.815439447499,0.811679242285,0.631501101514,0.0163276819602,0.0343280658973
34,0.70277256668,0.645550529647,0.631501101514,0.0310919407283,0.0343280658973
35,0.76195949188,0.755547230314,0.601931023719,0.0215774026063,0.0370827107099
36,0.765978199307,0.751453522483,0.601931023719,0.021942407087,0.0370827107099
37,0.782866215243,0.775920923418,0.61902629132,0.0198474126539,0.0354901754943
38,0.775692761051,0.760893720267,0.61902629132,0.0210663336864,0.0354901754943
39,0.752509011433,0.752613864784,0.61902629132,0.0217741134605,0.0354901754943
40,0.667567455398,0.651827594487,0.61902629132,0.0305191820809,0.0354901754943
41,0.764462221342,0.743461716835,0.610229423343,0.0226967497901,0.0363096608844
42,0.774003125875,0.750570317938,0.616880606728,0.0218996471722,0.0356900599509
43,0.649917792981,0.646469570711,0.616880606728,0.031039219255,0.0356900599509
44,0.730694510361,0.692115130961,0.592354372816,0.0271508311272,0.0379748379445
45,0.751331152804,0.706594439242,0.592658631333,0.0260178790061,0.0379464942874
46,0.788005649892,0.782361089365,0.646804840949,0.0193545472065,0.0329024231668
47,0.703263013832,0.683091128178,0.646804840949,0.0282595290833,0.0329024231668
48,0.72183911466,0.695886027983,0.585061026784,0.0267042900891,0.0386542604997
49,0.693867913859,0.687802172049,0.585061026784,0.027437356768,0.0386542604997
50,0.716970415388,0.712678928999,0.482796044103,0.0257138616105,0.0481809078761
51,0.654385659361,0.646558085506,0.482796044103,0.0311794568652,0.0481809078761
52,0.654837027375,0.62128446984,0.482796044103,0.0335243844897,0.0481809078761
53,0.720992705593,0.719696049785,0.516550703357,0.0246956160669,0.0450364421206
54,0.756538730242,0.74860319862,0.597470060342,0.0220703998898,0.0374982784236
55,0.746239346896,0.712198887551,0.597470060342,0.0255028867205,0.0374982784236
56,0.695894037019,0.697550239562,0.597470060342,0.0267060441079,0.0374982784236
57,0.702051505717,0.692289865315,0.597470060342,0.0270681782608,0.0374982784236
58,0.817639084321,0.79730186001,0.663395503185,0.0178161337968,0.0313568952186
59,0.785115059101,0.786616595491,0.663395503185,0.0185180723813,0.0313568952186
60,0.741395023015,0.703113231322,0.663395503185,0.026039104425,0.0313568952186
61,0.726470356083,0.704909334453,0.547408805127,0.0261677826311,0.0421618095087
62,0.675983015277,0.65809702421,0.547408805127,0.0302977055992,0.0421618095087
63,0.668360997146,0.637140671198,0.547408805127,0.0318991670766,0.0421618095087
64,0.686968912223,0.669756376359,0.505954065562,0.0291650954105,0.0460235877594
65,0.686839809966,0.635114275659,0.505954065562,0.0323655495507,0.0460235877594
66,0.693346083251,0.688295367721,0.50917676545,0.0275480759753,0.0457233723324
67,0.672922012338,0.65969731531,0.50917676545,0.030016652442,0.0457233723324
68,0.635796387005,0.602590885981,0.50917676545,0.0348974167301,0.0457233723324
69,0.679446275309,0.690308434002,0.490213660717,0.0271537305233,0.047489908709
70,0.727664940856,0.738704473892,0.560618202489,0.0230058775665,0.0409312683458
71,0.649690859625,0.659526914259,0.560618202489,0.0299324212277,0.0409312683458
72,0.698334903434,0.656672997732,0.560618202489,0.0303268680548,0.0409312683458
73,0.694674965516,0.697073006988,0.515924249675,0.0267391765308,0.04509480035
74,0.673792829858,0.640811899969,0.515924249675,0.0317291004616,0.04509480035
75,0.702802533612,0.719151434811,0.492713353083,0.0247417393198,0.0472570461289
76,0.703459389605,0.686813287468,0.492713353083,0.0274784719287,0.0472570461289
77,0.689607036433,0.696457029398,0.504488975018,0.0266766014675,0.0461600704596
78,0.689607036433,0.696457029398,0.504488975018,0.0266766014675,0.0461600704596
79,0.640523513133,0.595264494443,0.504488975018,0.0355930901027,0.0461600704596
80,0.693828224862,0.698086992521,0.459466132524,0.0266057151588,0.050354240674
81,0.655183320707,0.631317352896,0.459466132524,0.0323676146514,0.050354240674
82,0.693828224862,0.698086992521,0.459466132524,0.0266057151588,0.050354240674
83,0.674179946558,0.674414593371,0.459466132524,0.0285750971451,0.050354240674
84,0.642608044653,0.622040577139,0.459466132524,0.03322144297,0.050354240674
85,0.680975716205,0.624628128946,0.434572726506,0.0330577295,0.0526732231341
86,0.613700901242,0.581624768772,0.434572726506,0.036835768651,0.0526732231341
87,0.681051559249,0.594249733546,0.43395594001,0.0361758442088,0.0527306808025
88,0.677376753669,0.587678962901,0.43395594001,0.03646860143,0.0527306808025
89,0.661887858737,0.608045359621,0.511465666786,0.0349822076974,0.0455101463059
90,0.664385184086,0.612063834725,0.498027171681,0.034520434354,0.0467620294118
91,0.664385184086,0.612063834725,0.498027171681,0.034520434354,0.0467620294118
92,0.659999993573,0.583897216869,0.498027171681,0.0366901790526,0.0467620294118
93,0.679758337244,0.606515745577,0.469877799252,0.0351089120293,0.0493843262915
94,0.642239946587,0.584832910972,0.469877799252,0.0366183672502,0.0493843262915
95,0.668684337067,0.577930167087,0.469877799252,0.0375241305023,0.0493843262915
96,0.636807831008,0.531619627561,0.469877799252,0.0411852814946,0.0493843262915
97,0.650578486273,0.552687373097,0.300568014802,0.0398394528377,0.0651566324274
98,0.634684003153,0.526696327922,0.300568014802,0.0422175952031,0.0651566324274
99,0.650578486273,0.552687373097,0.300568014802,0.0398394528377,0.0651566324274
100,0.606713934429,0.541711494807,0.300568014802,0.0406323308452,0.0651566324274
101,0.652125808981,0.562997712322,0.447330613947,0.0387658594782,0.051484743053
102,0.697878902954,0.648852295326,0.304715002514,0.0309289628334,0.0647703135863
103,0.67992244146,0.597712130445,0.304715002514,0.0354584570264,0.0647703135863
104,0.730470578062,0.706074149423,0.56689893645,0.0256283277255,0.0403461771822
105,0.689673543847,0.646262877068,0.56689893645,0.0310777423938,0.0403461771822
106,0.751322941031,0.733621761583,0.54755045754,0.0233596351714,0.0421486136664
107,0.680683568362,0.61379808337,0.54755045754,0.0340760016449,0.0421486136664
108,0.754464129685,0.737301877046,0.578282315116,0.0231799695976,0.0392857415212
109,0.742807627105,0.717161998069,0.578282315116,0.0248626309485,0.0392857415212
110,0.772828811405,0.744625823928,0.619365328248,0.0224202560044,0.0354585920023
111,0.786702485191,0.772328019044,0.62582075493,0.019929896199,0.0348572270771
112,0.683482346712,0.638871905904,0.62582075493,0.031776801445,0.0348572270771
113,0.806546538574,0.771340311694,0.630501863137,0.0199249154857,0.0344211514425
114,0.754968678723,0.722798904467,0.630501863137,0.0244444796201,0.0344211514425
115,0.661499030065,0.606585210807,0.630501863137,0.0345694071629,0.0344211514425
116,0.794050878008,0.775301805414,0.638838233141,0.0198142189751,0.0336445644295
117,0.778944890528,0.745278465672,0.638838233141,0.0223907306965,0.0336445644295
118,0.780692362257,0.746242680496,0.615957840993,0.0224514164419,0.0357760215727
119,0.638483974743,0.558481497514,0.615957840993,0.0390735329887,0.0357760215727
120,0.749594395736,0.722700991624,0.58910253149,0.024402498527,0.0382777680857
121,0.745475145024,0.726139687632,0.584764709395,0.0241028964456,0.0386818643891
122,0.745475145024,0.726139687632,0.584764709395,0.0241028964456,0.0386818643891
123,0.557772166226,0.49649425222,0.584764709395,0.0441226651446,0.0386818643891
124,0.513990830103,0.497640355824,0.200003841884,0.0439117093094,0.0745248383272
125,0.686801909215,0.655275742602,0.440328027,0.0303426803511,0.0521370795108
126,0.700331900532,0.660886527418,0.340371419477,0.0297686839958,0.0614486867478
127,0.699358137491,0.654865912133,0.340371419477,0.0303353903159,0.0614486867478
128,0.700331900532,0.660886527418,0.340371419477,0.0297686839958,0.0614486867478
129,0.648252216162,0.625813743622,0.340371419477,0.0328360497761,0.0614486867478
130,0.685527725711,0.629021448023,0.271671897248,0.0325644090706,0.067848493466
131,0.71293040613,0.694998753927,0.284252494179,0.0267459288652,0.0666765291473
132,0.722689062014,0.704902154973,0.329267948192,0.0258785374823,0.062483047218
133,0.736819559639,0.691789348373,0.329267948192,0.0269198937509,0.062483047218
134,0.712275239123,0.704600864033,0.32011017648,0.0259259121775,0.0633361531353
135,0.72511927802,0.694894241695,0.32011017648,0.0264536993489,0.0633361531353
136,0.700920496613,0.681056946146,0.32011017648,0.0280636638074,0.0633361531353
137,0.700362720657,0.661924189017,0.32011017648,0.029505983454,0.0633361531353
138,0.715959174113,0.708112943804,0.340540850433,0.0255556613792,0.0614329031537
139,0.751923955373,0.740744708219,0.563771495229,0.0227773643873,0.0406375186455
140,0.737994175042,0.730643305989,0.563771495229,0.02354496724,0.0406375186455
141,0.7745374679,0.769062506683,0.647522720089,0.020399294181,0.0328355480622
142,0.748806654222,0.734838686115,0.647522720089,0.0234393026678,0.0328355480622
143,0.773882012837,0.763739236894,0.640748297987,0.0207935226984,0.0334666294827
144,0.708854841505,0.687211836137,0.640748297987,0.0277015186096,0.0334666294827
145,0.772417107265,0.760636507867,0.639960959042,0.0210839191513,0.0335399752194
146,0.771252173887,0.773972604006,0.659432882467,0.0199377284355,0.0317260390768
147,0.790056357355,0.744127455037,0.659432882467,0.0225827837997,0.0317260390768
148,0.745642209162,0.735454254033,0.659432882467,0.0230079254291,0.0317260390768
149,0.717545958341,0.716023048723,0.659432882467,0.0248927304908,0.0317260390768
150,0.715560490865,0.697142362335,0.659432882467,0.0266175241377,0.0317260390768
151,0.772417107265,0.760636507867,0.639960959042,0.0210839191513,0.0335399752194
152,0.762601919954,0.74847393277,0.639960959042,0.0221073167435,0.0335399752194
153,0.749213531965,0.724523678073,0.639960959042,0.024345730797,0.0335399752194
154,0.77725015399,0.755144504444,0.671710617213,0.0216068936305,0.0305822883379
155,0.785534635275,0.769729971899,0.632542073899,0.0202182167152,0.0342310925583
156,0.790707198275,0.769601411611,0.632542073899,0.020332123012,0.0342310925583
157,0.751846536259,0.709357815069,0.632542073899,0.0255443113061,0.0342310925583
158,0.787773817141,0.754530224931,0.634262499728,0.0215889872774,0.0340708237176
159,0.689911408126,0.621942649199,0.634262499728,0.0332396281406,0.0340708237176
160,0.782298906377,0.752159045767,0.642783865792,0.0216898966221,0.0332770031201
161,0.784829161949,0.757516334628,0.621750672212,0.0211886602192,0.0352363817186
162,0.785891905395,0.750625492239,0.621750672212,0.0217644965474,0.0352363817186
163,0.710024449082,0.697883734731,0.621750672212,0.0263334472398,0.0352363817186
164,0.762131304964,0.741271527043,0.610861074604,0.0226877546446,0.0362508184667
165,0.785639526841,0.768921732424,0.614313245831,0.0200372130769,0.0359292262942
166,0.789824999699,0.765706632822,0.614313245831,0.0204489417633,0.0359292262942
167,0.764009904204,0.751897709819,0.614313245831,0.021774851428,0.0359292262942
168,0.709845416946,0.669262927873,0.614313245831,0.0287872737792,0.0359292262942
169,0.794275641167,0.772664157509,0.622074408411,0.0199334225148,0.0352062235889
170,0.793724961727,0.759939341122,0.622074408411,0.0211770108699,0.0352062235889
171,0.634208123382,0.588950349998,0.622074408411,0.0361759433612,0.0352062235889
172,0.783000060811,0.762980593435,0.605457683153,0.0209063583175,0.0367541794769
173,0.788517670697,0.796649740173,0.624837853024,0.0175981389281,0.0349487907738
174,0.777166149236,0.77892312765,0.624837853024,0.0194635022503,0.0349487907738
175,0.788725253599,0.764982731659,0.624837853024,0.0205958892098,0.0349487907738
176,0.790913197236,0.740170792524,0.624837853024,0.0228483420747,0.0349487907738
177,0.742688650325,0.748695607126,0.570983146652,0.0220479856872,0.0399657064738
178,0.706941599194,0.688629228346,0.570983146652,0.0272317005384,0.0399657064738
179,0.706941599194,0.688629228346,0.570983146652,0.0272317005384,0.0399657064738
180,0.653314459159,0.650015402358,0.570983146652,0.0304115970481,0.0399657064738
181,0.657864609872,0.632362300185,0.570983146652,0.0325863271136,0.0399657064738
182,0.750193712016,0.757457234884,0.633303958834,0.0212728236487,0.0341601180279
183,0.770495663401,0.743460152837,0.633303958834,0.0224066150608,0.0341601180279
184,0.654289511412,0.63855737945,0.633303958834,0.0318411594509,0.0341601180279
185,0.675652058275,0.676901862233,-0.0163351867768,0.0281418295956,0.0946782240294
186,0.59243765567,0.572664267696,-0.0163351867768,0.0368842568864,0.0946782240294
187,0.627790257909,0.635303839955,0.122394071974,0.0322020047715,0.0817546924915
188,0.759310786403,0.73098759257,0.621832432229,0.0237166716134,0.0352287652419
189,0.742416293785,0.706936576987,0.621832432229,0.0257764113426,0.0352287652419
190,0.655664716769,0.616035236537,0.621832432229,0.0339808772324,0.0352287652419
191,0.755498281512,0.719876503428,0.662899359626,0.0247312788041,0.0314031142138
192,0.655338142094,0.620455561519,0.662899359626,0.0332799918906,0.0314031142138
193,0.720915783131,0.694291907904,0.654443199642,0.0265323009538,0.0321908604413
194,0.734311936712,0.713793022799,0.6473336591,0.0248459876194,0.0328531603213
195,0.575786689623,0.524997540053,0.6473336591,0.0415302395766,0.0328531603213
196,0.743874093589,0.738823802972,0.607948114704,0.022907020531,0.0365221796019
197,0.736847809038,0.700926588486,0.607948114704,0.0261256962428,0.0365221796019
198,0.765369462428,0.770852726571,0.645678623184,0.020014336136,0.0330073376668
199,0.754724322771,0.744934511013,0.645678623184,0.022266991998,0.0330073376668
200,0.79023251972,0.78057721929,0.569015948554,0.019404887218,0.0401489637541
201,0.774740354792,0.763695187846,0.569015948554,0.0208173172217,0.0401489637541
202,0.782583340918,0.784994523623,0.563792441436,0.0191216104911,0.0406355673703
203,0.714708221094,0.730779523237,0.563792441436,0.0238891876199,0.0406355673703
204,0.771767869944,0.738971430638,0.554652939781,0.0231743739451,0.041486971313
205,0.738011196734,0.69063199972,0.554652939781,0.0273481255586,0.041486971313
206,0.787682730488,0.781263035638,0.587788298044,0.0191137679035,0.0384001974674
207,0.807243094186,0.795483163163,0.64303487401,0.0178890469565,0.0332536200742
208,0.800381217456,0.782424863669,0.64303487401,0.0189073700074,0.0332536200742
209,0.763467001406,0.750871194392,0.64303487401,0.0218795287985,0.0332536200742
210,0.729281500752,0.710075864857,0.64303487401,0.0254805098228,0.0332536200742
211,0.69867746441,0.672482195547,0.64303487401,0.0286839726179,0.0332536200742
212,0.776188528781,0.761499461636,0.591937412997,0.0207756212308,0.0380136804599
213,0.765492343315,0.732215476003,0.591937412997,0.0236914495874,0.0380136804599
214,0.781037363682,0.763200925749,0.623455445385,0.0205732139458,0.0350775710245
215,0.694981995798,0.633429446508,0.623455445385,0.0316876385575,0.0350775710245
216,0.803539499483,0.758906282609,0.564684771179,0.0210212354304,0.0405524410588
217,0.684562700206,0.640025127215,0.564684771179,0.0311468596846,0.0405524410588
218,0.748058157028,0.714282914738,0.504873745579,0.0251292256628,0.0461242265827
219,0.764195935786,0.735348650871,0.557263022277,0.0232864222101,0.0412438251753
220,0.760204667787,0.740104569774,0.527150765753,0.0229420367574,0.044048977458
221,0.743895650085,0.733650593481,0.527150765753,0.0233220655423,0.044048977458
222,0.756021492521,0.734456537945,0.551862171687,0.0233294145965,0.0417469494878
223,0.76109481965,0.738075774856,0.567424319264,0.0229011888624,0.0402972343605
224,0.756003944511,0.738724747722,0.542067597568,0.0228404213446,0.0426593776855
225,0.755650285963,0.725463223364,0.542067597568,0.024065092998,0.0426593776855
226,0.779077993641,0.754452312383,0.591836419818,0.0214638338918,0.0380230886305
227,0.754518019174,0.731950105252,0.591836419818,0.023731075919,0.0380230886305
228,0.747540016511,0.720650603,0.591836419818,0.0245880695055,0.0380230886305
229,0.766554696418,0.730325982337,0.568256433811,0.0235144756626,0.0402197174856
230,0.786655933758,0.765270580341,0.618155484931,0.0207563194279,0.0355712967655
231,0.74915023991,0.712028745532,0.618155484931,0.0253910983441,0.0355712967655
232,0.767951651551,0.732732394102,0.642278883899,0.0235337713903,0.0333240454635
233,0.772103660073,0.745296610968,0.503946395186,0.0224938013214,0.0462106152953
234,0.78491060234,0.762151777471,0.473959364819,0.0208929905414,0.0490041019481
235,0.769151294083,0.726955221661,0.473959364819,0.0239647527347,0.0490041019481
236,0.691152700931,0.674877372592,0.473959364819,0.0286483271801,0.0490041019481
237,0.76088968585,0.715918015605,0.625454431878,0.024893856404,0.0348913524487
238,0.778336827498,0.754845639108,0.618678739621,0.0216498411059,0.0355225521924
239,0.779062521741,0.756005150611,0.519659530874,0.021539664737,0.0447468346447
240,0.757677816158,0.70880734198,0.519659530874,0.0258818974383,0.0447468346447
241,0.684117690087,0.600516579311,0.519659530874,0.0353277994002,0.0447468346447
242,0.768206923938,0.722287732179,0.500886775454,0.0244581459064,0.0464956387463
243,0.713462876957,0.653409766836,0.500886775454,0.0305117432641,0.0464956387463
244,0.776883630311,0.748954071962,0.500672434673,0.0220903026405,0.0465156059823
245,0.649571430903,0.659650144854,0.500672434673,0.0297486958387,0.0465156059823
246,0.624833898644,0.58948036444,0.500672434673,0.0363046679516,0.0465156059823
247,0.801038365701,0.761717379011,0.651560233603,0.0211188106773,0.0324594274536
248,0.801038365701,0.761717379011,0.651560233603,0.0211188106773,0.0324594274536
249,0.754233643698,0.740531795144,0.651560233603,0.022964875545,0.0324594274536
250,0.766467524499,0.737670201166,0.651560233603,0.0230060984738,0.0324594274536
251,0.764931789176,0.736436790241,0.651560233603,0.0233533076283,0.0324594274536
252,0.774807780044,0.74314021551,0.561034698449,0.0225237218641,0.0408924690419
253,0.736182021895,0.704968904023,0.561034698449,0.0259943942818,0.0408924690419
254,0.519745643892,0.458742873475,0.561034698449,0.047702817725,0.0408924690419
255,0.756756572029,0.724217347514,0.608401170225,0.02436273442,0.0364799745374
256,0.765660350187,0.744956817751,0.579631557042,0.0225591673759,0.039160050872
257,0.752456401553,0.725419324835,0.579631557042,0.0243115704261,0.039160050872
258,0.757257191343,0.741635320583,0.584025356182,0.0228057846689,0.0387507399433
259,0.749497123386,0.710427585706,0.584025356182,0.0254943268259,0.0387507399433
260,0.672208002197,0.615503448404,0.584025356182,0.033626418211,0.0387507399433
261,0.732216724079,0.752428272516,0.545156384842,0.0216816252258,0.0423716370884
262,0.654087825552,0.607572699673,0.545156384842,0.0344617820505,0.0423716370884
263,0.672922640075,0.630946022061,0.472355111774,0.0322284326717,0.0491535485393
264,0.588010304339,0.557354840602,0.472355111774,0.0390532349566,0.0491535485393
265,0.661031386536,0.606239712376,0.412865111638,0.0346785874432,0.0546954284561
266,0.664702074055,0.590845534075,0.412865111638,0.0362463657782,0.0546954284561
267,0.772330091966,0.767807250429,0.60695282088,0.020353967115,0.0366148976863
268,0.770259692592,0.789745335436,0.61962263134,0.0184300376636,0.035434622548
269,0.590013671708,0.602077412744,0.61962263134,0.0348613118691,0.035434622548
270,0.764228574453,0.778181298859,0.651134353174,0.0194906105024,0.0324991009817
271,0.763736935094,0.780771940466,0.657428438107,0.0192247969681,0.0319127660884
272,0.684377116338,0.666890197057,0.657428438107,0.0293045255904,0.0319127660884
273,0.742182736067,0.735489679714,0.639675237482,0.023322178624,0.0335665920386
274,0.729516395006,0.696857678343,0.639675237482,0.0265633299205,0.0335665920386
275,0.764741575052,0.760352569864,0.678454926522,0.0210206947363,0.0299540121196
276,0.669495589058,0.647694141788,0.678454926522,0.0310520203232,0.0299540121196
277,0.746099354398,0.704890536389,0.615612478405,0.0260494629842,0.035808194341
278,0.771220479282,0.756445516132,0.605320520046,0.0216704094853,0.0367669571112
279,0.720866541128,0.668761316336,0.605320520046,0.0293896196895,0.0367669571112
280,0.68510147001,0.655136429498,0.605320520046,0.030646240549,0.0367669571112
281,0.742098492522,0.722519420537,0.669673401702,0.024504741677,0.0307720681951
282,0.731619478298,0.704851322894,0.669673401702,0.0259687169738,0.0307720681951
283,0.739838805209,0.732373903057,0.633670395066,0.0237692959229,0.0341259821128
284,0.732609911688,0.718627043816,0.633670395066,0.0247610721472,0.0341259821128
285,0.721943965767,0.676585909717,0.633670395066,0.0286713028024,0.0341259821128
286,0.684335227809,0.668595662707,0.633670395066,0.0292048960718,0.0341259821128
287,0.585233334994,0.544200422695,0.633670395066,0.040494854809,0.0341259821128
288,0.732195226966,0.671831146722,0.580119265692,0.0289230864586,0.0391146176435
289,0.720998052384,0.683270527612,0.629206440955,0.0276164158546,0.0345418284329
290,0.745699990904,0.707294289059,0.561392615986,0.0256069953116,0.0408591266985
291,0.729374946754,0.680505392256,0.561392615986,0.0279833157694,0.0408591266985
292,0.754566164719,0.719783366795,0.577860485805,0.0244843470971,0.0393250376614
293,0.702355012242,0.655849528762,0.577860485805,0.0298296294815,0.0393250376614
294,0.700184819416,0.652721789353,0.577860485805,0.0301175272688,0.0393250376614
295,0.770996401266,0.776116236096,0.59930653519,0.0196318918801,0.0373271988631
296,0.769805097533,0.76445197074,0.59930653519,0.020683125837,0.0373271988631
297,0.762622752074,0.736347863724,0.59930653519,0.022924549606,0.0373271988631
298,0.646601291829,0.616198260163,0.59930653519,0.0336505813052,0.0373271988631
299,0.736485596653,0.744661100045,0.604209757484,0.0224017143538,0.0368704318586
300,0.732103040733,0.714171739763,0.604209757484,0.0251305920165,0.0368704318586
301,0.575028496203,0.559230969255,0.604209757484,0.0387267241317,0.0368704318586
302,0.704807912893,0.700051007359,0.530618602385,0.0260571023238,0.0437259259513
303,0.76131919058,0.760051833764,0.611879626947,0.0210552648672,0.0361559337002
304,0.691456562358,0.691967748919,0.611879626947,0.0269193438266,0.0361559337002
305,0.678734750566,0.664892254174,0.611879626947,0.0293105964501,0.0361559337002
306,0.727556055777,0.73529271496,0.562441834244,0.0230856706947,0.0407613852027
307,0.709848241398,0.68419641194,0.562441834244,0.0273006519948,0.0407613852027
308,0.694267727103,0.693604168904,0.558287079803,0.0267257883714,0.0411484275652
309,0.623297508919,0.616216184417,0.558287079803,0.0335290635354,0.0411484275652
310,0.719474581587,0.705053371657,0.53537069582,0.0257145162806,0.0432832375815
311,0.659201270248,0.655247994501,0.53537069582,0.0303512555017,0.0432832375815
312,0.72702462698,0.726745419343,0.6038980981,0.0238662995902,0.0368994649546
313,0.707731805063,0.667535021716,0.6038980981,0.0293031234141,0.0368994649546
314,0.699197645346,0.648086907232,0.6038980981,0.0306694194051,0.0368994649546
315,0.72702462698,0.726745419343,0.6038980981,0.0238662995902,0.0368994649546
316,0.737275702175,0.755891935829,0.582049479551,0.0212447853725,0.0389348056852
317,0.734786815427,0.725256880848,0.582049479551,0.024167030267,0.0389348056852
318,0.757484953521,0.72700607086,0.628273284058,0.0236444232046,0.0346287580589
319,0.765281285079,0.756193970763,0.643866473822,0.0213572525199,0.0331761511502
320,0.661534981601,0.656902837252,0.643866473822,0.0300269336151,0.0331761511502
321,0.769135923617,0.752203790402,0.629444769606,0.0218314836129,0.034519626571
322,0.737832461777,0.720171642793,0.629444769606,0.0245011503115,0.034519626571
323,0.745931104657,0.739443035621,0.623799511679,0.0228288858276,0.0350455190144
324,0.749130145763,0.727587687532,0.623799511679,0.0238511464722,0.0350455190144
325,0.72171665523,0.730289744955,0.619549256916,0.0235281376165,0.0354414578522
326,0.748802930071,0.731341713592,0.625782797754,0.0234611489771,0.0348607630345
327,0.68429194813,0.668321390699,0.625782797754,0.0291613612286,0.0348607630345
328,0.673946126364,0.642919018509,0.625782797754,0.0313760130829,0.0348607630345
329,0.729100370772,0.721852017418,0.604066330386,0.0242694744547,0.0368837930244
330,0.673262750521,0.662268417534,0.604066330386,0.0296779006697,0.0368837930244
331,0.755988372647,0.762958284202,0.577455984858,0.0207074665138,0.0393627195519
332,0.75833407714,0.697835725631,0.577455984858,0.0262865356242,0.0393627195519
333,0.591768447973,0.591417438948,0.577455984858,0.0358677820983,0.0393627195519
334,0.758600678023,0.771549948109,0.560211647794,0.0199551641572,0.0409691415563
335,0.722715103398,0.698035122196,0.560211647794,0.0265164402332,0.0409691415563
336,0.670139702525,0.662469496062,0.560211647794,0.0295704568971,0.0409691415563
337,0.718545639068,0.699475183116,0.427419478768,0.0265841061708,0.0533395946233
338,0.701800416913,0.694980001396,0.427419478768,0.0266197652087,0.0533395946233
339,0.73262531093,0.698479151754,0.33722141314,0.026338717836,0.0617421302982
340,0.626856168523,0.578338317528,0.33722141314,0.0366069224787,0.0617421302982
341,0.796446808818,0.751547991442,0.56452099265,0.0217633412112,0.0405676980925
342,0.734053476761,0.718490161167,0.56452099265,0.0244521551903,0.0405676980925
343,0.715908170329,0.639033453981,0.56452099265,0.0315713802021,0.0405676980925
344,0.712305058094,0.648475453164,0.145775991537,0.0308270222952,0.0795765148121
345,0.66708035908,0.642473308392,0.145775991537,0.0314026362244,0.0795765148121
346,0.650525474076,0.619296531064,0.145775991537,0.033420526748,0.0795765148121
347,0.696361630757,0.614316249049,0.145775991537,0.034119448386,0.0795765148121
348,0.696361630757,0.614316249049,0.145775991537,0.034119448386,0.0795765148121
349,0.66179115191,0.633586436873,-0.0363555961801,0.0322211537873,0.0965432552035
350,0.645483286051,0.622457048479,-0.0363555961801,0.0331693360991,0.0965432552035
351,0.661589016808,0.623406910029,-0.0161221483854,0.0331771316222,0.0946583781195
352,0.749882766007,0.725187351512,0.608200239893,0.0241312553259,0.036498692503
353,0.724620188841,0.651155240012,0.608200239893,0.0303298498648,0.036498692503
354,0.747864371713,0.717266228384,0.597237414406,0.0248066828961,0.0375199509037
355,0.739276006151,0.706543994926,0.597237414406,0.0256154799691,0.0375199509037
356,0.730539129237,0.700671666953,0.597237414406,0.0261435154684,0.0375199509037
357,0.747864371713,0.717266228384,0.597237414406,0.0248066828961,0.0375199509037
358,0.643835952497,0.569601871234,0.597237414406,0.0377042186579,0.0375199509037
359,0.747286577975,0.729588623538,0.614448537891,0.0237041659716,0.03591662296
360,0.738624786615,0.699384094038,0.614448537891,0.02669994875,0.03591662296
361,0.645281540936,0.606886473874,0.614448537891,0.0343997255427,0.03591662296
362,0.749156461545,0.691736672766,0.627099316857,0.0272340758531,0.0347381207289
363,0.741478480551,0.707216354429,0.598129336373,0.0257830452225,0.0374368625791
364,0.761817828798,0.742862340866,0.626272608706,0.0226044430673,0.0348151339629
365,0.693098999831,0.655017030148,0.626272608706,0.0303152353709,0.0348151339629
366,0.756012476054,0.711298304434,0.641145326782,0.0253539582535,0.0334296436717
367,0.727522544205,0.692261232561,0.641145326782,0.0272057267505,0.0334296436717
368,0.751980534092,0.737266188707,0.615860802962,0.0230462759682,0.0357850612955
369,0.749896216762,0.747830893251,0.599504686804,0.0221344074417,0.0373087397532
370,0.779230297345,0.721403403596,0.599504686804,0.0246293335713,0.0373087397532
371,0.747727639546,0.754833986946,0.644729286706,0.0215009183247,0.0330957745259
372,0.742494163541,0.759259124355,0.614386598957,0.021225823463,0.035922392974
373,0.634787452342,0.626659174773,0.614386598957,0.0327704518239,0.035922392974
374,0.741781878117,0.751654609295,0.58928083155,0.0219518257619,0.0382611582769
375,0.748098300358,0.749800044547,0.58928083155,0.0220892333586,0.0382611582769
376,0.732472863292,0.740627318226,0.58928083155,0.0229220750539,0.0382611582769
377,0.770977595717,0.742871442336,0.54362962816,0.0227181046535,0.04251386439
378,0.738669189009,0.731264114576,0.54362962816,0.0233858894709,0.04251386439
379,0.768886923429,0.751013881829,0.53734284025,0.0219313307655,0.0430995195183
380,0.763589381188,0.736809526926,0.53734284025,0.0230656836299,0.0430995195183
381,0.750959790638,0.690088703754,0.53734284025,0.0271353596826,0.0430995195183
382,0.757918238634,0.721640704654,0.546164442469,0.0243360704861,0.0422777299728
383,0.74285613106,0.698222634891,0.546164442469,0.0265702631739,0.0422777299728
384,0.79459979966,0.774539730602,0.511696195894,0.0198643648049,0.0454886710222
385,0.780630442478,0.747645543523,0.511696195894,0.0220964524583,0.0454886710222
386,0.701075852395,0.669341876558,0.511696195894,0.0292151810604,0.0454886710222
387,0.795762585952,0.758794780074,0.544861387519,0.0210922873275,0.0423991180051
388,0.801732520404,0.767680255185,0.613934365742,0.0202398859906,0.0359645214353
389,0.785647971093,0.761918952096,0.613934365742,0.0209345210386,0.0359645214353
390,0.776540286507,0.765579010068,0.649761938379,0.0205664704773,0.0326269503341
391,0.764859333387,0.774831910202,0.608525609096,0.0196307340219,0.0364683822483
392,0.749107367027,0.74900290971,0.608525609096,0.021976482479,0.0364683822483
393,0.747942742544,0.746298756197,0.608525609096,0.0223645833651,0.0364683822483
394,0.750648066828,0.726540482587,0.608525609096,0.0239666430609,0.0364683822483
395,0.767189586027,0.747036427306,0.597977471359,0.022020611169,0.0374510097916
396,0.653602334452,0.606984768122,0.597977471359,0.0345052862623,0.0374510097916
397,0.76209452836,0.739567740215,0.596370240096,0.0228512789269,0.0376007338231
398,0.643204478493,0.59346389302,0.596370240096,0.0361623456914,0.0376007338231
399,0.664796828397,0.636482131242,0.483970074439,0.0318964225286,0.0480715393246
400,0.662942861877,0.645596878012,0.500792961053,0.031080011757,0.0465043781671
401,0.712126368603,0.661491073215,0.524955278316,0.0296226342011,0.0442535013732
402,0.712300869847,0.65385827808,0.524955278316,0.0305209370965,0.0442535013732
403,0.635840341753,0.612111819409,0.524955278316,0.0341483950208,0.0442535013732
404,0.690377724442,0.650721441084,0.415301467375,0.0305862986692,0.0544684660944
405,0.666628222274,0.62096278411,0.415301467375,0.033522863691,0.0544684660944
406,0.709204062645,0.662095805066,0.51083545037,0.0297199395017,0.0455688550585
407,0.730718138096,0.687114482533,0.161512321196,0.0274230931219,0.0781105734924
408,0.670511154624,0.659823830807,0.161512321196,0.029881627522,0.0781105734924
409,0.752585735654,0.72631869951,0.265881754643,0.0240935713688,0.0683878828582
410,0.618626506821,0.598329288538,0.265881754643,0.0352513154043,0.0683878828582
411,0.602113016715,0.57547628802,0.265881754643,0.0373808811232,0.0683878828582
412,0.69805435633,0.650243049421,0.257329045833,0.0307384995162,0.0691846232361
413,0.667820392721,0.624605250435,0.257329045833,0.033270392579,0.0691846232361
414,0.636715993827,0.663073878609,0.057570104792,0.0299084499859,0.0877934660842
415,0.635722036786,0.602912650068,0.057570104792,0.0352001984335,0.0877934660842
416,0.557893984243,0.532631642614,0.057570104792,0.0411252186601,0.0877934660842
417,0.613761536557,0.580192462386,0.416114934524,0.0372417719337,0.0543926863458
418,0.794110291942,0.774054782894,0.638929884796,0.0197885737459,0.0336360264825
419,0.763292273287,0.758816197417,0.638929884796,0.0211538708138,0.0336360264825
420,0.798576216431,0.741808683703,0.638929884796,0.0226525523426,0.0336360264825
421,0.620950429748,0.602419608101,0.638929884796,0.0351078327852,0.0336360264825
422,0.787093543698,0.78350722264,0.631451740952,0.0190269858414,0.0343326641543
423,0.773056143662,0.761021565743,0.631451740952,0.0211431411993,0.0343326641543
424,0.638493353169,0.611409035119,0.631451740952,0.0341363582616,0.0343326641543
425,0.787732981562,0.765830893623,0.642795659984,0.0205798146359,0.0332759044146
426,0.787732981562,0.765830893623,0.642795659984,0.0205798146359,0.0332759044146
427,0.792124153908,0.76677609808,0.679210276723,0.0203737983447,0.0298836463422
428,0.746796524461,0.728916061469,0.679210276723,0.0236066880597,0.0298836463422
429,0.603898674913,0.509741536968,0.679210276723,0.0433185517043,0.0298836463422
430,0.726100621498,0.681477129026,0.504849404373,0.0278922241335,0.0461264941242
431,0.732876177056,0.702526584942,0.485666872364,0.0259868581932,0.0479134715768
432,0.732343529147,0.706282496424,0.542760952016,0.025684379157,0.0425947872151
433,0.582986993939,0.609331200278,0.542760952016,0.0344339192671,0.0425947872151
434,0.736273869515,0.702808731133,0.508270831517,0.0260023569147,0.0458077659626
435,0.754794946261,0.723346993122,0.619444290581,0.0246110155535,0.0354512361481
436,0.768328707251,0.725802333253,0.5851076995,0.0240001857451,0.038649912633
437,0.74813077075,0.712504269367,0.5851076995,0.0252148982969,0.038649912633
438,0.767418179491,0.731215489457,0.601533037927,0.0233506407762,0.0371197856714
439,0.756189587292,0.726166204571,0.601533037927,0.0236856708487,0.0371197856714
440,0.780177301342,0.716970392256,0.601533037927,0.0248704776384,0.0371197856714
441,0.776877898868,0.763826688106,0.594527401243,0.0204949543457,0.0377724062321
442,0.75489008446,0.753801112716,0.594527401243,0.0213997635035,0.0377724062321
443,0.743649229875,0.718236471815,0.594527401243,0.02444520039,0.0377724062321
444,0.753230079921,0.719136310145,0.583410329458,0.0245622544759,0.0388080336774
445,0.657440245147,0.565177332552,0.583410329458,0.0379246878655,0.0388080336774
446,0.657403397589,0.576726594335,0.201737285743,0.0368528434547,0.0743633567725
447,0.706369357749,0.680853552612,0.137656330004,0.0277998846076,0.0803329140233
448,0.670995192039,0.638902223595,0.137656330004,0.0317467137898,0.0803329140233
449,0.60534231633,0.518713923862,0.137656330004,0.0421453879887,0.0803329140233
450,0.69820773386,0.68381096089,0.0157191086867,0.0275186758363,0.0916921582053
451,0.669450819225,0.646099191967,0.0157191086867,0.0310708473794,0.0916921582053
452,0.675728716787,0.659199286156,0.137802344926,0.0298074877227,0.0803193117849
453,0.67014319777,0.623549265316,0.137802344926,0.0335051680912,0.0803193117849
454,0.675578125327,0.663074682086,0.190456261931,0.0294518783829,0.075414257414
455,0.679491233554,0.658639739977,0.190456261931,0.0298528642506,0.075414257414
456,0.780972928499,0.762549975501,0.605677014734,0.020570490789,0.0367337473156
457,0.788060841058,0.777068609339,0.638866387511,0.0192947793313,0.0336419416671
458,0.762290597403,0.737128746734,0.638866387511,0.0230089677558,0.0336419416671
459,0.588990771324,0.558379911405,0.638866387511,0.0389817778286,0.0336419416671
460,0.76963989148,0.756804608465,0.630589358873,0.0210258878675,0.0344130006463
461,0.748352794614,0.75370294814,0.630589358873,0.0214392142953,0.0344130006463
462,0.657422695838,0.63689950066,0.630589358873,0.0319787292491,0.0344130006463
463,0.696300943916,0.679212569946,-0.112816958651,0.0279822701513,0.103666127756
464,0.646178019483,0.644306196046,-0.112816958651,0.0313711228621,0.103666127756
465,0.683748026465,0.641725589256,-0.112816958651,0.0312441699769,0.103666127756
466,0.683702769293,0.685202506966,0.339809481801,0.027530520752,0.0615010348922
467,0.683702769293,0.685202506966,0.339809481801,0.027530520752,0.0615010348922
468,0.696300943916,0.679212569946,0.339809481801,0.0279822701513,0.0615010348922
469,0.711406764909,0.721719617686,0.125981133597,0.0244090673121,0.0814205344023
470,0.697025996401,0.705332750037,0.125981133597,0.0257151448455,0.0814205344023
471,0.694988956905,0.710867920375,0.302634032605,0.0253790679429,0.0649641694497
472,0.689043899401,0.708547880308,0.302634032605,0.02551629983,0.0649641694497
473,0.712763983534,0.720875085435,0.292991339526,0.0245545058671,0.065862448942
474,0.686159064466,0.675752532957,0.292991339526,0.0283873671236,0.065862448942
475,0.755492381694,0.764454465573,0.605736621725,0.0204664242086,0.0367281945372
476,0.760189404606,0.754260648631,0.605736621725,0.0216069764422,0.0367281945372
477,0.789694143805,0.775966301134,0.577424125279,0.0195717501327,0.0393656874787
478,0.770416056816,0.764670568132,0.577424125279,0.0205410519918,0.0393656874787
479,0.73836699771,0.739675596773,0.577424125279,0.0229495754375,0.0393656874787
480,0.766500321614,0.763347189651,0.623336866026,0.0209482727249,0.035088617462
481,0.741972499975,0.757261987397,0.623336866026,0.0213315018976,0.035088617462
482,0.7816835644,0.778267895568,0.639526632925,0.0196129704003,0.0335804355183
483,0.760595547723,0.755469233294,0.639526632925,0.0215798417787,0.0335804355183
484,0.77702968779,0.763073491388,0.629517887085,0.0208253777019,0.0345128152029
485,0.74885924789,0.724781474939,0.629517887085,0.0242131600117,0.0345128152029
486,0.633607408905,0.634142504156,0.629517887085,0.0323203027099,0.0345128152029
487,0.746442943058,0.713635457834,0.588506739638,0.0250732117357,0.0383332699665
488,0.756388378355,0.738561202311,0.607297531099,0.0228248835061,0.0365827856904
489,0.74243139704,0.703777606365,0.607297531099,0.0259759938983,0.0365827856904
490,0.774200213805,0.754724663017,0.631159376304,0.0214476987684,0.0343598998202
491,0.777291364853,0.745488412816,0.631159376304,0.0222223010849,0.0343598998202
492,0.707254654169,0.661560668076,0.631159376304,0.0298439395885,0.0343598998202
493,0.751794416349,0.733656540909,0.609570576201,0.0231884425367,0.0363710367751
494,0.768833048842,0.733671259265,0.619594460409,0.0233462936976,0.0354372468532
495,0.699365453008,0.673575423139,0.619594460409,0.0284752288434,0.0354372468532
496,0.772159953927,0.72937962451,0.624862762816,0.0237352869971,0.0349464702649
497,0.764224852814,0.745416117748,0.671198072038,0.0223808096456,0.0306300352501
498,0.759610998701,0.722795023444,0.671198072038,0.024327689506,0.0306300352501
499,0.676509020748,0.640229992543,0.671198072038,0.0317368761977,0.0306300352501
