generation,train,validation,test,validmse,testmse
0,0.653473293205,0.50498332644,0.649751367886,0.0374136024529,0.0326279350442
1,0.815445601142,0.761647532598,0.672509362988,0.0167762651438,0.0305078799809
2,0.662694135222,0.441002425609,0.672509362988,0.0398397489051,0.0305078799809
3,0.836566123679,0.768120097104,0.649699014916,0.01663012173,0.0326328120634
4,0.805840738465,0.728368291634,0.649699014916,0.020348266781,0.0326328120634
5,0.770600285908,0.676248798768,0.649699014916,0.0237714150545,0.0326328120634
6,0.74248392743,0.586471576531,0.649699014916,0.0292226486528,0.0326328120634
7,0.761601202135,0.63836130904,0.560974969416,0.0269640873707,0.0408980331892
8,0.672041767169,0.47341327717,0.560974969416,0.0373798266461,0.0408980331892
9,0.698142206426,0.538779303253,0.499375484696,0.0332546681505,0.0466364252967
10,0.683573581054,0.510172528734,0.499375484696,0.0347046350163,0.0466364252967
11,0.678731303487,0.513131671221,0.480661281671,0.0340690970887,0.0483797748625
12,0.646357295431,0.409064545411,0.480661281671,0.0437017701644,0.0483797748625
13,0.690480231183,0.534772299839,0.503133937169,0.0327992548559,0.0462863010366
14,0.704327691153,0.540044611752,0.541829599014,0.0320783929016,0.0426815487967
15,0.729905040061,0.592365375668,0.540796479051,0.0288190612083,0.0427777906317
16,0.764856900522,0.611704156832,0.508180065349,0.0281370215075,0.0458162214207
17,0.743153418359,0.556788301874,0.508180065349,0.0328749764269,0.0458162214207
18,0.656549605566,0.334990930942,0.508180065349,0.0464132406536,0.0458162214207
19,0.764856900522,0.611704156832,0.508180065349,0.0281370215075,0.0458162214207
20,0.722250482221,0.528421394464,0.508180065349,0.0334646957577,0.0458162214207
21,0.756836139097,0.618405419014,0.518624874102,0.0279565644048,0.0448432196434
22,0.705482916329,0.559155580353,0.518624874102,0.0314868035747,0.0448432196434
23,0.724739424016,0.530431640857,0.518624874102,0.0333767872567,0.0448432196434
24,0.781230122751,0.677217002932,0.650146903984,0.023536615607,0.0325910882875
25,0.792182042128,0.701688760979,0.617769465676,0.0224530209555,0.0356072569664
26,0.727963045848,0.534052640787,0.617769465676,0.0345535163399,0.0356072569664
27,0.752773308499,0.715453138843,0.577690176681,0.0214258100973,0.0393409030625
28,0.748746509752,0.653851431937,0.577690176681,0.0258904152515,0.0393409030625
29,0.759903264982,0.683154795268,0.559569633739,0.0233809308539,0.0410289493356
30,0.71342312785,0.524322598539,0.559569633739,0.0345765813828,0.0410289493356
31,0.736862119214,0.590972406379,0.527623664073,0.030122525877,0.044004923908
32,0.699914756677,0.621325998837,0.502993095629,0.0281708963987,0.046299421341
33,0.705437883749,0.612924435498,0.502993095629,0.0277078701834,0.046299421341
34,0.685520792459,0.536305759866,0.502993095629,0.0346433399994,0.046299421341
35,0.714705123652,0.564239792447,0.537275159264,0.0313344917039,0.0431058244417
36,0.702644294271,0.411017717963,0.537275159264,0.0414644529465,0.0431058244417
37,0.72146002514,0.565687864984,0.515332124449,0.0316851981999,0.0451499606609
38,0.72223460524,0.589451680269,0.332557244456,0.0301402170472,0.0621766279061
39,0.6210748446,0.367992481305,0.332557244456,0.0451060611792,0.0621766279061
40,0.656659821259,0.440410003804,0.462149195373,0.041405050905,0.0501042959424
41,0.656659821259,0.440410003804,0.462149195373,0.041405050905,0.0501042959424
42,0.65833293546,0.404198009775,0.462149195373,0.0434463213115,0.0501042959424
43,0.682393253783,0.494430603055,0.466434800631,0.0357393475218,0.0497050639763
44,0.687851976526,0.460478334675,0.466434800631,0.0379369315993,0.0497050639763
45,0.677995800051,0.493587771502,0.386296898928,0.037001322504,0.057170430038
46,0.591428747693,0.261150758436,0.386296898928,0.0518133699232,0.057170430038
47,0.621333620029,0.364109928045,0.371865200723,0.0464738617722,0.0585148364638
48,0.662929622041,0.50298598779,0.461404331146,0.0360252725623,0.0501736848831
49,0.715974207612,0.643870718308,0.577963934321,0.0260138845026,0.0393154007602
50,0.716969542103,0.61044161236,0.577963934321,0.0279366793847,0.0393154007602
51,0.741948578255,0.662874962396,0.584342104829,0.0245247935219,0.0387212327494
52,0.744058321289,0.625050607867,0.584342104829,0.0277017773784,0.0387212327494
53,0.677947737143,0.46520539189,0.584342104829,0.0385923564283,0.0387212327494
54,0.77135375957,0.6854652274,0.487403665682,0.0227399697733,0.0477516779982
55,0.73999033153,0.674853064825,0.487403665682,0.0237651307396,0.0477516779982
56,0.780397479801,0.787105064285,0.57116315598,0.0162446026523,0.0399489374356
57,0.708880275238,0.643137421602,0.57116315598,0.0265954714664,0.0399489374356
58,0.731558099726,0.631823655018,0.57116315598,0.0259194266213,0.0399489374356
59,0.763883511672,0.685872556379,0.590951615543,0.0238024218962,0.0381055138957
60,0.685584733328,0.483525941069,0.590951615543,0.0378888475753,0.0381055138957
61,0.782532898197,0.723512880686,0.633169588652,0.0212516601855,0.0341726354831
62,0.738509255548,0.644849051962,0.633169588652,0.0256281795133,0.0341726354831
63,0.774331911951,0.715500640759,0.617176538226,0.0217914614383,0.0356624920097
64,0.76895394496,0.721690145952,0.619274856459,0.0212967083043,0.0354670200371
65,0.686089352923,0.492361382234,0.619274856459,0.0377452340583,0.0354670200371
66,0.785569135463,0.701449193049,0.619262827914,0.0223650796692,0.0354681405742
67,0.718200270316,0.677304354233,0.619262827914,0.0250372858268,0.0354681405742
68,0.757170323999,0.659342972304,0.619262827914,0.0251074184155,0.0354681405742
69,0.665867212333,0.430417424945,0.619262827914,0.0399910325546,0.0354681405742
70,0.785569135463,0.701449193049,0.619262827914,0.0223650796692,0.0354681405742
71,0.655522757719,0.393994026364,0.619262827914,0.043145102075,0.0354681405742
72,0.641421120397,0.331398403351,0.619262827914,0.0491475528322,0.0354681405742
73,0.772484267729,0.709913057769,0.636516639296,0.0222731176733,0.0338608359756
74,0.747596781273,0.619950258461,0.636516639296,0.0273536835862,0.0338608359756
75,0.610394157871,0.436363636666,0.636516639296,0.0391702950555,0.0338608359756
76,0.763692005292,0.632505472383,0.60110820655,0.0265944999254,0.0371593614736
77,0.753005366014,0.655587159619,0.625919619596,0.0255256980425,0.0348480171913
78,0.622892316565,0.377926671081,0.625919619596,0.0453060285192,0.0348480171913
79,0.723622089491,0.611315503701,0.596489705591,0.0285160360207,0.0375896048364
80,0.711344232613,0.597100312915,0.596489705591,0.0302384275493,0.0375896048364
81,0.715614325129,0.622607970494,0.589442734955,0.0280097304216,0.0382460759231
82,0.715614325129,0.622607970494,0.589442734955,0.0280097304216,0.0382460759231
83,0.736911599697,0.646181069295,0.603649442815,0.0262536296092,0.0369226288094
84,0.717947204106,0.626234407172,0.603649442815,0.0268023513655,0.0369226288094
85,0.731833250385,0.61794297268,0.603649442815,0.028661496113,0.0369226288094
86,0.70295898338,0.616417027343,0.603649442815,0.0275538684301,0.0369226288094
87,0.648990420606,0.420862830281,0.603649442815,0.0417283255801,0.0369226288094
88,0.759004021012,0.694279057113,0.579605605582,0.0232522036251,0.0391624684192
89,0.702980897752,0.561699370761,0.579605605582,0.0324503007122,0.0391624684192
90,0.727752560642,0.61037899343,0.600737211843,0.0282202683875,0.0371939220402
91,0.749157784931,0.695216488094,0.627108034506,0.0227879746354,0.0347373086233
92,0.767372313387,0.659436912016,0.627108034506,0.0246738258369,0.0347373086233
93,0.729490259669,0.647594053859,0.627108034506,0.0258950922267,0.0347373086233
94,0.724248189006,0.606109733482,0.627108034506,0.0293782712883,0.0347373086233
95,0.635131142393,0.449792513988,0.627108034506,0.0402310544675,0.0347373086233
96,0.78023982835,0.706910232268,0.610001891861,0.02212579125,0.0363308569199
97,0.767515687633,0.684581647399,0.610001891861,0.0238994574632,0.0363308569199
98,0.782005482247,0.681709386027,0.610001891861,0.023586147708,0.0363308569199
99,0.686654490271,0.568920685344,0.610001891861,0.0306766143075,0.0363308569199
100,0.769504758549,0.688895798672,0.599828735019,0.023460635729,0.0372785525572
101,0.746442407065,0.652431388924,0.599828735019,0.0257365916705,0.0372785525572
102,0.697596909281,0.486122656377,0.599828735019,0.0383067929212,0.0372785525572
103,0.716833349957,0.669264707163,0.598023967494,0.0243236596721,0.0374466783746
104,0.71121650081,0.611207008065,0.598023967494,0.0265549977981,0.0374466783746
105,0.755581039453,0.708968593745,0.526361174312,0.0202808956213,0.0441225330294
106,0.754505466328,0.671942496745,0.526361174312,0.0227487020109,0.0441225330294
107,0.765761260233,0.65895191526,0.526361174312,0.0235816702416,0.0441225330294
108,0.749490703569,0.667867572764,0.542273532721,0.0229216164058,0.0426401934884
109,0.67337949805,0.444600333198,0.542273532721,0.0379227801037,0.0426401934884
110,0.785044134579,0.715808886076,0.632755845735,0.0203351889135,0.0342111783232
111,0.734662168228,0.69960391059,0.632755845735,0.0222495166437,0.0342111783232
112,0.760716637507,0.678227474261,0.632755845735,0.0226471197615,0.0342111783232
113,0.728208853092,0.606229561518,0.632755845735,0.0271018291172,0.0342111783232
114,0.708574178131,0.662249880002,0.541842256856,0.0247344518348,0.0426803696365
115,0.703769491882,0.685903828884,0.598645781863,0.0232613615047,0.0373887523273
116,0.65297764838,0.49823975429,0.598645781863,0.0361401621146,0.0373887523273
117,0.70674882349,0.711853213653,0.579282250013,0.0216836841418,0.0391925910906
118,0.739640622831,0.744701689351,0.565133518846,0.0198360100874,0.0405106372989
119,0.722215329828,0.70043525384,0.565133518846,0.0224908968199,0.0405106372989
120,0.720835372433,0.670982061699,0.565133518846,0.0247533330649,0.0405106372989
121,0.722335919051,0.673368162228,0.564037204958,0.024085961446,0.0406127660584
122,0.612082681702,0.430518882356,0.564037204958,0.0407155175902,0.0406127660584
123,0.645706844213,0.587375245687,0.383768239605,0.0302482711636,0.0574059910783
124,0.66893796824,0.610301178444,0.492824849705,0.0296435210786,0.0472466594943
125,0.620367771602,0.526958254523,0.492824849705,0.0358932628759,0.0472466594943
126,0.66893796824,0.610301178444,0.492824849705,0.0296435210786,0.0472466594943
127,0.725612842525,0.62562878466,0.517496530539,0.027409276806,0.0449483321752
128,0.721514342811,0.665302180882,0.512234629785,0.0252516015387,0.0454385124079
129,0.707307561553,0.598077774048,0.512234629785,0.0290688965022,0.0454385124079
130,0.709921762851,0.648213283526,0.531646145599,0.02640347217,0.0436302036267
131,0.646529843267,0.442155200859,0.531646145599,0.0402334929718,0.0436302036267
132,0.716993880462,0.646198135513,0.526803884678,0.0259898900353,0.0440812916833
133,0.509281689487,0.303985372429,0.526803884678,0.0492912629419,0.0440812916833
134,0.63833331063,0.415352776907,0.391884973704,0.0423809369497,0.0566498645766
135,0.552522836918,0.343763973189,0.391884973704,0.0474577022691,0.0566498645766
136,0.693841361968,0.612110809375,0.556230161683,0.0279846810264,0.0413400428484
137,0.55376938957,0.28693178937,0.556230161683,0.0506941084078,0.0413400428484
138,0.684011091815,0.597693958835,0.568056232337,0.02855114459,0.0402383675533
139,0.701646849781,0.602110036236,0.549139818954,0.0289658174947,0.0420005543273
140,0.700588482257,0.648622872668,0.563058009458,0.0252745455409,0.0407039844793
141,0.643708668591,0.50112365438,0.563058009458,0.0370067048591,0.0407039844793
142,0.745919940163,0.664760224796,0.587830028079,0.0250574751809,0.0383963100436
143,0.711433315069,0.646549746034,0.587830028079,0.0261342698578,0.0383963100436
144,0.738582013482,0.631136651413,0.587830028079,0.0260862382439,0.0383963100436
145,0.770712163536,0.713536146671,0.628054152477,0.0213456051726,0.034649171589
146,0.699230876555,0.599520849989,0.628054152477,0.0302247589814,0.034649171589
147,0.7199227178,0.653297778809,0.592309371201,0.024957315844,0.0379790301372
148,0.731527387212,0.63762641252,0.592309371201,0.0261677886155,0.0379790301372
149,0.726539679406,0.616863535284,0.592309371201,0.0280140108728,0.0379790301372
150,0.7199227178,0.653297778809,0.592309371201,0.024957315844,0.0379790301372
151,0.756728605358,0.679729667573,0.620490194972,0.022212805132,0.0353538033606
152,0.774894818576,0.70943795967,0.613890899079,0.0216919163008,0.0359685706373
153,0.766101573591,0.691605545738,0.613890899079,0.0238596260204,0.0359685706373
154,0.795094894016,0.691345533489,0.613890899079,0.0223452533966,0.0359685706373
155,0.753654487194,0.659574189228,0.613890899079,0.0251746566807,0.0359685706373
156,0.812250606168,0.745935597616,0.648164240068,0.0186128951782,0.0327757863093
157,0.809207001691,0.766903518565,0.617910398646,0.0170750349977,0.0355941281449
158,0.798223959188,0.673288047043,0.617910398646,0.0233162153183,0.0355941281449
159,0.809207001691,0.766903518565,0.617910398646,0.0170750349977,0.0355941281449
160,0.791617332972,0.720882457604,0.617910398646,0.0198191882571,0.0355941281449
161,0.795802198733,0.708357984692,0.617910398646,0.0213466570032,0.0355941281449
162,0.809207001691,0.766903518565,0.617910398646,0.0170750349977,0.0355941281449
163,0.766130687541,0.715227415901,0.617910398646,0.0211765071794,0.0355941281449
164,0.780886227023,0.741377819684,0.611448216675,0.0197879324809,0.0361961223692
165,0.728458920961,0.640394624019,0.611448216675,0.0276612646832,0.0361961223692
166,0.71792843912,0.6282079341,0.611448216675,0.0277314701214,0.0361961223692
167,0.79169397245,0.732754237807,0.628405537015,0.0201389139844,0.0346164378369
168,0.71659410786,0.601201274653,0.628405537015,0.0290442169472,0.0346164378369
169,0.694918357121,0.605793681466,0.494012340654,0.02929582691,0.0471360369993
170,0.68905354047,0.433845369562,0.494012340654,0.0409477071226,0.0471360369993
171,0.681879906787,0.55120576098,0.55098596744,0.0322901244767,0.0418285736046
172,0.671897446838,0.554843865645,0.55823577103,0.0318015370437,0.0411532073107
173,0.675020833753,0.579478485877,0.571609225363,0.0301338321464,0.0399073831752
174,0.675020833753,0.579478485877,0.571609225363,0.0301338321464,0.0399073831752
175,0.672004929592,0.474256513902,0.571609225363,0.0374215802973,0.0399073831752
176,0.640889953627,0.500513967621,0.502815011272,0.0358702630366,0.0463160110555
177,0.686501924458,0.580192284451,0.526386588563,0.0302689391898,0.0441201655268
178,0.684569161292,0.538808453272,0.526386588563,0.0333502272262,0.0441201655268
179,0.681730577604,0.581858789162,0.524140312416,0.0296819507145,0.0443294207401
180,0.687481276423,0.546720541301,0.524140312416,0.032692552617,0.0443294207401
181,0.734539727044,0.651366938652,0.582500096832,0.0249715016787,0.0388928277586
182,0.67935491426,0.543949402771,0.582500096832,0.0318357201109,0.0388928277586
183,0.701608060045,0.625904137487,0.601365820098,0.0275497837254,0.0371353630983
184,0.755535659427,0.732025608799,0.584472267276,0.0199697577477,0.038709107272
185,0.751674345311,0.663836151547,0.584472267276,0.0247890053805,0.038709107272
186,0.712818167321,0.638804268882,0.584472267276,0.0265280430548,0.038709107272
187,0.678756919577,0.5719066208,0.584472267276,0.0318177646487,0.038709107272
188,0.720061519445,0.654217558729,0.589893228102,0.0254074453272,0.0382041095604
189,0.779357788922,0.704707259319,0.610903242064,0.0213113310109,0.0362468902939
190,0.75130359799,0.656206194229,0.610903242064,0.0258253780258,0.0362468902939
191,0.701180913734,0.566430106876,0.610903242064,0.0316006974002,0.0362468902939
192,0.785712737698,0.719689210495,0.620649246761,0.020227457965,0.0353389866534
193,0.71956752649,0.591472845748,0.620649246761,0.0286196637784,0.0353389866534
194,0.684201344387,0.517113223721,0.620649246761,0.0346028763054,0.0353389866534
195,0.669146414604,0.535566363712,0.505567365864,0.032801732005,0.0460596113479
196,0.639183173347,0.476628388504,0.505567365864,0.0368920660927,0.0460596113479
197,0.640423347651,0.470678630662,0.505567365864,0.0376505066547,0.0460596113479
198,0.691239257489,0.487999053844,0.513636343377,0.036477454015,0.0453079336823
199,0.66759768218,0.550206479272,0.523901430374,0.0332609994444,0.044351674154
200,0.666137365802,0.511501561277,0.523901430374,0.0352137547735,0.044351674154
201,0.719381867596,0.593758811656,0.530888961588,0.0291698088687,0.0437007402354
202,0.736684202829,0.691838743228,0.580241508062,0.0222389500625,0.0391032299728
203,0.707457326253,0.598398648151,0.580241508062,0.0286777990155,0.0391032299728
204,0.716051435067,0.568166968321,0.580241508062,0.0315928719004,0.0391032299728
205,0.71267145136,0.524443605722,0.580241508062,0.0347373628929,0.0391032299728
206,0.736684202829,0.691838743228,0.580241508062,0.0222389500625,0.0391032299728
207,0.683212679626,0.483703773508,0.580241508062,0.0372834323179,0.0391032299728
208,0.71439882539,0.571574720937,0.32029700687,0.0314256079582,0.063318748671
209,0.69688070344,0.513016584348,0.32029700687,0.0352352493044,0.063318748671
210,0.621093865207,0.47823520026,0.32029700687,0.0364870561995,0.063318748671
211,0.648534072234,0.500465795208,0.361915859751,0.0366704621114,0.059441682199
212,0.642394200649,0.507168823669,0.463838806331,0.0364672398211,0.0499468977071
213,0.694622040405,0.68831879029,0.582389730288,0.0221921927708,0.0389031091191
214,0.724749241426,0.68740598697,0.582389730288,0.0227302937815,0.0389031091191
215,0.740973377234,0.695000667116,0.591921776251,0.0215637639431,0.0380151371244
216,0.683570372305,0.514699685427,0.591921776251,0.0354463691702,0.0380151371244
217,0.753108148058,0.747078633379,0.556033059774,0.0181566382209,0.0413584041715
218,0.761774544773,0.681091695533,0.556033059774,0.0227244397589,0.0413584041715
219,0.740299168547,0.653142988867,0.556033059774,0.0252458596783,0.0413584041715
220,0.700329529467,0.606853713069,0.556033059774,0.0273232290878,0.0413584041715
221,0.700680356879,0.580342991136,0.556033059774,0.0306077632245,0.0413584041715
222,0.737572337663,0.74208199907,0.478874016521,0.0183828359085,0.04854627022
223,0.767745635544,0.728842475141,0.478874016521,0.018230124012,0.04854627022
224,0.762744856846,0.678653214642,0.478874016521,0.0217752313457,0.04854627022
225,0.731159028999,0.736037732106,0.546928512478,0.0189179331116,0.0422065518886
226,0.743012114746,0.723820212558,0.546928512478,0.0195732990484,0.0422065518886
227,0.753737570754,0.702346595919,0.546928512478,0.0213029295102,0.0422065518886
228,0.731159028999,0.736037732106,0.546928512478,0.0189179331116,0.0422065518886
229,0.660169479765,0.520620463651,0.546928512478,0.0338269596408,0.0422065518886
230,0.708681244666,0.644869205788,0.583205563335,0.0259353599451,0.0388271089717
231,0.60590774842,0.419168308942,0.583205563335,0.0408910846305,0.0388271089717
232,0.728267789836,0.612602498093,0.536643500332,0.0284453415752,0.043164667574
233,0.711890098787,0.574940400922,0.536643500332,0.0309581330963,0.043164667574
234,0.536950341133,0.250319930761,0.536643500332,0.0542082688435,0.043164667574
235,0.687175285504,0.647614961708,0.590550470727,0.0260829136172,0.0381428831409
236,0.708923992476,0.674705630669,0.562995257595,0.0235412861318,0.040709830223
237,0.565905435359,0.392430281209,0.562995257595,0.043064513237,0.040709830223
238,0.704730181935,0.699843062621,0.599514213216,0.0214819965135,0.0373078523061
239,0.701303962621,0.582415029955,0.599514213216,0.029815406674,0.0373078523061
240,0.704739458504,0.697747371986,0.559921798123,0.0224541193416,0.0409961429358
241,0.718219385081,0.682743387185,0.559921798123,0.0233064532072,0.0409961429358
242,0.711371704152,0.681737628446,0.559921798123,0.0235411985175,0.0409961429358
243,0.7219867473,0.668347896109,0.559921798123,0.0240749613476,0.0409961429358
244,0.635692887424,0.524173561351,0.559921798123,0.0341477214767,0.0409961429358
245,0.668228239615,0.557135195417,0.274235633418,0.0319074393082,0.0676096647896
246,0.778188236268,0.691721026159,0.600954626031,0.0228522593192,0.0371736684964
247,0.705064313551,0.571066228822,0.600954626031,0.0310660882555,0.0371736684964
248,0.757581227964,0.676201730658,0.5150291995,0.0240791315141,0.0451781800875
249,0.712367940857,0.658081935702,0.5150291995,0.0254062671258,0.0451781800875
250,0.774940811818,0.662037309879,0.564241524781,0.0245555432048,0.0405937323397
251,0.744106129298,0.586033832201,0.564241524781,0.0296422894199,0.0405937323397
252,0.737933604067,0.707517404084,0.544064179906,0.0211095699288,0.0424733830723
253,0.74370939901,0.680136854494,0.544064179906,0.022994255099,0.0424733830723
254,0.725753182987,0.628851283177,0.544064179906,0.0270855779527,0.0424733830723
255,0.73959821513,0.537159531876,0.544064179906,0.0335146179977,0.0424733830723
256,0.684035488092,0.507281804889,0.544064179906,0.0346530994246,0.0424733830723
257,0.716200290231,0.655981502291,0.553299482673,0.0257164988414,0.0416130546337
258,0.714595854453,0.517210349843,0.553299482673,0.0339767821189,0.0416130546337
259,0.716848651511,0.649030510172,0.537992209833,0.026004913618,0.0430390265238
260,0.761113071714,0.64730285084,0.537992209833,0.0250922432138,0.0430390265238
261,0.774962591814,0.755515598492,0.622710243914,0.0181507038042,0.0351469913819
262,0.747714220708,0.606581456985,0.622710243914,0.0287291377322,0.0351469913819
263,0.748903192037,0.665292047861,0.567368465772,0.0249189900875,0.0403024374761
264,0.72248790024,0.580007795596,0.567368465772,0.030479787735,0.0403024374761
265,0.727752120693,0.612117199604,0.584258111442,0.0282695704774,0.038729057279
266,0.735683100024,0.589398289701,0.584258111442,0.0292443672637,0.038729057279
267,0.738089826158,0.630853057668,0.615272286043,0.0269924347446,0.0358398854691
268,0.677980251386,0.616977243637,0.615272286043,0.0287356962113,0.0358398854691
269,0.643139749635,0.45079379497,0.615272286043,0.0393747707416,0.0358398854691
270,0.683314967865,0.513083509007,0.456626476432,0.0349960510081,0.0506187730833
271,0.712222483439,0.546891124652,0.518815081927,0.033338431426,0.044825500549
272,0.666936415289,0.470788350881,0.518815081927,0.0385804852325,0.044825500549
273,0.657895948663,0.479683851426,0.536001261299,0.038529965745,0.0432244963115
274,0.685859370079,0.537801786699,0.513207732904,0.0345388981563,0.0453478615318
275,0.697064668988,0.524291596085,0.513207732904,0.0338937970597,0.0453478615318
276,0.68037076516,0.478072699304,0.513207732904,0.0382812121909,0.0453478615318
277,0.681308729033,0.480937208802,0.552606825235,0.0393544783019,0.0416775801731
278,0.752067645479,0.694367467955,0.602209135754,0.0226914827188,0.0370568027674
279,0.741045685757,0.710099169281,0.632601944796,0.0214045245014,0.0342255151953
280,0.663100608778,0.499188413852,0.632601944796,0.0360946156975,0.0342255151953
281,0.765196058713,0.696269781801,0.615983268211,0.0230370325835,0.0357736528621
282,0.811250235039,0.662678274588,0.615983268211,0.025518889255,0.0357736528621
283,0.660297747687,0.450478106814,0.615983268211,0.0417143436755,0.0357736528621
284,0.751876960351,0.68885153128,0.618267030418,0.0235379390765,0.0355609055789
285,0.748918488079,0.691396633529,0.626731078481,0.0234232481929,0.0347724245255
286,0.754287258134,0.679219917779,0.626731078481,0.0240678178657,0.0347724245255
287,0.647158036911,0.462073861871,0.626731078481,0.040719644521,0.0347724245255
288,0.764335755444,0.716894734139,0.644730966564,0.021333588796,0.0330956180363
289,0.767236735044,0.734255603824,0.642704806182,0.0205217289099,0.0332843680363
290,0.699301939853,0.530546120088,0.642704806182,0.0354157408309,0.0332843680363
291,0.737198397668,0.656184908366,0.574644711954,0.0253620455588,0.039624607883
292,0.667447694146,0.443463205246,0.574644711954,0.0415639414333,0.039624607883
293,0.690860751484,0.508165270002,0.231739325175,0.0347679752697,0.0715684719277
294,0.663918580565,0.479666315817,0.231739325175,0.0373916501117,0.0715684719277
295,0.672046251469,0.481245953734,0.159849531847,0.0374372731599,0.0782654731205
296,0.647592724012,0.456503393103,0.159849531847,0.0400977539923,0.0782654731205
297,0.631869046482,0.447406810838,0.159849531847,0.0389281883549,0.0782654731205
298,0.733776244856,0.61439201895,0.610055680024,0.028334449743,0.0363258462031
299,0.747912259252,0.64828852581,0.588341555541,0.0259344791414,0.038348657938
300,0.715067318185,0.630522606056,0.588341555541,0.0277564500887,0.038348657938
301,0.740290164932,0.631428951776,0.620962473073,0.0272442940551,0.035309807588
302,0.646461891025,0.271082832336,0.620962473073,0.0520236467533,0.035309807588
303,0.762107548173,0.653598588212,0.671150996828,0.0251964651515,0.0306344206116
304,0.73413831591,0.641049983007,0.671150996828,0.0268586377213,0.0306344206116
305,0.759211804528,0.654271249585,0.650724091353,0.0253679967347,0.0325373195352
306,0.741061803529,0.67744827855,0.588543251894,0.0234402775992,0.0383298686127
307,0.706831264184,0.641095265567,0.588543251894,0.0263971000991,0.0383298686127
308,0.7442031798,0.655565642769,0.621375959697,0.0243502064783,0.0352712886232
309,0.725901796948,0.634890219071,0.621375959697,0.0271061988304,0.0352712886232
310,0.74432453263,0.609990142795,0.621375959697,0.0281506221018,0.0352712886232
311,0.741982595705,0.664050818254,0.62482646841,0.0243386498098,0.0349498513246
312,0.711172754926,0.602290807963,0.62482646841,0.0296655084574,0.0349498513246
313,0.644136886113,0.472340320525,0.62482646841,0.0387331386388,0.0349498513246
314,0.70983307994,0.626723283804,0.602021508704,0.0283998870922,0.0370742814457
315,0.71199457955,0.649905891144,0.590101968053,0.0265956559671,0.0381846640781
316,0.759255525077,0.601588226271,0.590101968053,0.0286637431007,0.0381846640781
317,0.718222262987,0.673400331284,0.582071747984,0.0242296640199,0.0389327312361
318,0.648082007301,0.36431766197,0.582071747984,0.0463426670461,0.0389327312361
319,0.718222262987,0.673400331284,0.582071747984,0.0242296640199,0.0389327312361
320,0.701687133872,0.649781622141,0.582071747984,0.0260743255019,0.0389327312361
321,0.75223130928,0.671216659649,0.605352586563,0.0241210803794,0.0367639699069
322,0.723035182716,0.66954884696,0.605352586563,0.0238134407539,0.0367639699069
323,0.684940380402,0.681590531855,0.600901161765,0.023830202055,0.0371786490401
324,0.631569793701,0.487424257082,0.600901161765,0.0383534629054,0.0371786490401
325,0.708756733159,0.699076227385,0.583189280658,0.0220875680507,0.0388286258088
326,0.732369896547,0.709126074781,0.585712388643,0.0215305009269,0.0385935819117
327,0.721732489059,0.669840327802,0.585712388643,0.0244105304393,0.0385935819117
328,0.72090670297,0.673317317269,0.619679767721,0.0243645652197,0.035429299923
329,0.651267049698,0.510420890171,0.619679767721,0.0364772759882,0.035429299923
330,0.713996376619,0.629242504557,0.620722969088,0.0266561333333,0.0353321189397
331,0.616168750323,0.412523570073,0.620722969088,0.0429869202864,0.0353321189397
332,0.752449940449,0.688315093777,0.568864720716,0.022967980117,0.0401630516094
333,0.74892804381,0.641537477187,0.568864720716,0.0254641595029,0.0401630516094
334,0.654076060252,0.505760717243,0.568864720716,0.0359896968186,0.0401630516094
335,0.793759336389,0.775229783405,0.632318675757,0.0168074821079,0.0342519035462
336,0.69160924471,0.573015330109,0.632318675757,0.03161764735,0.0342519035462
337,0.793759336389,0.775229783405,0.632318675757,0.0168074821079,0.0342519035462
338,0.759300609828,0.680040230929,0.632318675757,0.0233263164793,0.0342519035462
339,0.793636725723,0.783772137822,0.622570864037,0.0163198970915,0.0351599755227
340,0.702958821505,0.657401439864,0.622570864037,0.025577121432,0.0351599755227
341,0.793759336389,0.775229783405,0.632318675757,0.0168074821079,0.0342519035462
342,0.710090337321,0.554862359029,0.632318675757,0.0318938283649,0.0342519035462
343,0.728198994499,0.60586946456,0.495240526668,0.02921104362,0.0470216234948
344,0.687322662475,0.48865626426,0.495240526668,0.0376041555331,0.0470216234948
345,0.732558895526,0.632513911997,0.505223173244,0.0275893897139,0.0460916751262
346,0.738885634824,0.617760832998,0.505223173244,0.0283717186737,0.0460916751262
347,0.729382603062,0.61382811215,0.505223173244,0.028327582343,0.0460916751262
348,0.617913504522,0.329030749123,0.505223173244,0.0484620098781,0.0460916751262
349,0.653881453537,0.431715267406,0.506841220406,0.0401724338985,0.0459409435233
350,0.675586259891,0.488231193691,0.518124431445,0.0353510871593,0.0448898391274
351,0.70218271922,0.48958499405,0.494736094325,0.034736579145,0.0470686146439
352,0.687879141426,0.476904815386,0.494736094325,0.0355767055173,0.0470686146439
353,0.666036724525,0.573208823175,0.41716990748,0.030688146549,0.0542944087626
354,0.67124595149,0.545263686664,0.41716990748,0.0327314197121,0.0542944087626
355,0.642035966568,0.45647123746,0.41716990748,0.0383669770646,0.0542944087626
356,0.67627868113,0.572452256903,0.432013682284,0.0308277630401,0.0529116147251
357,0.666690140144,0.559789299526,0.432013682284,0.0313667345993,0.0529116147251
358,0.651765621045,0.556491767885,0.432013682284,0.0304872549461,0.0529116147251
359,0.595470192862,0.503312235132,0.432013682284,0.0361188053127,0.0529116147251
360,0.690849101624,0.612380544706,0.550669725807,0.0270588178519,0.0418580335668
361,0.697564050059,0.445539400524,0.550669725807,0.0390110014205,0.0418580335668
362,0.715256984581,0.622352657803,0.480996202851,0.0268481499783,0.0483485747792
363,0.664370250912,0.574194466135,0.480996202851,0.0305817837018,0.0483485747792
364,0.692603837358,0.569385202845,0.480996202851,0.0297417855343,0.0483485747792
365,0.729046318405,0.593468579635,0.403764820115,0.0288505017511,0.0555431797205
366,0.701880112329,0.552706639557,0.403764820115,0.0316169721881,0.0555431797205
367,0.729046318405,0.593468579635,0.403764820115,0.0288505017511,0.0555431797205
368,0.72836470273,0.558229626771,0.403764820115,0.0338882159992,0.0555431797205
369,0.635291617769,0.480738096536,0.403764820115,0.0378430760526,0.0555431797205
370,0.673358498536,0.520190108424,0.462812191595,0.035035650562,0.0500425335379
371,0.655693394492,0.533959335589,0.49087155539,0.0344201768778,0.0474286215469
372,0.694310073758,0.462140880332,0.49087155539,0.0377773509275,0.0474286215469
373,0.657636918753,0.468356640728,0.232036421616,0.0372273097431,0.0715407954646
374,0.638988437884,0.502975010127,0.281281229458,0.0348433229359,0.0669533217553
375,0.609711142758,0.394659647104,0.281281229458,0.0428383014372,0.0669533217553
376,0.747469398388,0.64523609099,0.285140642342,0.0251422150545,0.0665937923772
377,0.738075602456,0.648147735557,0.570468747512,0.0250166722308,0.0400136260948
378,0.748851831879,0.663034626375,0.531779297277,0.0246615783585,0.0436177996829
379,0.748851831879,0.663034626375,0.531779297277,0.0246615783585,0.0436177996829
380,0.713745829767,0.587057201098,0.531779297277,0.0300566387701,0.0436177996829
381,0.67889336662,0.497049969126,0.531779297277,0.0353637322273,0.0436177996829
382,0.703312008818,0.520931835528,0.603001111719,0.0360476398633,0.0369830250621
383,0.681947931919,0.529735385419,0.525275369267,0.0342956067143,0.0442236828219
384,0.675680644794,0.394748838202,0.525275369267,0.0435890420843,0.0442236828219
385,0.699981633409,0.537239891058,0.538930786006,0.0343694834101,0.042951592057
386,0.674719621397,0.588494338847,0.492025640758,0.0315800327872,0.0473211109988
387,0.647896229863,0.573312576219,0.492025640758,0.0329797484627,0.0473211109988
388,0.671357669125,0.514981617881,0.492025640758,0.0365622562922,0.0473211109988
389,0.704185339579,0.549743608756,0.521748328142,0.0337299047606,0.0445522496118
390,0.705955272685,0.533419335807,0.521748328142,0.0342216350379,0.0445522496118
391,0.704185339579,0.549743608756,0.521748328142,0.0337299047606,0.0445522496118
392,0.676313829533,0.573581974722,0.468294356713,0.0323919800964,0.049531834249
393,0.669291170815,0.545938755053,0.468294356713,0.035216673785,0.049531834249
394,0.662950302471,0.500826431304,0.468294356713,0.0361566616939,0.049531834249
395,0.684087213804,0.600507248071,0.460902962929,0.0302542598868,0.0502203905891
396,0.732888043338,0.662789956275,0.559699008945,0.0251913232536,0.0410168971948
397,0.647534535599,0.529436165476,0.559699008945,0.0355104573756,0.0410168971948
398,0.741204576429,0.645925999916,0.599272037247,0.0260808849363,0.0373304125705
399,0.640116775091,0.445686720735,0.599272037247,0.0398777922106,0.0373304125705
400,0.68429592648,0.518571474348,0.534385344215,0.0350013594966,0.0433750294838
401,0.673276605664,0.508350374501,0.534385344215,0.0351720905275,0.0433750294838
402,0.68429592648,0.518571474348,0.534385344215,0.0350013594966,0.0433750294838
403,0.675699001557,0.494465187599,0.534385344215,0.0367620030362,0.0433750294838
404,0.647368554951,0.454126523198,0.534385344215,0.039363223748,0.0433750294838
405,0.675699001557,0.494465187599,0.511777952339,0.0367620030362,0.0454810548783
406,0.681583595219,0.492591998939,0.511777952339,0.0365061179884,0.0454810548783
407,0.661846770289,0.479395711296,0.511777952339,0.0381681907644,0.0454810548783
408,0.742791855644,0.663623092398,0.539477560003,0.0245310973609,0.0429006565077
409,0.745848669953,0.655219503913,0.539477560003,0.0250773292342,0.0429006565077
410,0.746682858965,0.648483592577,0.539477560003,0.0255003557145,0.0429006565077
411,0.659388359447,0.528099830851,0.539477560003,0.0342325563666,0.0429006565077
412,0.670872096774,0.468080354837,0.539477560003,0.0368107197537,0.0429006565077
413,0.745510789321,0.655174435742,0.56007940168,0.0249166828539,0.0409814611407
414,0.72603926809,0.617481442344,0.56007940168,0.0276031915274,0.0409814611407
415,0.741566133603,0.644053295427,0.612536663423,0.026068347243,0.0360947264848
416,0.709914984219,0.611368008584,0.612536663423,0.0283923114344,0.0360947264848
417,0.661236695944,0.525758107344,0.612536663423,0.0344740852196,0.0360947264848
418,0.723951583628,0.60062388952,0.574594803951,0.0290614561375,0.0396292571376
419,0.574754290265,0.376482280022,0.574594803951,0.0448159053201,0.0396292571376
420,0.735348845461,0.590964772661,0.642090106009,0.0292117866081,0.0333416313501
421,0.727848200706,0.655131610895,0.657065687672,0.025319701346,0.0319465586476
422,0.771090060147,0.692636469161,0.707155454801,0.0221685546777,0.0272803714925
423,0.709446515308,0.614696021201,0.707155454801,0.0281097280098,0.0272803714925
424,0.770187764538,0.711955224584,0.653407314617,0.0209601068851,0.0322873598598
425,0.771383634351,0.721672855836,0.622002405194,0.0202190813444,0.0352129311562
426,0.7808351296,0.697275902883,0.622002405194,0.022392305498,0.0352129311562
427,0.68526644089,0.546399213827,0.622002405194,0.0322290065655,0.0352129311562
428,0.750825705311,0.716008255628,0.607176560445,0.0209597886946,0.0365940548926
429,0.725241388596,0.617641157718,0.607176560445,0.0278854239019,0.0365940548926
430,0.722192683862,0.632970327765,0.555413287438,0.0263716763622,0.0414161399902
431,0.700262288099,0.62457671959,0.555413287438,0.0273970485839,0.0414161399902
432,0.72608860713,0.630645521867,0.599229763578,0.0262431694863,0.0373343506374
433,0.7674481892,0.67875007233,0.568397642334,0.0232324948605,0.0402065629945
434,0.655456815597,0.501233560326,0.568397642334,0.0359246134249,0.0402065629945
435,0.72769421244,0.618314112891,0.557482718911,0.0283123149133,0.0412233590069
436,0.655127211848,0.497480381078,0.557482718911,0.0360464839547,0.0412233590069
437,0.726215330144,0.639555187328,0.570966139472,0.0266135790006,0.0399672908031
438,0.72777526467,0.674078043134,0.609437109356,0.0241987368952,0.0363834700786
439,0.74023608178,0.660210819584,0.609437109356,0.0247278186608,0.0363834700786
440,0.79780040996,0.76910827996,0.693909349965,0.0164569743087,0.0285143321951
441,0.763541103946,0.637503534927,0.693909349965,0.026057501736,0.0285143321951
442,0.720985737982,0.660546436482,0.593878559332,0.0252520196393,0.0378328500705
443,0.644490667647,0.454704754547,0.593878559332,0.0388798740743,0.0378328500705
444,0.723607336988,0.648598931081,0.580338987736,0.0260302814218,0.039094149108
445,0.693838914076,0.698251043451,0.554888880398,0.0222466386388,0.0414649919121
446,0.720642864107,0.632755608556,0.554888880398,0.0263985364549,0.0414649919121
447,0.674747931234,0.565396453248,0.554888880398,0.0316620733364,0.0414649919121
448,0.72335544746,0.667746520642,0.599508964646,0.0249288768365,0.0373083412444
449,0.693012355862,0.562900391762,0.599508964646,0.0316489396313,0.0373083412444
450,0.713239246663,0.683796949658,0.61186019193,0.0236442106276,0.0361577441983
451,0.723144938975,0.64657220233,0.61186019193,0.0262786575933,0.0361577441983
452,0.665705469693,0.5018598568,0.61186019193,0.0364567732492,0.0361577441983
453,0.694786495688,0.651231363396,0.608420788791,0.0252862682286,0.0364781469406
454,0.69455972657,0.644304844967,0.608420788791,0.0261184650319,0.0364781469406
455,0.629334489856,0.480321439068,0.608420788791,0.0374324231446,0.0364781469406
456,0.684182289123,0.595087658197,0.471413313361,0.0290305873164,0.0492412831787
457,0.688865718232,0.678285874866,0.542127813449,0.0235827564001,0.0426537681851
458,0.730918323921,0.63999156606,0.542127813449,0.0267919614635,0.0426537681851
459,0.715199349351,0.654597120026,0.623248761648,0.0249849480949,0.0350968249571
460,0.621752188597,0.510007278813,0.623248761648,0.0357480391708,0.0350968249571
461,0.516398699059,0.332301527147,0.623248761648,0.0483893488449,0.0350968249571
462,0.614471972321,0.512069347264,0.472365865796,0.0351677979017,0.0491525467323
463,0.672813803509,0.561920676615,0.540643976039,0.0312071824184,0.0427919972778
464,0.714989892486,0.620460156175,0.540409203595,0.0278921354498,0.0428138678558
465,0.680678595358,0.532427235994,0.540409203595,0.0347976009876,0.0428138678558
466,0.647142815584,0.486283177367,0.540409203595,0.0369018323699,0.0428138678558
467,0.782728323784,0.701337274205,0.604076840416,0.0212414852927,0.0368828139469
468,0.780912323902,0.717051606645,0.643579013858,0.0203941924279,0.0332029299131
469,0.749519739031,0.625590788871,0.643579013858,0.0270619193708,0.0332029299131
470,0.752736142796,0.666643810891,0.600713806655,0.0242892757849,0.0371961023855
471,0.746262007113,0.646921330271,0.600713806655,0.0255527417798,0.0371961023855
472,0.75638962782,0.678232925041,0.594176476039,0.0230146498386,0.0378050971942
473,0.743032392534,0.668748888047,0.594176476039,0.023908317123,0.0378050971942
474,0.697248380395,0.540487878652,0.594176476039,0.0327735114536,0.0378050971942
475,0.775910481484,0.680407899254,0.578818723624,0.0233265332789,0.0392357715846
476,0.733406232362,0.640198741696,0.578818723624,0.0260786461724,0.0392357715846
477,0.764027987859,0.668672862919,0.618106963951,0.0238764610659,0.0355758168099
478,0.729984961837,0.619201248533,0.618106963951,0.0272222889689,0.0355758168099
479,0.767681133139,0.688656446135,0.591144283103,0.0231391419715,0.0380875656611
480,0.717175444259,0.63982316516,0.591144283103,0.0269464602327,0.0380875656611
481,0.799571155581,0.756372683148,0.614423883446,0.0174239150523,0.0359189196817
482,0.782169253734,0.696003465278,0.614423883446,0.0215015166456,0.0359189196817
483,0.742787471313,0.670692327699,0.614423883446,0.023334251132,0.0359189196817
484,0.758208416644,0.721065887023,0.636774350632,0.0194615662854,0.0338368284907
485,0.759484643364,0.657308281587,0.636774350632,0.0237426843849,0.0338368284907
486,0.708120161042,0.644722100554,0.636774350632,0.0259135725135,0.0338368284907
487,0.758268742687,0.648649907407,0.631505839104,0.0246108953752,0.03432762456
488,0.721813321332,0.608312319496,0.631505839104,0.0268357596778,0.03432762456
489,0.766988649012,0.693373172456,0.643408780206,0.0215805750005,0.0332187882834
490,0.766873299558,0.65316626124,0.643408780206,0.0238004896941,0.0332187882834
491,0.766988649012,0.693373172456,0.643408780206,0.0215805750005,0.0332187882834
492,0.77415008586,0.680188651987,0.643408780206,0.0225746264858,0.0332187882834
493,0.754888291612,0.63654892003,0.643408780206,0.0260112558993,0.0332187882834
494,0.634800821343,0.421385675932,0.643408780206,0.0401235853294,0.0332187882834
495,0.651111984791,0.452338793865,0.254874131727,0.0373889698562,0.0694133144304
496,0.67588786057,0.509765468467,0.232985278127,0.0355569183087,0.0714524033175
497,0.730120113274,0.633588723935,0.58697206003,0.0261529776503,0.0384762353401
498,0.75606249848,0.649531082996,0.589127897691,0.0250256201914,0.0382754050592
499,0.747501487625,0.677708007283,0.616571803789,0.0225935954052,0.0357188269504
