generation,train,validation,test,validmse,testmse
0,0.659771971145,0.477590171687,0.384138133026,0.0367293467768,0.0573715331036
1,0.651527762102,0.44311584613,0.384138133026,0.0394255266385,0.0573715331036
2,0.647193808738,0.415851210333,0.384138133026,0.04141489325,0.0573715331036
3,0.690591267306,0.529012820191,0.471169800581,0.0351159956042,0.0492639679759
4,0.671759203729,0.449309615053,0.471169800581,0.0402053948413,0.0492639679759
5,0.686260174575,0.453444400967,0.441374907743,0.039675654204,0.0520395557699
6,0.692832173905,0.519609316917,0.435185870547,0.0352326633579,0.0526161047842
7,0.692832173905,0.519609316917,0.435185870547,0.0352326633579,0.0526161047842
8,0.700278161926,0.450126420207,0.435185870547,0.0404569325932,0.0526161047842
9,0.678062672295,0.529894119379,0.466522065116,0.0353706778434,0.0496969347228
10,0.679387168929,0.458020193639,0.466522065116,0.0395452301914,0.0496969347228
11,0.692110306829,0.482138548805,0.433884164912,0.0374466892465,0.0527373671191
12,0.738367556555,0.584249747934,0.466774215966,0.0291179075168,0.0496734452333
13,0.661306036983,0.531940085609,0.466774215966,0.0339909542471,0.0496734452333
14,0.665185598194,0.524424903627,0.466774215966,0.0352248098431,0.0496734452333
15,0.673851492398,0.529624949354,0.473175009137,0.0343164343097,0.0490771697745
16,0.673851492398,0.529624949354,0.473175009137,0.0343164343097,0.0490771697745
17,0.668271663513,0.538301299823,0.459941782115,0.0332238396645,0.050309930825
18,0.707590691672,0.701022465029,0.5665492034,0.0214196259784,0.0403787570874
19,0.695437070784,0.69178103755,0.5665492034,0.0217566113478,0.0403787570874
20,0.693221366287,0.680274588097,0.5665492034,0.0235785581526,0.0403787570874
21,0.772719770297,0.678011457468,0.5665492034,0.0237074962242,0.0403787570874
22,0.745748377561,0.670574747733,0.5665492034,0.0242774599271,0.0403787570874
23,0.713978380716,0.613793951695,0.5665492034,0.0275677726321,0.0403787570874
24,0.76558109643,0.681395881132,0.5954957646,0.0234487282891,0.0376821968956
25,0.733875922997,0.652463136164,0.5954957646,0.0244025204454,0.0376821968956
26,0.75062612415,0.671750751858,0.611368705044,0.0246941544907,0.0362035293941
27,0.765149718262,0.650715223474,0.611368705044,0.02564614628,0.0362035293941
28,0.765149718262,0.650715223474,0.611368705044,0.02564614628,0.0362035293941
29,0.655720049103,0.348179962413,0.611368705044,0.0474026354863,0.0362035293941
30,0.674801757168,0.44390449174,0.378321561862,0.0418846417236,0.0579133844878
31,0.679347708071,0.485354584123,0.486944758834,0.0381122495482,0.0477944281518
32,0.750788077152,0.701132832295,0.599515752277,0.0219955820511,0.0373077089325
33,0.722664185448,0.715543770508,0.588823733396,0.0212604044697,0.038303739939
34,0.723573015293,0.684392190771,0.588823733396,0.0227332182499,0.038303739939
35,0.646854277036,0.466363594396,0.588823733396,0.0391378066547,0.038303739939
36,0.737274693111,0.703466936767,0.619452345307,0.0216654441873,0.0354504857981
37,0.63609030028,0.47113131303,0.619452345307,0.0376433128262,0.0354504857981
38,0.779532976593,0.751569368266,0.65540394802,0.0181558097972,0.0321013604896
39,0.728797762273,0.647157429429,0.65540394802,0.0250177698834,0.0321013604896
40,0.678245105985,0.509258434009,0.65540394802,0.0352671589317,0.0321013604896
41,0.766117476566,0.669744961801,0.622168644775,0.0249318828233,0.0351974448594
42,0.653139589715,0.3801280389,0.622168644775,0.0449056165342,0.0351974448594
43,0.669688869702,0.391174836451,0.483739838387,0.0453605049613,0.0480929873083
44,0.679967048278,0.402586843771,0.438056557496,0.0451883481244,0.052348681649
45,0.679967048278,0.402586843771,0.438056557496,0.0451883481244,0.052348681649
46,0.766117476566,0.669744961801,0.622168644775,0.0249318828233,0.0351974448594
47,0.737228990502,0.640694333973,0.622168644775,0.0270172441706,0.0351974448594
48,0.745419880589,0.695888409001,0.609272197475,0.02304975946,0.0363988326915
49,0.749259516861,0.71232306327,0.59808882814,0.0215694049396,0.0374406361842
50,0.697641465924,0.555741103147,0.59808882814,0.0329358976687,0.0374406361842
51,0.771235065354,0.660065838734,0.628160986709,0.0248362509272,0.0346392192864
52,0.711941248981,0.615087342957,0.628160986709,0.0284247042448,0.0346392192864
53,0.748251444776,0.626549303395,0.614467080999,0.0266424563534,0.035914895549
54,0.765112891805,0.686052122083,0.640231481062,0.0225007882193,0.0335147743361
55,0.792111372557,0.727638141282,0.647581363641,0.0197601984056,0.0328300850344
56,0.774771648639,0.707801061216,0.647581363641,0.0201513451955,0.0328300850344
57,0.773311141838,0.679977699123,0.647581363641,0.0230278259471,0.0328300850344
58,0.771614127744,0.721788460846,0.640821119022,0.0202633675582,0.0334598457303
59,0.748701791488,0.615269753204,0.640821119022,0.0279408977752,0.0334598457303
60,0.781598107313,0.707294090945,0.636801398709,0.0205469892204,0.0338343087867
61,0.775500428494,0.681541648235,0.636801398709,0.0223236390853,0.0338343087867
62,0.781801648579,0.678722334914,0.636801398709,0.0227547947823,0.0338343087867
63,0.76963684747,0.677925098809,0.636801398709,0.0222570118828,0.0338343087867
64,0.781598107313,0.707294090945,0.636801398709,0.0205469892204,0.0338343087867
65,0.779924099748,0.684949852829,0.636801398709,0.022180342021,0.0338343087867
66,0.746722658406,0.694299146599,0.626225909993,0.0223213826202,0.0348194842513
67,0.777033933276,0.654344255585,0.626225909993,0.0247912783236,0.0348194842513
68,0.763023991641,0.651315826897,0.626225909993,0.0248268950541,0.0348194842513
69,0.625028365937,0.472406449615,0.626225909993,0.0380293508737,0.0348194842513
70,0.719620689007,0.679465226204,0.566405457359,0.0227573860888,0.0403921479648
71,0.768557535085,0.728010235401,0.528677077527,0.0194431044215,0.0439067916025
72,0.733211763814,0.667221127342,0.528677077527,0.0234169304652,0.0439067916025
73,0.77038257255,0.668133149398,0.481223515749,0.0237372414988,0.0483273991062
74,0.756568839754,0.692072978317,0.444783300427,0.0220539206091,0.0517220418529
75,0.635985089676,0.503678556698,0.444783300427,0.0371144842464,0.0517220418529
76,0.737874956892,0.646667508931,0.54286640642,0.0260315341061,0.0425849634524
77,0.74682991911,0.665360446526,0.564264149918,0.0247322183679,0.0405916246613
78,0.74682991911,0.665360446526,0.564264149918,0.0247322183679,0.0405916246613
79,0.715984819665,0.64489042116,0.564264149918,0.0265276041161,0.0405916246613
80,0.733443123144,0.705093612234,0.554304409638,0.0221283020551,0.0415194391597
81,0.738979058381,0.707356042206,0.527414642258,0.0218189547232,0.0440243956477
82,0.700084254057,0.671473588008,0.527414642258,0.0245499072615,0.0440243956477
83,0.581424286034,0.371015400691,0.527414642258,0.0448928257789,0.0440243956477
84,0.577932880636,0.380566876839,0.304937438831,0.0437343710589,0.0647495921985
85,0.767248636252,0.717663315598,0.566284468401,0.0217582933817,0.0404034188721
86,0.771640224292,0.679042370129,0.566284468401,0.0236751189054,0.0404034188721
87,0.621967897541,0.420630314397,0.566284468401,0.0426559004953,0.0404034188721
88,0.772616778896,0.713287448182,0.601119027087,0.0219123857505,0.0371583534702
89,0.701258706098,0.505841734588,0.601119027087,0.0354822213862,0.0371583534702
90,0.69657712004,0.711904385457,0.536831689834,0.021816466193,0.0431471364996
91,0.714299451964,0.660194195116,0.536831689834,0.024281320496,0.0431471364996
92,0.752174504931,0.655266486478,0.536831689834,0.0250010415722,0.0431471364996
93,0.738801137377,0.67537821036,0.577808397931,0.0230186355836,0.0393298899852
94,0.694804533893,0.574281353654,0.577808397931,0.029465931342,0.0393298899852
95,0.623224911227,0.371735613633,0.577808397931,0.0428175818819,0.0393298899852
96,0.741579808668,0.667165537583,0.525118713135,0.023879220065,0.0442382763582
97,0.728546232631,0.728090555917,0.587641320079,0.0195283142089,0.0384138894195
98,0.751120895041,0.69528194703,0.587641320079,0.0208139417334,0.0384138894195
99,0.807853420698,0.763370646032,0.61359298918,0.0180946872327,0.0359963228794
100,0.8147057413,0.726106591991,0.61359298918,0.0202580136557,0.0359963228794
101,0.788226911938,0.70285645113,0.61359298918,0.0213222164392,0.0359963228794
102,0.807853420698,0.763370646032,0.61359298918,0.0180946872327,0.0359963228794
103,0.798507640174,0.752796880138,0.61359298918,0.0184993578617,0.0359963228794
104,0.763225991429,0.639918731679,0.61359298918,0.0257108706356,0.0359963228794
105,0.75801458973,0.693243108974,0.580419603502,0.0224826384511,0.0390866392258
106,0.682706947112,0.525346562829,0.580419603502,0.034192159796,0.0390866392258
107,0.758768018447,0.681783949621,0.562521307823,0.0226637421319,0.0407539817227
108,0.706435127632,0.633093249884,0.562521307823,0.027033868083,0.0407539817227
109,0.677166080051,0.532757302142,0.562521307823,0.0348940336738,0.0407539817227
110,0.763841806708,0.68676913451,0.558612898558,0.0226765693284,0.0411180754319
111,0.666961732626,0.490693807582,0.558612898558,0.035528174735,0.0411180754319
112,0.680612521261,0.620570267559,0.52512316624,0.0272304056559,0.0442378615225
113,0.70110965726,0.580178228008,0.52512316624,0.0299300265966,0.0442378615225
114,0.723173146104,0.649882186849,0.603835738407,0.0255589506739,0.036905274165
115,0.726863634577,0.659298070266,0.61040016994,0.0248996415107,0.0362937547299
116,0.649109646323,0.443602645394,0.61040016994,0.0398386705384,0.0362937547299
117,0.730606891722,0.704473774932,0.640080113245,0.0216132525835,0.0335288752315
118,0.760734029637,0.699743722631,0.640080113245,0.0219212605245,0.0335288752315
119,0.660235682542,0.539253351772,0.640080113245,0.0329770655575,0.0335288752315
120,0.78164861757,0.743798812897,0.63895531199,0.0188347642407,0.0336336577743
121,0.749205737221,0.559220090069,0.63895531199,0.0316801177196,0.0336336577743
122,0.777106827155,0.740146892302,0.668465780663,0.0189924705508,0.0308845659387
123,0.627661324928,0.489030449786,0.668465780663,0.0363915992282,0.0308845659387
124,0.786842894486,0.712620350022,0.658420078927,0.0209103275368,0.031820388305
125,0.721271974318,0.645198723729,0.658420078927,0.0263005864492,0.031820388305
126,0.756452786075,0.660914307734,0.598063987206,0.0250562017965,0.0374429502785
127,0.714065856112,0.509864026206,0.598063987206,0.0349204003942,0.0374429502785
128,0.72823443286,0.595316595896,0.578004815436,0.0296972775116,0.0393115924188
129,0.72823443286,0.595316595896,0.578004815436,0.0296972775116,0.0393115924188
130,0.72823443286,0.595316595896,0.578004815436,0.0296972775116,0.0393115924188
131,0.756925084881,0.638596205204,0.614246238693,0.0269120096696,0.0359354684443
132,0.759265157195,0.665336629424,0.631949531875,0.0244063105436,0.0342862916965
133,0.751030862341,0.691807461455,0.632597760793,0.0226028351876,0.0342259049624
134,0.673021092149,0.450368273892,0.632597760793,0.0384822176567,0.0342259049624
135,0.749080743978,0.643036738631,0.620776882051,0.0268662385136,0.0353270965971
136,0.749080743978,0.643036738631,0.620776882051,0.0268662385136,0.0353270965971
137,0.729310346748,0.700775991057,0.603989524887,0.0222772527485,0.0368909479555
138,0.73668475621,0.698729186112,0.603989524887,0.0224551158338,0.0368909479555
139,0.721806999749,0.636388253208,0.603989524887,0.0263859110905,0.0368909479555
140,0.707131909559,0.727489426628,0.612489749075,0.0207905105558,0.0360990968611
141,0.661186848864,0.563866978249,0.612489749075,0.0316335466133,0.0360990968611
142,0.653222723077,0.555178271822,0.612489749075,0.0327553341341,0.0360990968611
143,0.689403551089,0.628973303342,0.590676051918,0.0271157087762,0.0381311844373
144,0.711366894761,0.654161459733,0.608621484721,0.0256005007891,0.0364594508111
145,0.724810566209,0.680858298695,0.585450161797,0.0234203316363,0.0386180100457
146,0.721682807488,0.644970079082,0.585450161797,0.0258683514059,0.0386180100457
147,0.713666022558,0.61728064436,0.585450161797,0.0279992592481,0.0386180100457
148,0.702642850109,0.613531120571,0.585450161797,0.0283734102623,0.0386180100457
149,0.737510161818,0.62106425469,0.570724454692,0.0271931920261,0.0399898053101
150,0.55084287325,0.318121690286,0.570724454692,0.0472351325136,0.0399898053101
151,0.741951978342,0.660193895787,0.643144707757,0.0242473285068,0.0332433883473
152,0.539179837328,0.310741180947,0.643144707757,0.0477503962428,0.0332433883473
153,0.750878825527,0.635702846385,0.594750047152,0.0260975719358,0.0377516653195
154,0.735122758715,0.540038001302,0.594750047152,0.0333754206755,0.0377516653195
155,0.702328839678,0.465466743627,0.594750047152,0.0375658996876,0.0377516653195
156,0.667299992107,0.397328285347,0.594750047152,0.0436521039743,0.0377516653195
157,0.76647232163,0.624139369096,0.591291678517,0.0269765163385,0.0380738348209
158,0.687112394574,0.490154209925,0.591291678517,0.0350937117505,0.0380738348209
159,0.735218185906,0.619892599654,0.580159064859,0.0274735895116,0.0391109100926
160,0.746520664808,0.696440209842,0.572272520294,0.0212931148063,0.0398455929442
161,0.747543630748,0.713168085548,0.62141943785,0.020772398446,0.0352672383508
162,0.641713780793,0.513705894787,0.62141943785,0.0346769835375,0.0352672383508
163,0.637543297121,0.50173261217,0.62141943785,0.0361804248003,0.0352672383508
164,0.743592821773,0.692922958335,0.621000140101,0.0222285234607,0.0353062986596
165,0.652088068584,0.445790002557,0.621000140101,0.0403840156664,0.0353062986596
166,0.749486258593,0.669884277133,0.62454712033,0.0235658797057,0.0349758744126
167,0.736502681547,0.658168600486,0.62454712033,0.0248676412411,0.0349758744126
168,0.802876076977,0.748171736924,0.692379934277,0.0177551771011,0.0286568072004
169,0.739714734036,0.706939791251,0.692379934277,0.0216172162169,0.0286568072004
170,0.748952397982,0.693951145533,0.692379934277,0.0218764169847,0.0286568072004
171,0.779505825932,0.701668128454,0.662003420949,0.0209828658644,0.0314865767209
172,0.751806042852,0.646714691323,0.662003420949,0.0247095852735,0.0314865767209
173,0.700694496209,0.63548143208,0.662003420949,0.0265916778866,0.0314865767209
174,0.805496151905,0.70113528781,0.599601558712,0.0214394054501,0.0372997155058
175,0.748001924163,0.618364872938,0.599601558712,0.0272387749471,0.0372997155058
176,0.773969680612,0.64345281073,0.632276664001,0.0251610112141,0.0342558172142
177,0.709771418393,0.511704767737,0.632276664001,0.0340878749185,0.0342558172142
178,0.760749760973,0.659613332735,0.647005880233,0.0242872208155,0.0328836950517
179,0.643698712761,0.428571977193,0.647005880233,0.0415600397302,0.0328836950517
180,0.751118901026,0.638425457545,0.599440315749,0.0266445978627,0.0373147363351
181,0.750940597889,0.639632245473,0.590916900231,0.0263971318257,0.0381087478525
182,0.667520440276,0.434775244098,0.590916900231,0.0423556906099,0.0381087478525
183,0.723995666914,0.621172267648,0.558048768836,0.028182532078,0.0411706277797
184,0.657568474552,0.43469899366,0.558048768836,0.0416240519436,0.0411706277797
185,0.758159016246,0.705392556139,0.541571562461,0.0224363498733,0.0427055865776
186,0.775384850607,0.701258953496,0.541571562461,0.0209286471606,0.0427055865776
187,0.733629526862,0.662297341357,0.541571562461,0.0248049176264,0.0427055865776
188,0.670322013579,0.466286648235,0.541571562461,0.0388833899299,0.0427055865776
189,0.746655190869,0.691702876442,0.527524689068,0.0236344796104,0.0440141440725
190,0.71155072244,0.564900054873,0.527524689068,0.032383618598,0.0440141440725
191,0.754148761039,0.67715966307,0.581127842632,0.0241275554949,0.0390206621506
192,0.703750675426,0.550071098854,0.581127842632,0.0313877005784,0.0390206621506
193,0.740570962562,0.680031342955,0.530215113116,0.0244424875802,0.0437635135974
194,0.743770372332,0.680143691365,0.581664586607,0.0238887399352,0.038970660963
195,0.730516730035,0.631043309389,0.581664586607,0.0272055804351,0.038970660963
196,0.747033697905,0.677323612339,0.588512114328,0.0244805392047,0.0383327692792
197,0.69691194912,0.532694624462,0.588512114328,0.0344543043389,0.0383327692792
198,0.747033697905,0.677323612339,0.588512114328,0.0244805392047,0.0383327692792
199,0.736690578027,0.674903997987,0.588512114328,0.0246912171951,0.0383327692792
200,0.760976722069,0.655163040857,0.588512114328,0.026237357169,0.0383327692792
201,0.766677733478,0.661798844593,0.556716772891,0.0254822118297,0.0412947118537
202,0.717767822321,0.662083987039,0.551501144741,0.0249008656168,0.0417805814928
203,0.735147623654,0.627066452017,0.551501144741,0.0266147493799,0.0417805814928
204,0.715596314293,0.592528878653,0.551501144741,0.0297992779844,0.0417805814928
205,0.644382351046,0.49150025771,0.551501144741,0.037547394256,0.0417805814928
206,0.736035864126,0.624463595653,0.619418822268,0.0271157247566,0.0354536086868
207,0.653101145967,0.526412086478,0.619418822268,0.0358972764267,0.0354536086868
208,0.738474838953,0.630906522318,0.596798487107,0.0267207694497,0.0375608398325
209,0.727918517191,0.639599343178,0.562791847784,0.0265409034688,0.0407287791681
210,0.730296721656,0.619469121375,0.562791847784,0.028043966591,0.0407287791681
211,0.651082628717,0.488895976023,0.562791847784,0.0377902464786,0.0407287791681
212,0.616510099575,0.395625922079,0.562791847784,0.0434448914666,0.0407287791681
213,0.696543645705,0.656996997143,0.505337136747,0.0248832851262,0.0460810586856
214,0.649638559479,0.560670031394,0.505337136747,0.032022322036,0.0460810586856
215,0.738044793414,0.681422558486,0.52994593498,0.0243121766728,0.0437885892892
216,0.688147830955,0.653542937451,0.52994593498,0.0262555366651,0.0437885892892
217,0.737075481008,0.698662592868,0.592106927712,0.023033244911,0.0379978890631
218,0.764828675151,0.649265964686,0.592106927712,0.0254400264847,0.0379978890631
219,0.717860021252,0.690690546664,0.589682043678,0.0222930092643,0.0382237827612
220,0.716861850834,0.6868175722,0.589682043678,0.0226090591713,0.0382237827612
221,0.739079281303,0.666587215256,0.589682043678,0.0234578445661,0.0382237827612
222,0.713916620087,0.615605303379,0.589682043678,0.0265352102584,0.0382237827612
223,0.636808294728,0.511435164832,0.589682043678,0.0348527280831,0.0382237827612
224,0.525422542612,0.282185119871,0.589682043678,0.0504946686744,0.0382237827612
225,0.753169825801,0.688354561761,0.594717936801,0.0217229571982,0.0377546566072
226,0.731336261676,0.648162794079,0.594717936801,0.0263425240874,0.0377546566072
227,0.717860021252,0.690690546664,0.589682043678,0.0222930092643,0.0382237827612
228,0.704029321279,0.627045153111,0.589682043678,0.0264534012722,0.0382237827612
229,0.710491267339,0.659859908816,0.646098891294,0.0242663816698,0.0329681869625
230,0.730250091121,0.640335253854,0.646098891294,0.0262747243856,0.0329681869625
231,0.60460664564,0.407568645602,0.646098891294,0.0423049685037,0.0329681869625
232,0.583866062637,0.372307379324,0.646098891294,0.0442208189069,0.0329681869625
233,0.726327404527,0.633361896784,0.583747284906,0.0268143637351,0.0387766440887
234,0.730250091121,0.640335253854,0.620067285315,0.0262747243856,0.0353932001421
235,0.74196736999,0.624682287116,0.620067285315,0.0275091164691,0.0353932001421
236,0.724264099904,0.622156263582,0.620067285315,0.0275568507373,0.0353932001421
237,0.720769316289,0.636287337796,0.578433877038,0.0268704559007,0.0392716225437
238,0.74777904705,0.649185641651,0.535040774933,0.026886706637,0.0433139718551
239,0.739546137797,0.658393024785,0.589313601008,0.0255244191958,0.0382581055891
240,0.684911418706,0.680411023914,0.512113674781,0.0250949154706,0.0454497801522
241,0.736471193584,0.649474051099,0.512113674781,0.0254239579954,0.0454497801522
242,0.812428452585,0.739249401459,0.596989918405,0.0195083070713,0.0375430067637
243,0.79318286161,0.665012585504,0.596989918405,0.0251427911413,0.0375430067637
244,0.743224705995,0.714576862149,0.450972981326,0.0214643693058,0.0511454328734
245,0.733698357299,0.712786011667,0.450972981326,0.0207433497988,0.0511454328734
246,0.755851078198,0.700175536374,0.450972981326,0.0214714389494,0.0511454328734
247,0.720029756716,0.727157733712,0.542733341815,0.0199430481208,0.0425973592847
248,0.703685556194,0.628092205229,0.542733341815,0.0266519595527,0.0425973592847
249,0.76684891008,0.713287476806,0.556520784988,0.0209687117335,0.0413129693998
250,0.762503036783,0.700721494996,0.556520784988,0.0209832825429,0.0413129693998
251,0.65515054528,0.480382480099,0.556520784988,0.0385483799883,0.0413129693998
252,0.682123700988,0.527426173535,0.468434765907,0.0353564548549,0.0495187542206
253,0.668430640051,0.505899311671,0.468434765907,0.0361934112697,0.0495187542206
254,0.737278510174,0.684540841786,0.591707078871,0.0232865801405,0.0380351375798
255,0.715708934135,0.672470442442,0.591707078871,0.0238780809826,0.0380351375798
256,0.732786062629,0.685829751289,0.596848368713,0.0237717857443,0.0375561930369
257,0.694463946964,0.629693147238,0.596848368713,0.0270164163563,0.0375561930369
258,0.648749300621,0.437108782439,0.596848368713,0.0430912487648,0.0375561930369
259,0.708597133457,0.61103244161,0.596294624109,0.0287734441675,0.0376077779435
260,0.705175722052,0.609918297948,0.596294624109,0.028168416015,0.0376077779435
261,0.714616316336,0.598652990889,0.596294624109,0.0293800352758,0.0376077779435
262,0.753019691746,0.671630047651,0.646530419284,0.0244668874314,0.0329279873274
263,0.726681493558,0.635464191103,0.646530419284,0.0265175599624,0.0329279873274
264,0.77018442199,0.670384222067,0.599877120012,0.0242768697301,0.0372740451809
265,0.659953728149,0.374117256118,0.599877120012,0.043214949331,0.0372740451809
266,0.764447612554,0.672855336903,0.625942698048,0.0234378878764,0.0348458672835
267,0.737698260814,0.622639327389,0.625942698048,0.0269012358111,0.0348458672835
268,0.766984611634,0.669276880803,0.648120007478,0.02358364991,0.0327799068623
269,0.68951056501,0.481470398232,0.648120007478,0.0356126910561,0.0327799068623
270,0.722440007694,0.633166697097,0.564859955673,0.026749967887,0.0405361214853
271,0.717367657469,0.579104978465,0.564859955673,0.0299863560294,0.0405361214853
272,0.739124699473,0.668740344047,0.567185856141,0.0241326285223,0.0403194487493
273,0.743798971544,0.646424272528,0.567185856141,0.0260508327834,0.0403194487493
274,0.671493762525,0.448170597909,0.567185856141,0.0377708486029,0.0403194487493
275,0.781478497338,0.722422161588,0.599370862144,0.020240201517,0.0373212063895
276,0.78238390121,0.748762441545,0.635696271864,0.018836686006,0.0339372585304
277,0.756324907418,0.690849923533,0.635696271864,0.0227322620643,0.0339372585304
278,0.753136621368,0.72222750868,0.584268905053,0.0211203039976,0.038728051784
279,0.701984505771,0.633453125004,0.584268905053,0.0275667372804,0.038728051784
280,0.585852186891,0.421617514004,0.584268905053,0.0418987346649,0.038728051784
281,0.675344098847,0.640652717377,0.543230121343,0.0272436676415,0.0425510810449
282,0.602343672694,0.411840779558,0.543230121343,0.0420217341733,0.0425510810449
283,0.715421247709,0.705144089204,0.571868649196,0.0226127077057,0.0398832161602
284,0.695000634275,0.69197065014,0.571868649196,0.0236023785438,0.0398832161602
285,0.75294425125,0.68656132628,0.571868649196,0.024542546358,0.0398832161602
286,0.673527077601,0.557136863511,0.571868649196,0.0322275359114,0.0398832161602
287,0.722478154321,0.712703603091,0.566718301643,0.0216756976583,0.0403630044877
288,0.730696368359,0.680506479466,0.566718301643,0.0241462626354,0.0403630044877
289,0.710421979884,0.687737838581,0.572907274284,0.0237244561588,0.039786461487
290,0.678253098343,0.558881223462,0.572907274284,0.0328594840402,0.039786461487
291,0.708282734295,0.702473805809,0.578093911687,0.0225111822981,0.0393032925244
292,0.673321880355,0.677402491915,0.578093911687,0.0239956474415,0.0393032925244
293,0.71367705933,0.665014427164,0.578093911687,0.0246554020118,0.0393032925244
294,0.662840900593,0.550150071566,0.578093911687,0.0328451246212,0.0393032925244
295,0.708282734295,0.702473805809,0.578093911687,0.0225111822981,0.0393032925244
296,0.640452809182,0.483801171953,0.578093911687,0.0392438481858,0.0393032925244
297,0.717114625786,0.646523961842,0.535345007201,0.0257714822968,0.0432856306433
298,0.703087575805,0.595526326864,0.535345007201,0.0297839128083,0.0432856306433
299,0.67456484359,0.523004462914,0.535345007201,0.0351391877263,0.0432856306433
300,0.714247383759,0.584427295665,0.569837543424,0.0296602789933,0.0400724268555
301,0.750000505728,0.643684187484,0.572297763186,0.025614236689,0.0398432414048
302,0.773673607589,0.653867052177,0.451795902476,0.0245784665443,0.0510687724232
303,0.759056958072,0.657058984599,0.624339407647,0.0248003960089,0.0349952241982
304,0.494206277394,0.225865306436,0.624339407647,0.0542842662413,0.0349952241982
305,0.632898877507,0.407620752734,0.437247402662,0.0441321468142,0.0524240596774
306,0.6392637628,0.396653871968,0.437247402662,0.0440390649749,0.0524240596774
307,0.701447037556,0.599858057395,0.578532729963,0.0283665406462,0.0392624137517
308,0.701447037556,0.599858057395,0.578532729963,0.0283665406462,0.0392624137517
309,0.708881106966,0.629105614131,0.431709540006,0.0266744648867,0.0529399475538
310,0.720823525903,0.627976978414,0.431709540006,0.0269227074031,0.0529399475538
311,0.750752232824,0.671081965165,0.595419528453,0.0246620051148,0.0376892987879
312,0.735741687121,0.555540781715,0.595419528453,0.0324168218449,0.0376892987879
313,0.675105271807,0.598465683406,0.539414846611,0.0290774426516,0.0429064986675
314,0.687694667444,0.608144584813,0.599507295556,0.0288239020259,0.037308496731
315,0.694138872255,0.568178597178,0.599507295556,0.0321080952684,0.037308496731
316,0.70064565878,0.607897187566,0.542801933012,0.0293000015141,0.0425909695692
317,0.699747218848,0.60257839727,0.542801933012,0.0296083827732,0.0425909695692
318,0.668605568298,0.498494252951,0.542801933012,0.0385597286544,0.0425909695692
319,0.688190602089,0.558826376803,0.567404491539,0.0333060074074,0.0402990814419
320,0.697560614239,0.616282183292,0.591175781464,0.0282704954374,0.0380846313842
321,0.701660413895,0.608558251429,0.591175781464,0.0301210865691,0.0380846313842
322,0.707077354397,0.593399790225,0.591175781464,0.0304557398274,0.0380846313842
323,0.697560614239,0.616282183292,0.591175781464,0.0282704954374,0.0380846313842
324,0.69173574445,0.606691637604,0.591175781464,0.0297257776792,0.0380846313842
325,0.686683135206,0.599035503541,0.591175781464,0.0302426774316,0.0380846313842
326,0.565503516,0.328324969874,0.591175781464,0.0495981487,0.0380846313842
327,0.722030631648,0.613751445412,0.585384094035,0.0286472624349,0.0386241646868
328,0.719574483762,0.673483466848,0.612884987192,0.0247416688823,0.0360622778633
329,0.597177949345,0.436337113444,0.612884987192,0.0413820363693,0.0360622778633
330,0.75287989178,0.617657733898,0.602094447356,0.0282960044032,0.0370674867366
331,0.77487244926,0.68616796359,0.650936822356,0.0231356259597,0.0325175022605
332,0.814933445246,0.699885537636,0.646855494101,0.0216490592206,0.0328977044968
333,0.668117547109,0.503177277982,0.646855494101,0.0354327967977,0.0328977044968
334,0.752867233516,0.702055484299,0.64239134971,0.0220769397491,0.0333135685427
335,0.689493404928,0.6629151892,0.64239134971,0.0252454189804,0.0333135685427
336,0.57270450117,0.369852642879,0.64239134971,0.0448002907144,0.0333135685427
337,0.771224958168,0.702431458104,0.60262123162,0.021928787785,0.0370184133608
338,0.749125294691,0.684857413588,0.60262123162,0.0234056234859,0.0370184133608
339,0.778460309572,0.710465115586,0.625372006529,0.0214070523112,0.0348990309054
340,0.768926672845,0.690047666893,0.625372006529,0.0219867645164,0.0348990309054
341,0.655923001166,0.505887593352,0.625372006529,0.0352087316372,0.0348990309054
342,0.682360629744,0.522687139467,0.462011629964,0.0352998063379,0.0501171110537
343,0.671792837724,0.544322641712,0.444136159886,0.033047497577,0.0517823271976
344,0.664169679612,0.493809630417,0.444136159886,0.0366344443212,0.0517823271976
345,0.660245487027,0.498815949672,0.463328127891,0.0366500944165,0.0499944707208
346,0.638485883619,0.496617730956,0.463328127891,0.0362008525884,0.0499944707208
347,0.64005591715,0.513315108665,0.357797726206,0.0365822930334,0.0598253130872
348,0.622497625682,0.470459427076,0.357797726206,0.0389622396467,0.0598253130872
349,0.642413970861,0.42539196051,0.357797726206,0.0417460773941,0.0598253130872
350,0.701321915887,0.527616450762,0.450042559891,0.0341469722633,0.0512321076734
351,0.701321915887,0.527616450762,0.450042559891,0.0341469722633,0.0512321076734
352,0.663930465345,0.539740527404,0.321244587737,0.0337500829532,0.0632304753585
353,0.65689525237,0.505253229228,0.321244587737,0.0362610117815,0.0632304753585
354,0.674901975336,0.537542664037,0.251858983484,0.0337858888562,0.0696941950735
355,0.564355163434,0.363025023338,0.251858983484,0.0455970966224,0.0696941950735
356,0.688226767136,0.562919686718,0.121278175276,0.0317434570422,0.0818586455169
357,0.589253346199,0.464932040079,0.121278175276,0.040847123505,0.0818586455169
358,0.660079341223,0.443997558938,0.121278175276,0.0391887984073,0.0818586455169
359,0.682459578338,0.494647238233,0.316182455064,0.0363024076168,0.0637020458968
360,0.678031175924,0.461351969901,0.316182455064,0.0381469753792,0.0637020458968
361,0.663060421936,0.555950262655,0.308042725874,0.0330585951897,0.0644603145407
362,0.648138024243,0.587071650457,0.462669898478,0.0315075005966,0.050055789066
363,0.667812579371,0.577884847136,0.462669898478,0.0324505817783,0.050055789066
364,0.675492844682,0.512515065967,0.462669898478,0.0363961497213,0.050055789066
365,0.688384573233,0.62625717645,0.537938346311,0.0273493558285,0.0430440442608
366,0.629606734942,0.593302906435,0.537938346311,0.0307397612229,0.0430440442608
367,0.683961380074,0.641849963118,0.577639455182,0.026095836162,0.0393456280996
368,0.673205230619,0.573433603101,0.577639455182,0.0314194589863,0.0393456280996
369,0.723939104992,0.618809587243,0.552549773034,0.0270970907423,0.0416828949561
370,0.7121394045,0.664037152565,0.580506846553,0.0242352483244,0.0390785119689
371,0.70948906306,0.662180643661,0.580506846553,0.0244610266685,0.0390785119689
372,0.734074248819,0.712472905914,0.557161116232,0.0210412316619,0.0412533183853
373,0.728877054079,0.650549602436,0.557161116232,0.0246766913878,0.0412533183853
374,0.679300356953,0.596815373185,0.557161116232,0.0295443847304,0.0412533183853
375,0.740098900217,0.644063838087,0.49367466346,0.025773769492,0.0471674938232
376,0.762177117677,0.697756866936,0.55096356496,0.0217319476283,0.0418306605411
377,0.77076219844,0.705604426153,0.4340974801,0.0210680955734,0.0527174954237
378,0.765203985262,0.675541551032,0.4340974801,0.0233616943953,0.0527174954237
379,0.748984930286,0.707501755977,0.55563224923,0.0214793364965,0.041395742277
380,0.756299573101,0.691747624161,0.55563224923,0.0227544319205,0.041395742277
381,0.715893802774,0.667308106031,0.55563224923,0.0245067339714,0.041395742277
382,0.716675941879,0.666799244438,0.55563224923,0.0241956974678,0.041395742277
383,0.681637264699,0.460832021617,0.55563224923,0.0379991484563,0.041395742277
384,0.763837132342,0.691865951544,0.555271897626,0.0225402784209,0.0414293113695
385,0.66080160391,0.539050058372,0.555271897626,0.031978432656,0.0414293113695
386,0.660757952216,0.479010069341,0.555271897626,0.0361012178594,0.0414293113695
387,0.702457243781,0.580537363789,0.520280576244,0.029626863142,0.0446889802346
388,0.658123558106,0.474164411644,0.520280576244,0.0370819027976,0.0446889802346
389,0.663459870003,0.537384906256,0.191216611095,0.0324471451114,0.0753434259506
390,0.641256807107,0.520826218803,0.191216611095,0.033532729805,0.0753434259506
391,0.649461326863,0.534044773801,0.264459630299,0.0325554240412,0.0685203629779
392,0.64787274357,0.502655548338,0.264459630299,0.0355823492164,0.0685203629779
393,0.660740186494,0.512657966148,0.259238629095,0.0345518153754,0.069006733152
394,0.703366007737,0.55724483717,0.281246566981,0.0306207738448,0.0669565507901
395,0.705967672255,0.578770080551,0.130905927665,0.0292299455539,0.080961757847
396,0.671992078191,0.527830712742,0.130905927665,0.0331310570971,0.080961757847
397,0.710288853648,0.555742805566,0.372116326172,0.0306098143385,0.0584914424971
398,0.698588941501,0.526756489901,0.372116326172,0.033649912907,0.0584914424971
399,0.594156278095,0.37533944253,0.372116326172,0.0437034059628,0.0584914424971
400,0.7216874558,0.523084984982,0.521831527603,0.0338508320113,0.0445444990416
401,0.68216572361,0.528241753522,0.458812112461,0.0339051990294,0.0504151668909
402,0.65952666428,0.414552195624,0.458812112461,0.0432240722053,0.0504151668909
403,0.688998121693,0.5060209829,0.522462830692,0.0347247172908,0.0444856890585
404,0.686871664105,0.475943995934,0.522462830692,0.0364788007144,0.0444856890585
405,0.691147958227,0.544327374168,0.409906005642,0.0322499258387,0.0549710883999
406,0.688535991796,0.557601476995,0.372513514524,0.0320016704215,0.0584544418222
407,0.684037052059,0.531838926345,0.372513514524,0.0343185948638,0.0584544418222
408,0.722041497511,0.608844566172,0.312742537421,0.0295703114355,0.0640224965686
409,0.747142263031,0.629471422689,0.325176914637,0.0269811531106,0.0628641535661
410,0.744501983519,0.642107958412,0.595286968042,0.0254089497863,0.0377016476512
411,0.752292609766,0.684958457252,0.583645190812,0.0219741203568,0.0387861548168
412,0.74670228606,0.677108302191,0.583645190812,0.0232044315232,0.0387861548168
413,0.683803521625,0.519717842573,0.583645190812,0.0326928136848,0.0387861548168
414,0.753024067381,0.667701393856,0.58109773953,0.0231927981405,0.0390234664501
415,0.766691974087,0.693779976705,0.617624050415,0.0209671284084,0.0356208033425
416,0.756201428,0.62995642835,0.617624050415,0.0256594121817,0.0356208033425
417,0.739746890394,0.656808868609,0.618346579614,0.0236744711004,0.0355534950546
418,0.782512386525,0.738691156787,0.621967156954,0.0184080990011,0.0352162147587
419,0.768625370216,0.698466583678,0.621967156954,0.0208974661279,0.0352162147587
420,0.785023994489,0.734476763244,0.614249201012,0.0191546939562,0.035935192485
421,0.735140157475,0.603361452232,0.614249201012,0.0283788125423,0.035935192485
422,0.668555359481,0.500960228388,0.614249201012,0.0347090732632,0.035935192485
423,0.805950878022,0.742822386017,0.608952180035,0.0189768055086,0.0364286443947
424,0.756564946157,0.687796169023,0.608952180035,0.0219937918698,0.0364286443947
425,0.776815391604,0.656377666814,0.608952180035,0.0243072108797,0.0364286443947
426,0.818276742326,0.731987144405,0.598159014996,0.0194108618959,0.0374340978226
427,0.803802142867,0.760140531478,0.560841712256,0.0176800349241,0.0409104469592
428,0.702819420139,0.603417062128,0.560841712256,0.0295289170073,0.0409104469592
429,0.816515287903,0.748084382165,0.57527463089,0.0186787390011,0.0395659268426
430,0.761395935202,0.684281106578,0.57527463089,0.0229038067082,0.0395659268426
431,0.804392596219,0.719508481658,0.587329493537,0.0208122092245,0.0384429380874
432,0.645168513693,0.473552878453,0.587329493537,0.0373980354474,0.0384429380874
433,0.770756413459,0.680195603188,0.603217996846,0.0238302165517,0.0369628208038
434,0.780636866802,0.683996202429,0.665786103515,0.0231757903722,0.0311341952703
435,0.794076264755,0.695094866176,0.571995419775,0.0226499163187,0.0398714066574
436,0.745511863564,0.691261608633,0.571995419775,0.0231261486848,0.0398714066574
437,0.667928810678,0.519956359884,0.571995419775,0.0350021268037,0.0398714066574
438,0.745139174296,0.637602333907,0.604387774017,0.0270393465466,0.0368538484623
439,0.736257576776,0.670305455531,0.592997414322,0.0245868054934,0.0379149344515
440,0.715251010082,0.670940295178,0.562690976345,0.0246951898971,0.0407381759978
441,0.718124717666,0.639934176593,0.562690976345,0.0264945612305,0.0407381759978
442,0.777977324643,0.732800948326,0.636669428793,0.0201252805175,0.0338466026416
443,0.769190975249,0.698244609517,0.636669428793,0.0226352596248,0.0338466026416
444,0.777977324643,0.732800948326,0.636669428793,0.0201252805175,0.0338466026416
445,0.779958344798,0.683040002109,0.636669428793,0.0225076172345,0.0338466026416
446,0.713229057467,0.514284333191,0.636669428793,0.0342740628318,0.0338466026416
447,0.726068818464,0.645577688383,0.593609761945,0.0264979902357,0.037857890293
448,0.790285339357,0.712307273145,0.606471370861,0.0212982198131,0.0366597478828
449,0.759443393853,0.665417671436,0.606471370861,0.0248922960145,0.0366597478828
450,0.62926800415,0.387883227684,0.606471370861,0.0424454086706,0.0366597478828
451,0.761137395579,0.671163416287,0.55421128627,0.0240969556893,0.0415281142063
452,0.796096824169,0.708785232147,0.55361238858,0.021498267094,0.0415839054161
453,0.753050361247,0.650637943857,0.55361238858,0.0252981770768,0.0415839054161
454,0.645138548228,0.399312268169,0.55361238858,0.0426801522199,0.0415839054161
455,0.698837876133,0.540235783874,0.359509566593,0.034616118026,0.0596658440363
456,0.696437103134,0.617809944917,0.459745412702,0.0286480894595,0.0503282239114
457,0.663439374751,0.537143398001,0.459745412702,0.0338262879385,0.0503282239114
458,0.671109087113,0.414405182736,0.459745412702,0.0415401158162,0.0503282239114
459,0.671663849829,0.472058903966,0.340509738913,0.0374299325768,0.0614358013938
460,0.660754247068,0.484744064817,0.370816927992,0.0372765802204,0.0586124898775
461,0.607514056059,0.362682577624,0.370816927992,0.0460481959967,0.0586124898775
462,0.669934779229,0.435286496692,0.479017859876,0.0396068875105,0.0485328702772
463,0.660258546655,0.337031608214,0.479017859876,0.0457896525414,0.0485328702772
464,0.632958672655,0.379105079094,0.29267637742,0.0446544844913,0.0658917897079
465,0.628999465484,0.311695906734,0.29267637742,0.0498550415314,0.0658917897079
466,0.6624707853,0.409472917001,0.37646724936,0.0423503494805,0.0580861257416
467,0.575966268293,0.259767341475,0.37646724936,0.0529797458258,0.0580861257416
468,0.554715788686,0.299125013066,0.410250631809,0.0496334651615,0.054938984234
469,0.577488273015,0.38522262327,0.437252515704,0.044536482787,0.0524235833644
470,0.610421236634,0.413302326065,0.381085739074,0.0405446334451,0.0576558834264
471,0.61315522893,0.422859343193,0.397005557182,0.0403334423924,0.0561728489659
472,0.616821177505,0.398433522999,0.397005557182,0.0420693083723,0.0561728489659
473,0.55098118464,0.347239919835,0.397005557182,0.0458888273891,0.0561728489659
474,0.653865803422,0.487482403255,0.504539090763,0.0358189980524,0.0461554018525
475,0.682134382596,0.529352651699,0.558895292966,0.0324269447683,0.0410917685586
476,0.692106101357,0.601430102718,0.538406710767,0.0282054639577,0.0430004130695
477,0.634925368232,0.461688067666,0.538406710767,0.0388426568473,0.0430004130695
478,0.625397021579,0.443606520777,0.538406710767,0.0403083409209,0.0430004130695
479,0.689682849223,0.593937742645,0.558307467217,0.0299866416125,0.0411465283452
480,0.74466311632,0.652595550595,0.569258084106,0.0248032137799,0.0401264072547
481,0.691309551806,0.601397428163,0.569258084106,0.0297328805196,0.0401264072547
482,0.6756590359,0.497030637269,0.569258084106,0.0357954259217,0.0401264072547
483,0.696665228478,0.59261157807,0.538798985327,0.0291077616924,0.0429638701463
484,0.643483839999,0.449711467939,0.538798985327,0.0394823802737,0.0429638701463
485,0.637477252181,0.480913001624,0.387173791363,0.0367613622526,0.057088741812
486,0.63775556261,0.420965835833,0.387173791363,0.0421952500342,0.057088741812
487,0.614119190723,0.394018744233,0.387173791363,0.0437729119581,0.057088741812
488,0.642166341306,0.51340562482,0.486367773651,0.0354107057365,0.0478481780693
489,0.654231549923,0.53222032802,0.507614291021,0.0332605103471,0.0458689269743
490,0.682008914941,0.55986310154,0.490652215428,0.0315520848573,0.0474490544892
491,0.733193196848,0.664454969569,0.608293322185,0.0246161545692,0.0364900212828
492,0.632951340751,0.534545963284,0.608293322185,0.0342002509413,0.0364900212828
493,0.692139773547,0.582906420455,0.474560190783,0.0295877215416,0.048948131107
494,0.665228723576,0.563116787309,0.474560190783,0.0308949435165,0.048948131107
495,0.624364506421,0.452477865348,0.474560190783,0.0394171716628,0.048948131107
496,0.668760134587,0.536143392626,0.472436911909,0.0333937620256,0.0491459283254
497,0.589805701118,0.405042324238,0.472436911909,0.0429722445459,0.0491459283254
498,0.585233776708,0.456489006603,0.227051833293,0.0392118564203,0.0720051422431
499,0.696510598457,0.482158191064,0.511661818971,0.036370773208,0.0454918734558
