1,2,3,4,5,6,7,8,9,10,11,12,13,14,15,16,17,18,19,20,21,22,23,24,25,26,27,28,n
0,0,0,1,3,0,0,0,1,0,0,0,0,0,0,1,0,0,0,0,0,1,0,1,1,0,0,0,1
0,0,0,2,6,0,0,0,2,0,0,0,0,0,0,2,0,0,0,0,0,2,0,2,2,0,0,0,2
0,0,0,3,9,0,0,0,3,0,0,0,0,0,0,3,0,0,0,0,0,3,0,3,3,0,0,0,3
0,0,0,4,12,0,0,0,4,0,0,0,0,0,0,4,0,0,0,0,0,4,0,4,4,0,0,0,4
0,0,0,5,13,0,0,2,6,0,0,0,0,0,0,5,0,0,0,0,0,5,0,5,5,0,0,0,5
0,0,0,6,14,0,0,4,8,0,0,0,0,0,0,6,0,0,0,0,0,6,0,6,6,0,0,0,6
0,0,0,7,15,0,0,6,10,0,0,0,0,0,0,7,0,0,0,0,0,7,0,7,7,0,0,0,7
0,0,0,8,16,0,0,8,12,0,0,0,0,0,0,8,0,0,0,0,0,8,0,8,8,0,0,0,8
0,0,0,9,17,0,0,10,14,0,0,0,0,0,0,9,0,0,0,0,0,9,0,9,9,0,0,0,9
0,0,0,10,18,0,0,12,15,0,0,0,0,0,0,10,0,0,0,0,0,10,0,10,10,0,0,0,10
0,0,0,11,19,0,0,14,16,0,0,0,0,0,0,11,0,0,0,0,0,11,0,11,11,0,0,0,11
0,0,0,12,20,0,0,16,17,0,0,0,0,0,0,12,0,0,0,0,0,12,0,12,12,0,0,0,12
0,0,0,13,21,0,0,18,18,0,0,0,0,0,0,13,0,0,0,0,0,13,0,13,13,0,0,0,13
0,0,0,14,22,0,0,20,19,0,0,0,0,0,0,14,0,0,0,0,0,14,0,14,14,0,0,0,14
0,0,0,15,23,0,0,22,20,0,0,0,0,0,0,14,0,0,0,0,0,16,0,15,15,0,0,0,15
0,0,0,16,24,0,0,24,21,0,0,0,0,0,0,14,0,0,0,0,0,18,0,16,16,0,0,0,16
0,0,0,17,25,0,0,26,22,0,0,0,0,0,0,14,0,0,0,0,0,20,0,17,17,0,0,0,17
0,0,0,18,26,0,0,28,23,0,0,0,0,0,0,14,0,0,0,0,0,22,0,18,18,0,0,0,18
0,0,0,19,27,0,0,30,24,0,0,0,0,0,0,14,0,0,0,0,0,24,0,19,19,0,0,0,19
0,0,0,20,28,0,0,32,25,0,0,0,0,0,0,15,0,0,0,0,0,26,0,19,20,0,0,0,20
0,0,0,21,29,0,0,34,26,0,0,0,0,0,0,16,0,0,0,0,0,28,0,19,21,0,0,0,21
0,0,0,22,30,0,0,36,27,0,0,0,0,0,0,17,0,0,0,0,0,30,0,19,22,0,0,0,22
0,0,0,23,31,0,0,38,28,0,0,0,0,0,0,18,0,0,0,0,0,32,0,19,23,0,0,0,23
0,0,0,24,32,0,0,40,29,0,0,0,0,0,0,19,0,0,0,0,0,34,0,19,24,0,0,0,24
0,0,0,25,33,0,0,42,30,0,0,0,0,0,0,20,0,0,0,0,0,35,0,20,25,0,0,0,25
0,0,0,26,34,0,0,44,31,0,0,0,0,0,0,21,0,0,0,0,0,36,0,21,26,0,0,0,26
0,0,0,27,35,0,0,46,32,0,0,0,0,0,0,22,0,0,0,0,0,37,0,22,27,0,0,0,27
0,0,0,28,36,0,0,48,33,0,0,0,0,0,0,23,0,0,0,0,0,38,0,23,28,0,0,0,28
0,0,0,29,37,0,0,50,34,0,0,0,0,0,0,24,0,0,0,0,0,39,0,24,29,0,0,0,29
0,0,0,30,38,0,0,52,35,0,0,0,0,0,0,24,0,0,0,0,0,41,0,25,30,0,0,0,30
0,0,0,31,39,0,0,54,36,0,0,0,0,0,0,24,0,0,0,0,0,43,0,26,31,0,0,0,31
0,0,0,32,40,0,0,56,37,0,0,0,0,0,0,24,0,0,0,0,0,45,0,27,32,0,0,0,32
0,0,0,33,41,0,0,58,38,0,0,0,0,0,0,24,0,0,0,0,0,47,0,28,33,0,0,0,33
0,0,0,34,42,0,0,60,39,0,0,0,0,0,0,24,0,0,0,0,0,49,0,29,34,0,0,0,34
0,0,0,35,43,0,0,62,40,0,0,0,0,0,0,25,0,0,0,0,0,50,0,30,35,0,0,0,35
0,0,0,36,44,0,0,64,41,0,0,0,0,0,0,26,0,0,0,0,0,51,0,31,36,0,0,0,36
0,0,0,37,45,0,0,66,42,0,0,0,0,0,0,27,0,0,0,0,0,52,0,32,37,0,0,0,37
0,0,0,38,46,0,0,68,43,0,0,0,0,0,0,28,0,0,0,0,0,53,0,33,38,0,0,0,38
0,0,0,39,47,0,0,70,44,0,0,0,0,0,0,29,0,0,0,0,0,54,0,34,39,0,0,0,39
0,0,0,39,48,0,0,72,45,0,0,0,0,0,0,30,0,0,0,0,0,55,0,35,40,0,0,0,40
0,0,0,39,49,0,0,74,46,0,0,0,0,0,0,31,0,0,0,0,0,56,0,36,41,0,0,0,41
0,0,0,39,50,0,0,76,47,0,0,0,0,0,0,32,0,0,0,0,0,57,0,37,42,0,0,0,42
0,0,0,39,51,0,0,78,48,0,0,0,0,0,0,33,0,0,0,0,0,58,0,38,43,0,0,0,43
0,0,0,39,52,0,0,80,49,0,0,0,0,0,0,34,0,0,0,0,0,59,0,39,44,0,0,0,44
0,0,0,39,53,0,0,82,50,0,0,0,0,0,0,35,0,0,0,0,0,62,0,39,45,0,0,0,45
0,0,0,39,54,0,0,84,51,0,0,0,0,0,0,36,0,0,0,0,0,65,0,39,46,0,0,0,46
0,0,0,39,55,0,0,86,52,0,0,0,0,0,0,37,0,0,0,0,0,68,0,39,47,0,0,0,47
0,0,0,39,56,0,0,88,53,0,0,0,0,0,0,38,0,0,0,0,0,71,0,39,48,0,0,0,48
0,0,0,39,57,0,0,90,54,0,0,0,0,0,0,39,0,0,0,0,0,74,0,39,49,0,0,0,49
0,0,0,40,59,0,0,92,54,0,0,0,1,0,0,39,0,0,0,0,0,75,0,40,50,0,0,0,50
0,0,0,41,61,0,0,94,54,0,0,0,2,0,0,39,0,0,0,0,0,76,0,41,51,0,0,0,51
0,0,0,42,63,0,0,96,54,0,0,0,3,0,0,39,0,0,0,0,0,77,0,42,52,0,0,0,52
0,0,0,43,65,0,0,98,54,0,0,0,4,0,0,39,0,0,0,0,0,78,0,43,53,0,0,0,53
0,0,0,44,67,0,0,100,54,0,0,0,5,0,0,39,0,0,0,0,0,79,0,44,54,0,0,0,54
0,0,0,45,68,0,0,102,55,0,0,0,5,0,0,40,0,0,0,0,0,81,0,44,55,0,0,0,55
0,0,0,46,69,0,0,104,56,0,0,0,5,0,0,41,0,0,0,0,0,83,0,44,56,0,0,0,56
0,0,0,47,70,0,0,106,57,0,0,0,5,0,0,42,0,0,0,0,0,85,0,44,57,0,0,0,57
0,0,0,48,71,0,0,108,58,0,0,0,5,0,0,43,0,0,0,0,0,87,0,44,58,0,0,0,58
0,0,0,49,72,0,0,110,59,0,0,0,5,0,0,44,0,0,0,0,0,89,0,44,59,0,0,0,59
0,0,0,50,73,0,0,112,60,0,0,0,5,0,0,45,0,0,0,0,0,91,0,44,60,0,0,0,60
0,0,0,51,74,0,0,114,61,0,0,0,5,0,0,46,0,0,0,0,0,93,0,44,61,0,0,0,61
0,0,0,52,75,0,0,116,62,0,0,0,5,0,0,47,0,0,0,0,0,95,0,44,62,0,0,0,62
0,0,0,53,76,0,0,118,63,0,0,0,5,0,0,48,0,0,0,0,0,97,0,44,63,0,0,0,63
0,0,0,54,77,0,0,120,64,0,0,0,5,0,0,49,0,0,0,0,0,99,0,44,64,0,0,0,64
0,0,0,55,78,0,0,122,66,0,0,0,5,0,0,50,0,0,0,0,0,101,0,44,65,0,0,0,65
0,0,0,56,79,0,0,124,68,0,0,0,5,0,0,51,0,0,0,0,0,103,0,44,66,0,0,0,66
0,0,0,57,80,0,0,126,70,0,0,0,5,0,0,52,0,0,0,0,0,105,0,44,67,0,0,0,67
0,0,0,58,81,0,0,128,72,0,0,0,5,0,0,53,0,0,0,0,0,107,0,44,68,0,0,0,68
0,0,0,59,82,0,0,130,74,0,0,0,5,0,0,54,0,0,0,0,0,109,0,44,69,0,0,0,69
0,0,0,60,83,0,0,132,75,0,0,0,5,0,0,55,0,0,0,0,0,110,0,45,70,0,0,0,70
0,0,0,61,84,0,0,134,76,0,0,0,5,0,0,56,0,0,0,0,0,111,0,46,71,0,0,0,71
0,0,0,62,85,0,0,136,77,0,0,0,5,0,0,57,0,0,0,0,0,112,0,47,72,0,0,0,72
0,0,0,63,86,0,0,138,78,0,0,0,5,0,0,58,0,0,0,0,0,113,0,48,73,0,0,0,73
0,0,0,64,87,0,0,140,79,0,0,0,5,0,0,59,0,0,0,0,0,114,0,49,74,0,0,0,74
0,0,0,65,88,0,0,142,80,0,0,0,5,0,0,60,0,0,0,0,0,115,0,50,75,0,0,0,75
0,0,0,66,89,0,0,144,81,0,0,0,5,0,0,61,0,0,0,0,0,116,0,51,76,0,0,0,76
0,0,0,67,90,0,0,146,82,0,0,0,5,0,0,62,0,0,0,0,0,117,0,52,77,0,0,0,77
0,0,0,68,91,0,0,148,83,0,0,0,5,0,0,63,0,0,0,0,0,118,0,53,78,0,0,0,78
0,0,0,69,92,0,0,150,84,0,0,0,5,0,0,64,0,0,0,0,0,119,0,54,79,0,0,0,79
0,0,0,70,93,0,0,152,85,0,0,0,5,0,0,65,0,0,0,0,0,120,0,55,80,0,0,0,80
0,0,0,71,94,0,0,154,86,0,0,0,5,0,0,66,0,0,0,0,0,121,0,56,81,0,0,0,81
0,0,0,72,95,0,0,156,87,0,0,0,5,0,0,67,0,0,0,0,0,122,0,57,82,0,0,0,82
0,0,0,73,96,0,0,158,88,0,0,0,5,0,0,68,0,0,0,0,0,123,0,58,83,0,0,0,83
0,0,0,74,97,0,0,160,89,0,0,0,5,0,0,69,0,0,0,0,0,124,0,59,84,0,0,0,84
0,0,0,74,99,0,0,160,89,0,0,0,5,0,0,69,0,0,0,0,0,127,0,59,89,0,0,0,85
0,0,0,74,101,0,0,160,89,0,0,0,5,0,0,69,0,0,0,0,0,130,0,59,94,0,0,0,86
0,0,0,74,103,0,0,160,89,0,0,0,5,0,0,69,0,0,0,0,0,133,0,59,99,0,0,0,87
0,0,0,74,105,0,0,160,89,0,0,0,5,0,0,69,0,0,0,0,0,136,0,59,104,0,0,0,88
0,0,0,74,107,0,0,160,89,0,0,0,5,0,0,69,0,0,0,0,0,139,0,59,109,0,0,0,89
0,0,0,74,109,0,0,160,89,0,0,0,5,0,0,69,0,0,0,0,0,143,0,59,113,0,0,0,90
0,0,0,74,111,0,0,160,89,0,0,0,5,0,0,69,0,0,0,0,0,147,0,59,117,0,0,0,91
0,0,0,74,113,0,0,160,89,0,0,0,5,0,0,69,0,0,0,0,0,151,0,59,121,0,0,0,92
0,0,0,74,115,0,0,160,89,0,0,0,5,0,0,69,0,0,0,0,0,155,0,59,125,0,0,0,93
0,0,0,74,117,0,0,160,89,0,0,0,5,0,0,69,0,0,0,0,0,159,0,59,129,0,0,0,94
0,0,0,74,119,0,0,160,89,0,0,0,5,0,0,69,0,0,0,0,0,162,0,59,134,0,0,0,95
0,0,0,74,121,0,0,160,89,0,0,0,5,0,0,69,0,0,0,0,0,165,0,59,139,0,0,0,96
0,0,0,74,123,0,0,160,89,0,0,0,5,0,0,69,0,0,0,0,0,168,0,59,144,0,0,0,97
0,0,0,74,125,0,0,160,89,0,0,0,5,0,0,69,0,0,0,0,0,171,0,59,149,0,0,0,98
0,0,0,74,127,0,0,160,89,0,0,0,5,0,0,69,0,0,0,0,0,174,0,59,154,0,0,0,99
0,0,0,75,128,0,0,162,91,0,0,0,5,0,0,70,0,0,0,0,0,175,0,60,155,0,0,0,100
0,0,0,76,129,0,0,164,93,0,0,0,5,0,0,71,0,0,0,0,0,176,0,61,156,0,0,0,101
0,0,0,77,130,0,0,166,95,0,0,0,5,0,0,72,0,0,0,0,0,177,0,62,157,0,0,0,102
0,0,0,78,131,0,0,168,97,0,0,0,5,0,0,73,0,0,0,0,0,178,0,63,158,0,0,0,103
0,0,0,79,132,0,0,170,99,0,0,0,5,0,0,74,0,0,0,0,0,179,0,64,159,0,0,0,104
0,0,0,79,135,0,0,170,99,0,0,0,6,0,0,76,0,0,0,0,0,181,0,64,161,0,0,0,105
0,0,0,79,138,0,0,170,99,0,0,0,7,0,0,78,0,0,0,0,0,183,0,64,163,0,0,0,106
0,0,0,79,141,0,0,170,99,0,0,0,8,0,0,80,0,0,0,0,0,185,0,64,165,0,0,0,107
0,0,0,79,144,0,0,170,99,0,0,0,9,0,0,82,0,0,0,0,0,187,0,64,167,0,0,0,108
0,0,0,79,147,0,0,170,99,0,0,0,10,0,0,84,0,0,0,0,0,189,0,64,169,0,0,0,109
0,0,0,79,150,0,0,170,99,0,0,0,11,0,0,86,0,0,0,0,0,191,0,64,171,0,0,0,110
0,0,0,79,153,0,0,170,99,0,0,0,12,0,0,88,0,0,0,0,0,193,0,64,173,0,0,0,111
0,0,0,79,156,0,0,170,99,0,0,0,13,0,0,90,0,0,0,0,0,195,0,64,175,0,0,0,112
0,0,0,79,159,0,0,170,99,0,0,0,14,0,0,92,0,0,0,0,0,197,0,64,177,0,0,0,113
0,0,0,79,162,0,0,170,99,0,0,0,15,0,0,94,0,0,0,0,0,199,0,64,179,0,0,0,114
0,0,0,79,164,0,0,170,99,0,0,0,15,0,0,94,0,0,0,0,0,202,0,64,184,0,0,0,115
0,0,0,79,166,0,0,170,99,0,0,0,15,0,0,94,0,0,0,0,0,205,0,64,189,0,0,0,116
0,0,0,79,168,0,0,170,99,0,0,0,15,0,0,94,0,0,0,0,0,208,0,64,194,0,0,0,117
0,0,0,79,170,0,0,170,99,0,0,0,15,0,0,94,0,0,0,0,0,211,0,64,199,0,0,0,118
0,0,0,79,172,0,0,170,99,0,0,0,15,0,0,94,0,0,0,0,0,214,0,64,204,0,0,0,119
0,0,0,79,174,0,0,170,99,0,0,0,15,0,0,94,0,0,0,0,0,215,0,64,211,0,0,0,120
0,0,0,79,176,0,0,170,99,0,0,0,15,0,0,94,0,0,0,0,0,216,0,64,218,0,0,0,121
0,0,0,79,178,0,0,170,99,0,0,0,15,0,0,94,0,0,0,0,0,217,0,64,225,0,0,0,122
0,0,0,79,180,0,0,170,99,0,0,0,15,0,0,94,0,0,0,0,0,218,0,64,232,0,0,0,123
0,0,0,79,182,0,0,170,99,0,0,0,15,0,0,94,0,0,0,0,0,219,0,64,239,0,0,0,124
0,0,0,79,185,0,0,170,99,0,0,0,16,0,0,96,0,0,0,0,0,221,0,64,241,0,0,0,125
0,0,0,79,188,0,0,170,99,0,0,0,17,0,0,98,0,0,0,0,0,223,0,64,243,0,0,0,126
0,0,0,79,191,0,0,170,99,0,0,0,18,0,0,100,0,0,0,0,0,225,0,64,245,0,0,0,127
0,0,0,79,194,0,0,170,99,0,0,0,19,0,0,102,0,0,0,0,0,227,0,64,247,0,0,0,128
0,0,0,79,197,0,0,170,99,0,0,0,20,0,0,104,0,0,0,0,0,229,0,64,249,0,0,0,129
0,0,0,79,199,0,0,170,99,0,0,0,20,0,0,104,0,0,0,0,0,232,1,64,253,0,0,0,130
0,0,0,79,201,0,0,170,99,0,0,0,20,0,0,104,0,0,0,0,0,235,2,64,257,0,0,0,131
0,0,0,79,203,0,0,170,99,0,0,0,20,0,0,104,0,0,0,0,0,238,3,64,261,0,0,0,132
0,0,0,79,205,0,0,170,99,0,0,0,20,0,0,104,0,0,0,0,0,241,4,64,265,0,0,0,133
0,0,0,79,207,0,0,170,99,0,0,0,20,0,0,104,0,0,0,0,0,244,5,64,269,0,0,0,134
0,0,0,79,209,0,0,170,99,0,0,0,20,0,0,104,0,0,0,0,0,247,6,64,273,0,0,0,135
0,0,0,79,211,0,0,170,99,0,0,0,20,0,0,104,0,0,0,0,0,250,7,64,277,0,0,0,136
0,0,0,79,213,0,0,170,99,0,0,0,20,0,0,104,0,0,0,0,0,253,8,64,281,0,0,0,137
0,0,0,79,215,0,0,170,99,0,0,0,20,0,0,104,0,0,0,0,0,256,9,64,285,0,0,0,138
0,0,0,79,217,0,0,170,99,0,0,0,20,0,0,104,0,0,0,0,0,259,10,64,289,0,0,0,139
0,0,0,79,220,0,0,170,99,0,0,0,21,0,0,106,0,0,0,0,0,261,10,64,291,0,0,0,140
0,0,0,79,223,0,0,170,99,0,0,0,22,0,0,108,0,0,0,0,0,263,10,64,293,0,0,0,141
0,0,0,79,226,0,0,170,99,0,0,0,23,0,0,110,0,0,0,0,0,265,10,64,295,0,0,0,142
0,0,0,79,229,0,0,170,99,0,0,0,24,0,0,112,0,0,0,0,0,267,10,64,297,0,0,0,143
0,0,0,79,232,0,0,170,99,0,0,0,25,0,0,114,0,0,0,0,0,269,10,64,299,0,0,0,144
0,0,1,79,233,0,0,170,100,0,0,0,26,0,0,115,0,0,0,0,0,272,10,64,302,0,0,0,145
0,0,2,79,234,0,0,170,101,0,0,0,27,0,0,116,0,0,0,0,0,275,10,64,305,0,0,0,146
0,0,3,79,235,0,0,170,102,0,0,0,28,0,0,117,0,0,0,0,0,278,10,64,308,0,0,0,147
0,0,4,79,236,0,0,170,103,0,0,0,29,0,0,118,0,0,0,0,0,281,10,64,311,0,0,0,148
0,0,5,79,237,0,0,170,104,0,0,0,30,0,0,119,0,0,0,0,0,284,10,64,314,0,0,0,149
0,0,5,79,237,0,0,170,104,0,0,0,30,0,0,119,0,0,0,0,0,284,10,64,314,0,0,0,149
