r2: 0.590693016983
mse: 0.0381296040313
SV: 
[[ 0.0970517   0.14918652  0.13745588  0.09330303  0.21436059]
 [ 0.20231761  0.02273913  0.00560242  0.02477077 -0.01262555]
 [ 0.53532703  0.69029338  0.14424708  0.42972005  0.279941  ]
 [ 0.12477166  0.29491694  0.06712875  0.26253411  0.13712636]
 [ 0.28922078  0.19685314  0.0653946   0.10826701  0.07707816]
 [ 0.69057382  0.43817112  0.27742204  0.32217903  0.01917059]
 [ 0.29266774  0.36529792  0.06265985  0.17545539  0.13180789]
 [ 1.06097921  0.68720928  0.98278488  0.38205793  0.3987458 ]
 [ 0.63419002  0.43468448  0.20339325  0.51367292  0.28645853]
 [ 0.40345559  0.39022755  0.24535692  0.28757383  0.46236682]
 [ 0.289344    0.4483258   0.08715634  0.46345245  0.44573727]
 [ 0.93246288  0.8971256   0.31553033  0.74441414  0.31388211]
 [ 0.22799246  0.58969196  0.16483885  0.53645507  0.25234096]
 [ 0.08732194  0.06507491 -0.14043169 -0.0032944   0.06973772]
 [ 0.46008762  0.32056663  0.2693047   0.22439394  0.35911609]
 [ 0.64926186  1.11444516  0.31724321  0.63030434  1.07525636]
 [ 0.34473355  0.46723646  0.04871128  0.48838706  0.52312474]
 [ 0.26557263  0.44447607  0.14855524  0.22417108  0.03846243]
 [ 0.12232209  0.29590733 -0.05392451  0.15897586  0.28913336]
 [-0.05886105  0.00971167 -0.04622425  0.08334712 -0.01678786]
 [-0.02127364  0.07867806  0.09972028  0.13301566  0.0559733 ]
 [ 0.2405751   0.27326157  0.09794516  0.18242025  0.16194521]
 [ 0.13174016  0.01442806 -0.03368774  0.00194017 -0.05002672]
 [ 0.49351853  0.62055763  0.17486839  0.51430154  0.30538088]
 [ 0.22091291  0.11311501  0.0274394   0.21981849  0.00809914]
 [ 0.30992811  0.24037337  0.06645161  0.18287047  0.09971513]
 [ 0.22559775  0.14126176  0.07371235  0.03845206  0.08797411]
 [ 0.38020451  0.44136192  0.77787957  0.38044138  0.31803107]
 [ 0.54657429  0.50565128  0.19112084  0.45831373  0.17866668]
 [ 0.48912468  0.32463102  0.28684826  0.27571385  0.45847974]
 [ 0.34047997  0.36427791  0.23972604  0.40646846  0.37213473]
 [ 0.88071879  0.86361645  0.38714066  0.72658183  0.43138265]
 [ 0.64074979  0.95787794  0.3032805   1.01175727  0.34188062]
 [ 0.52077853  0.60714415  0.20830288  0.28525508  0.2850205 ]
 [ 0.25248843  0.56238532  0.1650824   0.55211105  0.15009896]
 [ 0.37213359  0.29811893  0.1870272   0.20898233  0.38006435]
 [ 0.68343516  0.98497356  0.39145182  0.64225086  0.86111151]
 [ 0.28776835  0.42904333  0.02468375  0.29576345  0.13618657]
 [ 0.16284799  0.14227236  0.10424431  0.20366252  0.19714149]
 [ 0.10236744  0.1030189   0.0237149   0.01839149  0.04464173]
 [ 0.09932103 -0.02199302 -0.04497716 -0.04567256 -0.03654476]
 [ 0.1576284   0.28394326 -0.05216003  0.19970333  0.11180596]
 [ 0.10765598  0.09122417  0.08508013 -0.00184256  0.17182061]
 [ 0.17099023  0.03008885  0.00463439  0.00720595  0.06542839]
 [ 0.17451194  0.11205395  0.09173468  0.14667118  0.10030201]
 [ 0.74074119  0.39482647  0.24250522  0.30357884  0.04079105]
 [ 0.29703075  0.24348049  0.12176529  0.231551    0.10901639]
 [ 0.959342    0.70190183  1.05374902  0.44310421  0.37381201]
 [ 0.61723264  0.40754302  0.27428882  0.39854313  0.20466665]
 [ 0.28972732  0.44097339  0.17396073  0.47045238  0.38901561]
 [ 0.43496241  0.63266436  0.11794165  0.29439804  0.15627734]
 [ 0.90691241  0.97027903  0.25906893  0.92795603  0.49508323]
 [ 0.12876481  0.10017319  0.10875059  0.07503074  0.06130192]
 [ 0.70265448  0.99572274  0.19432361  0.69283311  0.89974545]
 [ 0.23083066  0.19630349  0.05977229  0.16338342  0.22680321]
 [ 0.1310015   0.05491801  0.01232568 -0.04390747 -0.06814643]
 [ 0.05739394  0.00666623 -0.01546692 -0.03231543 -0.00424813]
 [ 0.2147504   0.30390373  0.04830868  0.2112361   0.1839093 ]
 [ 0.11362624  0.18538529 -0.00257052 -0.01064016  0.10091806]]
dual_coef: 
[[-1000.          1000.         -1000.          1000.         -1000.         -1000.
   -464.36330231   352.48966983  1000.         -1000.           256.44114931
    693.96109032 -1000.         -1000.            72.67224347
    156.84370337  -363.4347347   1000.          1000.          1000.
   -130.49253742 -1000.          1000.          -229.06912631 -1000.         -1000.
   1000.           168.93337167  1000.         -1000.          1000.
   -656.28563506   576.35204564  1000.         -1000.          1000.
   -208.07649014  1000.           758.82924271  1000.         -1000.         -1000.
   -300.70353394  1000.         -1000.          -471.82310322 -1000.
   -337.60133646  1000.          1000.          1000.          -780.90072039
  -1000.            44.22759752  1000.          1000.          -137.99959391
  -1000.         -1000.        ]]
intercept: 
[ 0.30212298]
