predict: [ 0.22117525  0.19947214  0.62475367  0.30975671  0.25345795  0.31462892
  0.20584784  0.28781853  0.22525931  0.9505727   0.87158045  0.67669634
  0.74700795  0.78925231  0.70335595  0.66192729  0.70299262  0.78583237
  0.51635     0.61023213  0.23453644  0.49174014  0.91332395  0.6041837
  0.81190969  0.27973268  0.34133084  0.28026839  0.24471984  0.23849166
  0.26116437]
predict_1.1: [ 0.22940189  0.20245897  0.66286838  0.33670295  0.2693047   0.33539756
  0.2148071   0.30727221  0.23576866  0.97700406  0.93730802  0.72987181
  0.816736    0.86626669  0.66273307  0.62887396  0.72370331  0.80323344
  0.46418431  0.66125996  0.23685668  0.53616599  0.8414747   0.67120756
  0.89506594  0.27973268  0.36474695  0.30144456  0.24608059  0.2413237
  0.27864481]
predict_1.2: [ 0.23783723  0.20550304  0.70322595  0.3653495   0.28585852  0.35706749
  0.22424964  0.32771905  0.24652191  1.00102915  1.00419338  0.78463418
  0.88724189  0.94547784  0.61928551  0.59265307  0.74541614  0.8217305
  0.40385753  0.71517395  0.23925724  0.58170298  0.75815448  0.74162277
  0.98051498  0.27973268  0.3894819   0.32388622  0.24747169  0.24423278
  0.29728369]
predict_0.8: [ 0.20535656  0.19367075  0.55668989  0.26112919  0.2239255   0.27588666
  0.18939451  0.25197629  0.20498525  0.89166485  0.74435581  0.57634628
  0.61118495  0.64393776  0.77777315  0.72175632  0.66496571  0.75573506
  0.59923359  0.51818846  0.23013751  0.40662376  1.02362227  0.48188014
  0.65536047  0.27973268  0.29859968  0.24180449  0.24208957  0.23305947
  0.22976418]

true values: [ 0.63462109  0.35642601  0.63450218  0.43969882  0.05113687  0.2336543
  0.23962881  0.20104398  0.          0.91650208  1.          0.85766899
  0.6617303   0.99276774  0.61681411  0.97556683  0.72010374  0.91753731
  0.61662505  0.48673577  0.14619631  0.79308565  0.99833469  0.7116999
  0.7516807   0.42972151  0.70755719  0.57205149  0.6923624   0.13122858
  0.06118647]
